-0.00121021
-0.00014615
0.00108433
0.00109482
-0.00266457
0.00251389
-0.00154018
0.00083542
-0.00031853
-0.00214386
0.00523376
-0.00111771
-0.00225258
-0.00173950
-0.00028038
-0.00141621
0.00170135
-0.00101852
-0.00188732
0.00200272
0.00059700
-0.00023198
-0.00221252
0.00091934
0.00044751
-0.00013614
0.00202370
0.00123787
0.00266457
0.00877380
-0.00258446
0.00133991
0.00413895
0.00097036
-0.00049019
0.00870514
0.00153923
0.00365639
-0.00520706
0.00135517
-0.00166893
-0.00152779
0.00148010
0.00112534
0.00280190
-0.00304031
-0.00305748
-0.00079441
-0.00209045
0.00142765
-0.00209618
-0.00070238
0.00142860
-0.00036955
-0.00356483
-0.00093555
0.00250816
-0.00068283
-0.00314140
-0.00122261
0.00051403
-0.00212669
-0.00026274
-0.00068045
0.00041371
0.00192182
0.00128055
0.00201695
0.00050501
0.00115574
-0.00073211
0.00023442
-0.00100316
0.00176557
0.00316217
0.00146642
-0.00409578
-0.00108730
0.00169364
0.00101620
-0.00037881
0.00020063
0.00046145
0.00240803
0.00193195
-0.00207666
0.00095491
0.00269714
0.00061143
-0.00196607
0.00106363
0.00127915
0.00169927
-0.03287245
0.00155336
-0.00032208
0.00224428
0.00028519
0.00075362
0.00537901
-0.00078005
0.00362958
-0.00376167
0.00293084
0.00151244
-0.00034214
0.00187040
0.00400969
0.00388165
-0.00053714
-0.00253637
0.00000120
0.00189403
-0.00005903
0.00026492
-0.00116425
0.00204408
0.00296489
-0.00109839
0.00021926
0.00201171
-0.00236734
-0.00230022
0.00017936
0.00173157
-0.00326435
0.00025972
-0.00020678
0.00021994
0.00177680
0.00028174
0.00150282
0.00080071
0.00055700
0.00090458
0.00022834
-0.00149333
0.00219887
0.00141767
0.00115671
-0.00171690
-0.00082534
0.00146609
0.00094448
0.00020349
0.00052620
0.00050640
0.00129998
0.00129717
-0.00093248
0.00119593
0.00260115
0.00097619
-0.00175008
0.00080881
0.00109140
0.00206278
-0.03443454
0.00018606
0.00008293
0.00172174
-0.00010952
0.00045787
0.00319778
-0.00170204
0.00127147
-0.00148683
0.00126493
0.00098179
0.00033133
0.00130213
0.00355233
0.00277422
-0.00027107
-0.00124351
-0.00079156
0.00147056
-0.00055500
-0.00015369
-0.00100598
0.00018293
0.00110584
-0.00074638
0.00051487
0.00084627
-0.00106466
-0.00121789
0.00043039
0.00199724
-0.00237374
0.00051221
-0.00015756
0.00080009
0.00333304
0.00052360
0.00253121
0.00146558
0.00068202
0.00152548
-0.00088936
-0.00141103
0.00142153
0.00111597
0.00072623
-0.00366288
0.00033109
0.00142348
0.00160263
0.00031583
0.00111730
0.00046717
0.00126160
0.00268953
-0.00015066
0.00122466
0.00270798
0.00057181
-0.00122399
0.00079920
0.00131949
0.00226126
-0.02882531
0.00029816
0.00017366
0.00049908
0.00079519
-0.00044291
0.00207080
-0.00251457
0.00215478
-0.00118801
0.00055528
0.00101619
0.00061641
0.00194925
0.00191055
0.00141093
0.00018256
-0.00176945
-0.00048931
0.00050009
-0.00040324
0.00155975
-0.00057505
-0.00063394
0.00080861
0.00043681
-0.00027957
0.00041088
-0.00177775
-0.00075028
0.00049168
0.00046675
-0.00112199
-0.00057485
-0.00072274
-0.00035200
0.00364489
0.00048953
0.00213040
-0.00006608
0.00059007
0.00083654
-0.00095989
-0.00237809
0.00147097
0.00152250
0.00004936
-0.00415951
-0.00019776
0.00076550
0.00288099
0.00109305
-0.00003211
0.00036825
0.00047026
0.00187893
0.00075549
0.00120494
0.00215632
0.00161464
-0.00085174
0.00004892
0.00058054
0.00279603
-0.02342838
0.00068068
-0.00072262
0.00052324
0.00057042
-0.00054669
0.00171804
-0.00314172
0.00167993
-0.00204138
0.00049539
0.00026408
-0.00030979
0.00227271
0.00185823
0.00147585
0.00058244
-0.00119722
-0.00021721
0.00043934
-0.00029765
0.00102850
-0.00091876
-0.00006272
0.00059261
0.00137360
-0.00146127
0.00103778
-0.00115029
-0.00064349
0.00003580
0.00076396
-0.00082669
0.00021731
-0.00008077
0.00024045
0.00300552
0.00034125
0.00240314
-0.00032504
0.00078385
0.00062688
-0.00129946
-0.00225799
0.00132549
0.00168363
-0.00032854
-0.00334226
-0.00001435
0.00232013
0.00239309
0.00068001
0.00011834
0.00036394
0.00128793
0.00273654
0.00115403
0.00108250
0.00210607
0.00138402
-0.00094953
0.00047359
0.00029284
0.00271146
-0.02843052
0.00099332
-0.00088422
-0.00056363
0.00078552
-0.00088497
0.00196141
-0.00379473
0.00174071
-0.00157844
-0.00004635
0.00071332
-0.00059432
0.00258234
0.00143676
0.00130949
0.00044985
-0.00130003
-0.00038191
0.00030283
-0.00026534
0.00201707
-0.00087896
0.00074675
0.00083336
0.00176855
-0.00091914
0.00058473
-0.00149627
-0.00088437
-0.00049463
0.00079439
-0.00049329
-0.00043528
0.00044438
0.00001127
0.00328449
0.00151358
0.00148867
-0.00037815
0.00117530
0.00060324
0.00008432
-0.00186233
0.00191455
0.00168375
-0.00045826
0.00293588
-0.00031996
0.00159849
0.00262016
0.00050042
0.00127166
0.00004260
0.00177634
0.00165897
0.00107962
0.00096801
0.00126659
0.00023952
-0.00029091
0.00134247
-0.00055387
0.00283127
-0.04365543
-0.00026669
-0.00183502
0.00001855
-0.00001685
-0.00182530
-0.00095978
-0.00309542
0.00048357
-0.00088468
-0.00064844
0.00119786
-0.00056484
0.00121280
0.00092668
0.00069377
0.00047782
-0.00156871
-0.00064813
0.00030332
0.00041910
0.00173201
-0.00041061
0.00029580
0.00038792
0.00284411
-0.00209310
-0.00007844
0.00027228
-0.00074230
0.00092128
0.00110116
0.00151728
-0.00081161
0.00075940
0.00019674
0.00222414
0.00043735
0.00142222
-0.00114829
0.00101681
0.00018956
-0.00066724
-0.00167194
0.00131225
0.00147964
-0.00057085
-0.00085224
-0.00072876
0.00201436
0.00218162
0.00087069
-0.00030287
-0.00030233
0.00193413
0.00175075
0.00118192
0.00086653
0.00134914
0.00046442
-0.00060904
0.00043155
0.00008504
0.00294820
-0.03322334
-0.00060479
-0.00106800
0.00022657
0.00048866
-0.00108439
0.00125899
-0.00206982
0.00154747
-0.00137409
0.00002801
0.00076296
-0.00104562
0.00118669
0.00138278
0.00080535
-0.00065073
-0.00211554
-0.00079196
0.00061023
-0.00050229
0.00119988
-0.00068988
0.00138542
0.00021606
0.00140219
-0.00136842
-0.00030231
-0.00118088
-0.00113971
-0.00013623
0.00065885
-0.00015929
-0.00088734
0.00117799
0.00042678
0.00169991
0.00029687
0.00121167
-0.00120448
0.00012199
0.00061037
-0.00055458
-0.00135401
0.00135305
0.00125569
-0.00061126
-0.00047381
-0.00048100
0.00166955
0.00246468
0.00054822
0.00007464
0.00002914
0.00154502
0.00189000
0.00101552
0.00076254
0.00122364
0.00070952
-0.00032977
-0.00016851
0.00035612
0.00250327
-0.03615925
0.00010371
-0.00102478
-0.00028458
0.00042487
-0.00060376
0.00123091
-0.00201410
0.00168244
-0.00131256
-0.00032337
0.00058322
-0.00115526
0.00146498
0.00044984
0.00080033
-0.00038900
-0.00209954
-0.00078304
0.00121860
-0.00088140
0.00121869
-0.00106933
0.00110677
0.00090732
0.00154351
-0.00127302
0.00000618
-0.00172653
-0.00065673
-0.00038245
0.00070059
0.00006420
-0.00077350
0.00113915
0.00027715
0.00115661
-0.00004555
0.00108401
-0.00130675
-0.00027363
0.00062230
-0.00021698
-0.00123106
0.00126679
0.00085936
-0.00006083
-0.00204682
-0.00097080
0.00145985
0.00244955
0.00046285
-0.00030678
0.00025866
0.00125424
0.00216710
0.00098173
0.00118398
0.00146047
0.00102929
-0.00032836
0.00003649
-0.00000496
0.00263456
-0.03504860
0.00014207
-0.00095302
-0.00034843
0.00065324
-0.00030417
0.00196632
-0.00160764
0.00156259
-0.00106358
0.00009669
0.00032247
-0.00109514
0.00111163
0.00057443
0.00123900
-0.00039520
-0.00152323
-0.00062099
0.00108310
-0.00071014
0.00181634
-0.00141255
0.00072940
0.00100893
0.00157259
-0.00135003
-0.00021917
-0.00192252
-0.00015311
-0.00012417
0.00071107
-0.00021155
-0.00116286
0.00126400
0.00103048
0.00118878
-0.00038945
0.00114912
-0.00102624
-0.00012733
0.00055915
-0.00042892
-0.00156241
0.00148055
0.00064633
-0.00028803
-0.00132954
-0.00123584
0.00150234
0.00242562
0.00030673
-0.00025079
0.00065988
0.00160385
0.00159020
0.00127416
0.00125075
0.00118338
0.00107880
-0.00011653
-0.00011519
-0.00012703
0.00230764
-0.03307698
0.00031859
-0.00117014
-0.00052920
0.00027324
-0.00042740
0.00192079
-0.00162661
0.00213189
-0.00113188
-0.00016447
0.00031127
-0.00123933
0.00097855
0.00094410
0.00124883
0.00000319
-0.00132512
-0.00097606
0.00080152
-0.00039059
0.00144248
-0.00102807
0.00036439
0.00059418
0.00140003
-0.00064760
-0.00035391
-0.00165722
0.00045175
-0.00033342
0.00114370
0.00020303
-0.00113491
0.00132908
0.00096599
0.00093883
-0.00067678
0.00117140
-0.00091932
-0.00009204
0.00042816
-0.00050210
-0.00136702
0.00134715
0.00076489
-0.00036644
-0.00132522
-0.00158059
0.00145854
0.00242043
0.00054390
-0.00014432
0.00075594
0.00118415
0.00155647
0.00124182
0.00144464
0.00121629
0.00113239
-0.00019585
-0.00043122
-0.00016189
0.00250337
-0.03244367
0.00038683
-0.00113348
-0.00089556
0.00035803
-0.00057396
0.00170307
-0.00144391
0.00215728
-0.00093601
-0.00020433
0.00040114
-0.00073795
0.00112327
0.00131331
0.00128090
0.00031267
-0.00123822
-0.00122796
0.00080450
-0.00019427
0.00130640
-0.00122652
0.00023656
0.00077931
0.00139461
-0.00051296
-0.00027445
-0.00146475
0.00060231
-0.00005046
0.00155371
0.00013856
-0.00087332
0.00111436
0.00051523
0.00062462
-0.00045289
0.00116657
-0.00051545
-0.00007678
0.00036222
-0.00054407
-0.00100903
0.00102367
0.00075491
-0.00023370
-0.00128421
-0.00135694
0.00164240
0.00243115
0.00073382
-0.00005563
0.00096369
0.00071458
0.00146704
0.00080532
0.00164358
0.00108050
0.00125850
-0.00024738
-0.00032093
-0.00024637
0.00235546
-0.03342273
0.00040971
-0.00097604
-0.00112369
0.00002117
-0.00031269
0.00195209
-0.00140980
0.00216138
-0.00078911
-0.00042269
0.00022186
-0.00097137
0.00122955
0.00126020
0.00136667
0.00010744
-0.00162348
-0.00143820
0.00064760
-0.00031804
0.00109758
-0.00116535
0.00021372
0.00099736
0.00170038
-0.00062361
-0.00018119
-0.00150081
0.00047030
-0.00010006
0.00138365
0.00001717
-0.00058231
0.00090171
0.00071214
0.00031479
-0.00036128
0.00107243
-0.00075803
0.00039894
0.00032286
-0.00075835
-0.00085901
0.00092089
0.00053841
-0.00006609
-0.00094383
-0.00121562
0.00152626
0.00222981
0.00118463
-0.00005131
0.00107752
0.00041886
0.00147007
0.00058637
0.00158854
0.00129716
0.00108371
-0.00033581
-0.00023531
-0.00018553
0.00221271
-0.03474038
0.00047162
-0.00100991
-0.00102968
-0.00027381
-0.00017573
0.00188419
-0.00133270
0.00214186
-0.00085795
-0.00019466
0.00031318
-0.00116831
0.00159190
0.00111074
0.00141533
0.00022342
-0.00150076
-0.00155339
0.00073560
-0.00030569
0.00086958
-0.00105106
0.00040242
0.00109791
0.00191898
-0.00076496
-0.00006884
-0.00143307
0.00037694
-0.00025319
0.00153150
-0.00006839
-0.00029276
0.00089032
0.00105943
0.00032655
-0.00070645
0.00142396
-0.00106281
0.00017088
0.00025564
-0.00067794
-0.00125930
0.00086887
0.00033220
-0.00016524
-0.00128309
-0.00096402
0.00153821
0.00217244
0.00089247
-0.00039521
0.00087987
0.00037814
0.00166817
0.00091337
0.00173435
0.00143974
0.00113765
-0.00053324
-0.00028196
-0.00070033
0.00247557
-0.03599309
0.00050342
-0.00097925
-0.00088305
-0.00038094
0.00008568
0.00173136
-0.00162848
0.00187252
-0.00063090
-0.00010379
0.00046280
-0.00106447
0.00174271
0.00141539
0.00145817
-0.00000905
-0.00132047
-0.00157976
0.00093059
0.00007348
0.00102841
-0.00111768
0.00074592
0.00127210
0.00212483
-0.00076272
-0.00031726
-0.00191951
0.00061245
-0.00037872
0.00114686
0.00005753
-0.00007866
0.00098968
0.00090576
0.00011448
-0.00056025
0.00128060
-0.00099037
0.00055077
-0.00008567
-0.00059923
-0.00096532
0.00083779
0.00059971
-0.00016633
-0.00062839
-0.00104053
0.00141516
0.00174573
0.00109031
-0.00047235
0.00065589
0.00043310
0.00148780
0.00077397
0.00137975
0.00138482
0.00089774
-0.00035413
-0.00021170
-0.00055308
0.00213581
-0.03516726
0.00066023
-0.00081241
-0.00092020
-0.00023467
0.00020055
0.00182301
-0.00131593
0.00172765
-0.00045688
0.00018338
0.00044757
-0.00116636
0.00146045
0.00145316
0.00150533
0.00031453
-0.00152547
-0.00141727
0.00090234
0.00018559
0.00094003
-0.00118719
0.00118799
0.00138038
0.00198465
-0.00077915
-0.00007941
-0.00149809
0.00050981
-0.00023736
0.00132133
0.00019837
-0.00021521
0.00077572
0.00093105
-0.00005730
-0.00060467
0.00117712
-0.00114530
0.00065845
0.00003720
-0.00080124
-0.00108518
0.00082055
0.00075159
-0.00042334
-0.00095759
-0.00126817
0.00153221
0.00166119
0.00099293
-0.00067914
0.00097613
0.00059831
0.00169163
0.00060824
0.00170570
0.00133870
0.00128534
-0.00041962
-0.00040491
-0.00062440
0.00251120
-0.03420832
0.00068426
-0.00044302
-0.00125313
-0.00008342
0.00029724
0.00192466
-0.00146458
0.00140705
-0.00042462
0.00005937
0.00058745
-0.00132918
0.00143526
0.00158160
0.00147517
0.00022859
-0.00170352
-0.00139266
0.00099501
0.00014211
0.00108994
-0.00111591
0.00111796
0.00144961
0.00209878
-0.00086100
-0.00020019
-0.00146540
0.00058298
-0.00017013
0.00147049
0.00004717
-0.00009159
0.00081699
0.00147601
0.00009814
0.00006607
0.00150866
-0.00094306
0.00074103
-0.00015576
-0.00035866
-0.00117211
0.00144456
0.00174015
-0.00030197
0.00407688
-0.00190343
0.00121565
0.00091545
0.00011546
-0.00015733
0.00038089
0.00135167
0.00194765
0.00042828
0.00151802
0.00094658
0.00037143
-0.00058792
-0.00004079
-0.00079387
0.00232409
-0.04503912
-0.00051797
-0.00073044
-0.00074605
0.00051014
-0.00031676
-0.00051660
-0.00101205
0.00049583
0.00037461
-0.00051271
0.00048693
-0.00121750
0.00026583
0.00116125
0.00140867
0.00020069
-0.00192364
-0.00151803
0.00095914
0.00108932
0.00151341
-0.00101924
0.00106524
0.00080765
0.00198253
-0.00137285
-0.00022665
0.00026492
0.00062303
0.00127045
0.00156821
0.00133027
-0.00069243
0.00087504
0.00094036
0.00020872
-0.00049339
0.00115584
-0.00081233
0.00080641
-0.00015965
-0.00076036
-0.00090346
0.00115601
0.00085091
-0.00029830
-0.00036965
-0.00137279
0.00148901
0.00154368
0.00067597
-0.00035402
0.00088804
0.00059483
0.00191541
0.00042859
0.00145628
0.00140455
0.00086422
-0.00035843
-0.00017650
-0.00075635
0.00254016
-0.03776482
0.00051365
-0.00071926
-0.00101755
-0.00020135
0.00013266
0.00140948
-0.00143016
0.00102603
-0.00006327
-0.00022514
0.00050594
-0.00099940
0.00111873
0.00145183
0.00135386
0.00009204
-0.00155647
-0.00141348
0.00089652
0.00007439
0.00107613
-0.00107299
0.00090957
0.00131729
0.00173773
-0.00083223
-0.00039887
-0.00124161
0.00059176
0.00011262
0.00147722
0.00039925
-0.00014908
0.00083324
0.00085026
0.00018713
-0.00044083
0.00103589
-0.00076465
0.00074852
-0.00029482
-0.00087797
-0.00067805
0.00099280
0.00064720
-0.00040595
-0.00067658
-0.00148147
0.00168471
0.00151922
0.00070915
-0.00055294
0.00104131
0.00047427
0.00196978
0.00028534
0.00136942
0.00121863
0.00117300
-0.00032375
-0.00013664
-0.00067490
0.00268329
-0.03568026
0.00060365
-0.00066274
-0.00091177
-0.00006415
0.00046520
0.00130582
-0.00140909
0.00112806
0.00000797
-0.00014535
0.00030078
-0.00089078
0.00106926
0.00141338
0.00134830
-0.00006520
-0.00150657
-0.00149992
0.00095074
-0.00008503
0.00080316
-0.00096706
0.00079290
0.00145413
0.00182024
-0.00094057
-0.00000803
-0.00123675
0.00041325
-0.00020966
0.00132589
0.00016808
-0.00013923
0.00070906
0.00098755
0.00012404
-0.00059154
0.00111312
-0.00082124
0.00100050
-0.00005506
-0.00073722
-0.00089457
0.00105643
0.00047880
-0.00055039
-0.00057447
-0.00160738
0.00160948
0.00136316
0.00065375
-0.00060503
0.00102367
0.00067006
0.00200819
0.00049603
0.00145937
0.00109827
0.00122083
-0.00054270
-0.00036123
-0.00055373
0.00277566
-0.03527967
0.00076764
-0.00066132
-0.00104476
0.00001081
0.00052580
0.00137656
-0.00143790
0.00095572
0.00018221
-0.00032418
0.00004773
-0.00056181
0.00086501
0.00127958
0.00132540
0.00012227
-0.00144891
-0.00169957
0.00092639
-0.00031564
0.00098849
-0.00092273
0.00091325
0.00145580
0.00189815
-0.00087723
-0.00010643
-0.00119685
0.00072270
-0.00026202
0.00116359
0.00014711
0.00003179
0.00070339
0.00103392
0.00008003
-0.00069050
0.00151322
-0.00114079
0.00091577
0.00011631
-0.00074640
-0.00068128
0.00091392
0.00034513
-0.00058739
-0.00101707
-0.00138571
0.00155639
0.00135631
0.00093427
-0.00054167
0.00093031
0.00053412
0.00221148
0.00028660
0.00157976
0.00124054
0.00161251
-0.00061583
-0.00082847
-0.00046541
0.00246717
-0.03347310
0.00077000
-0.00061690
-0.00100271
0.00032748
0.00057456
0.00100069
-0.00132533
0.00078218
0.00002032
-0.00059098
0.00014425
-0.00064761
0.00056335
0.00107429
0.00147810
0.00019425
-0.00154840
-0.00170769
0.00070038
-0.00042790
0.00102322
-0.00071240
0.00093883
0.00169062
0.00196296
-0.00099766
-0.00028171
-0.00121465
0.00065246
-0.00022707
0.00112649
0.00008223
0.00006491
0.00079368
0.00108561
0.00033798
-0.00041182
0.00130189
-0.00110128
0.00113046
0.00010413
-0.00032443
-0.00071332
0.00125471
0.00037782
-0.00067490
0.00062229
-0.00170358
0.00140985
0.00127005
0.00062530
-0.00031574
0.00079644
0.00099847
0.00210741
0.00038662
0.00151920
0.00098062
0.00128272
-0.00048299
-0.00052508
-0.00069388
0.00266062
-0.03722329
0.00041138
-0.00088487
-0.00080313
0.00037044
0.00026955
0.00012065
-0.00117740
0.00026676
0.00038787
-0.00076289
0.00019007
-0.00040855
-0.00012619
0.00097172
0.00127893
0.00023170
-0.00149903
-0.00171585
0.00064413
-0.00025925
0.00121105
-0.00055373
0.00078161
0.00143620
0.00211039
-0.00128172
-0.00053973
-0.00059122
0.00079687
0.00026176
0.00114164
0.00068274
-0.00024311
0.00091060
0.00120686
0.00022353
-0.00040013
0.00135196
-0.00119534
0.00096208
0.00019166
-0.00042833
-0.00056574
0.00075645
0.00062052
-0.00050054
-0.00001160
-0.00145208
0.00129128
0.00125049
0.00095395
-0.00035510
0.00093487
0.00084991
0.00189688
0.00031400
0.00150210
0.00104330
0.00128565
-0.00048213
-0.00049185
-0.00068695
0.00249821
-0.03412009
0.00044013
-0.00070919
-0.00073543
0.00024486
0.00047316
0.00061655
-0.00110778
0.00053534
-0.00007775
-0.00077697
0.00021730
-0.00051058
0.00036179
0.00107802
0.00129359
0.00008933
-0.00153142
-0.00165063
0.00060369
-0.00017864
0.00113879
-0.00050629
0.00067573
0.00169639
0.00184877
-0.00114210
-0.00013574
-0.00088840
0.00045652
0.00009643
0.00098729
0.00033527
0.00008941
0.00070313
0.00117591
0.00008130
-0.00028930
0.00129323
-0.00102463
0.00092477
0.00031838
-0.00034895
-0.00045254
0.00066924
0.00047992
-0.00072025
-0.00013146
-0.00148440
0.00122913
0.00114040
0.00095026
-0.00043574
0.00115017
0.00043404
0.00180737
0.00015242
0.00144553
0.00090622
0.00131798
-0.00034491
-0.00081063
-0.00069678
0.00249284
-0.03471989
0.00035392
-0.00056133
-0.00081351
0.00020652
0.00039126
0.00031777
-0.00128217
0.00030239
0.00013782
-0.00102095
0.00021601
-0.00038474
0.00037526
0.00094981
0.00114038
0.00021853
-0.00130228
-0.00170026
0.00051990
-0.00009731
0.00121600
-0.00058008
0.00074511
0.00155650
0.00189518
-0.00128963
-0.00037368
-0.00082651
0.00067349
-0.00003083
0.00073671
0.00034331
0.00022329
0.00076210
0.00124150
0.00037363
-0.00011812
0.00112744
-0.00103977
0.00109982
0.00024137
-0.00001915
-0.00052311
0.00102583
0.00055828
-0.00063166
0.00131033
-0.00174333
0.00111178
0.00112443
0.00067600
-0.00019475
0.00092500
0.00101323
0.00175887
0.00030960
0.00142464
0.00078137
0.00097452
-0.00029684
-0.00036746
-0.00089729
0.00265462
-0.03793719
0.00007046
-0.00086913
-0.00058172
0.00024249
0.00017738
-0.00028894
-0.00104229
-0.00002545
0.00037567
-0.00101461
0.00026407
-0.00022323
-0.00022357
0.00095235
0.00104708
0.00017737
-0.00134912
-0.00167196
0.00053555
0.00001385
0.00134179
-0.00043198
0.00055092
0.00139881
0.00196496
-0.00144309
-0.00049231
-0.00033928
0.00070118
0.00048496
0.00087863
0.00085075
-0.00011993
0.00082753
0.00120515
0.00027152
-0.00024522
0.00130531
-0.00102081
0.00107934
0.00030492
0.00000872
-0.00055723
0.00069540
0.00081252
-0.00078766
0.00006880
-0.00149858
0.00112594
0.00120419
0.00089428
-0.00035124
0.00101343
0.00057238
0.00170167
0.00039563
0.00126181
0.00058435
0.00099994
-0.00046827
-0.00067450
-0.00083162
0.00232902
-0.03594918
0.00001046
-0.00082100
-0.00055023
0.00012432
0.00023906
-0.00011792
-0.00096702
0.00028855
0.00005978
-0.00099734
0.00019898
-0.00033043
0.00032184
0.00076339
0.00113444
-0.00010055
-0.00134491
-0.00190146
0.00066399
0.00002200
0.00119905
-0.00043017
0.00079506
0.00142234
0.00173331
-0.00149191
-0.00011473
-0.00064967
0.00031947
0.00018984
0.00060458
0.00042504
0.00016584
0.00076655
0.00129450
0.00031330
-0.00047806
0.00128687
-0.00102815
0.00093054
0.00027234
-0.00017817
-0.00063949
0.00050620
0.00077574
-0.00103157
-0.00022211
-0.00167766
0.00095880
0.00125107
0.00100996
-0.00037134
0.00092429
0.00040502
0.00153307
0.00034069
0.00120001
0.00055369
0.00115432
-0.00039600
-0.00070427
-0.00085620
0.00242060
-0.03467971
0.00012517
-0.00086236
-0.00072421
0.00005732
0.00033578
0.00041721
-0.00093102
0.00031646
-0.00010820
-0.00102767
0.00030028
-0.00041972
0.00045695
0.00061582
0.00115519
0.00002132
-0.00127011
-0.00187884
0.00048807
0.00004972
0.00121455
-0.00063118
0.00057886
0.00144636
0.00164557
-0.00128813
-0.00014424
-0.00074804
0.00051810
0.00010487
0.00052910
0.00015830
0.00025602
0.00069114
0.00143837
0.00058871
-0.00054028
0.00113724
-0.00107364
0.00102711
0.00014287
-0.00005717
-0.00082356
0.00075683
0.00080545
-0.00113973
0.00088433
-0.00205720
0.00079484
0.00129370
0.00081329
-0.00021147
0.00068052
0.00084863
0.00143265
0.00052501
0.00118836
0.00041976
0.00097503
-0.00031325
-0.00034127
-0.00110391
0.00265108
-0.03693753
0.00001466
-0.00119190
-0.00074306
0.00005558
0.00020461
0.00018849
-0.00073899
0.00003062
0.00006543
-0.00102571
0.00041297
-0.00037338
0.00000769
0.00054158
0.00108549
0.00011295
-0.00126304
-0.00185196
0.00041441
0.00018333
0.00138565
-0.00063494
0.00030544
0.00131938
0.00174352
-0.00128781
-0.00029580
-0.00036373
0.00074341
0.00051912
0.00067164
0.00051203
-0.00002496
0.00073092
0.00139456
0.00032241
-0.00030807
0.00113063
-0.00092215
0.00096965
0.00022068
-0.00005383
-0.00071146
0.00047024
0.00088303
-0.00102589
0.00048505
-0.00171111
0.00102918
0.00115073
0.00104376
-0.00023307
0.00094289
0.00050419
0.00157815
0.00045936
0.00117913
0.00043271
0.00079045
-0.00055553
-0.00047557
-0.00087621
0.00245967
-0.03561262
-0.00006667
-0.00092127
-0.00072683
0.00003584
0.00009019
0.00006352
-0.00087419
0.00044493
0.00004146
-0.00121502
0.00042239
-0.00064298
0.00038078
0.00055260
0.00109052
0.00002499
-0.00147989
-0.00164850
0.00056929
0.00023806
0.00110217
-0.00076886
0.00055380
0.00125526
0.00139584
-0.00114469
-0.00014711
-0.00068146
0.00057488
0.00048376
0.00054830
0.00039120
0.00023869
0.00066525
0.00134185
0.00031253
-0.00046882
0.00111814
-0.00080253
0.00079932
0.00022027
-0.00023583
-0.00081608
0.00053638
0.00089900
-0.00098171
0.00052254
-0.00145447
0.00086793
0.00108381
0.00113089
-0.00020794
0.00089461
0.00065668
0.00153029
0.00057654
0.00124751
0.00058797
0.00074631
-0.00076806
-0.00031630
-0.00080096
0.00248439
-0.03489482
0.00011797
-0.00089229
-0.00084411
0.00011147
0.00017412
0.00023261
-0.00089086
0.00031355
0.00001364
-0.00105088
0.00028869
-0.00077888
0.00023172
0.00060620
0.00117564
0.00000292
-0.00147786
-0.00159505
0.00064260
0.00036139
0.00104363
-0.00081619
0.00040173
0.00118150
0.00144653
-0.00117716
-0.00019321
-0.00070401
0.00055520
0.00037917
0.00058773
0.00035456
0.00011503
0.00058282
0.00139379
0.00044455
-0.00046068
0.00093382
-0.00078144
0.00086846
0.00011987
-0.00010526
-0.00089865
0.00078459
0.00091971
-0.00101048
0.00159839
-0.00162810
0.00071838
0.00101604
0.00097245
-0.00004532
0.00071509
0.00109415
0.00146482
0.00068591
0.00124771
0.00052732
0.00052263
-0.00078544
0.00004222
-0.00093340
0.00265828
-0.03704653
0.00005880
-0.00108536
-0.00083155
0.00014083
0.00009946
-0.00000449
-0.00070205
0.00000993
0.00020689
-0.00098178
0.00033457
-0.00077159
-0.00025529
0.00057781
0.00114638
0.00002230
-0.00153791
-0.00154088
0.00068151
0.00048796
0.00110634
-0.00080729
0.00021987
0.00108624
0.00153442
-0.00124358
-0.00034574
-0.00039315
0.00067664
0.00069599
0.00072011
0.00067043
-0.00016265
0.00059469
0.00139682
0.00037585
-0.00033484
0.00108388
-0.00082887
0.00087249
0.00018612
-0.00005867
-0.00084960
0.00067882
0.00085491
-0.00099790
0.00115891
-0.00166180
0.00079505
0.00108562
0.00109368
-0.00004284
0.00068246
0.00092871
0.00164258
0.00051795
0.00132424
0.00049109
0.00067843
-0.00066925
-0.00002174
-0.00096418
0.00251657
-0.03756899
0.00013253
-0.00108549
-0.00089091
0.00014300
0.00021068
0.00004951
-0.00088413
0.00009451
0.00012271
-0.00097355
0.00025329
-0.00076150
-0.00008498
0.00053382
0.00120563
0.00005648
-0.00145409
-0.00152414
0.00064080
0.00044316
0.00112198
-0.00077011
0.00018875
0.00116335
0.00152303
-0.00123212
-0.00030414
-0.00051953
0.00067968
0.00061005
0.00058127
0.00061144
-0.00008154
0.00054943
0.00124430
0.00042826
-0.00007382
0.00104843
-0.00076260
0.00082087
0.00026201
0.00007436
-0.00073518
0.00069320
0.00106885
-0.00095555
0.00180890
-0.00157916
0.00079360
0.00110174
0.00097805
0.00013649
0.00064025
0.00092075
0.00146158
0.00028089
0.00116732
0.00046473
0.00056740
-0.00057600
0.00000131
-0.00094984
0.00234803
-0.03821883
-0.00003637
-0.00102521
-0.00060043
0.00016962
0.00013269
0.00003223
-0.00092170
0.00035843
-0.00002779
-0.00110264
0.00041509
-0.00062656
0.00013010
0.00061550
0.00101806
0.00003561
-0.00161402
-0.00154299
0.00051590
0.00059518
0.00100313
-0.00055445
0.00026565
0.00118012
0.00160989
-0.00135007
-0.00021820
-0.00046980
0.00048294
0.00064634
0.00052164
0.00064947
-0.00009202
0.00054464
0.00121460
0.00041057
-0.00028742
0.00106145
-0.00065557
0.00065998
0.00025418
-0.00009007
-0.00078874
0.00060683
0.00105644
-0.00097987
0.00098124
-0.00165117
0.00063576
0.00121536
0.00105646
-0.00005485
0.00080986
0.00084076
0.00155890
0.00021837
0.00126871
0.00046900
0.00069958
-0.00064260
-0.00022888
-0.00098609
0.00236314
-0.03702147
0.00022958
-0.00088385
-0.00074164
0.00022427
0.00021311
0.00034629
-0.00099475
0.00038743
0.00016502
-0.00092717
0.00033633
-0.00065820
0.00025719
0.00046845
0.00104399
0.00008499
-0.00151917
-0.00149413
0.00041742
0.00051290
0.00093091
-0.00052020
0.00025518
0.00110833
0.00157150
-0.00120742
-0.00025910
-0.00043066
0.00054884
0.00047494
0.00044044
0.00052496
0.00001797
0.00059073
0.00112190
0.00033645
-0.00038482
0.00120129
-0.00059519
0.00062984
0.00019447
-0.00011589
-0.00104559
0.00053665
0.00094101
-0.00086431
0.00106456
-0.00157708
0.00062395
0.00127154
0.00108229
-0.00008625
0.00085740
0.00070642
0.00140473
0.00017934
0.00130063
0.00030958
0.00079843
-0.00078221
-0.00023533
-0.00098753
0.00233679
-0.03656216
0.00019929
-0.00088720
-0.00072049
0.00029055
0.00022724
0.00050516
-0.00085521
0.00058158
-0.00008168
-0.00073335
0.00029803
-0.00070831
0.00034648
0.00048476
0.00095354
0.00005774
-0.00145900
-0.00143294
0.00032734
0.00058596
0.00089658
-0.00046942
0.00017536
0.00103148
0.00152227
-0.00110754
-0.00016074
-0.00045317
0.00059995
0.00039292
0.00052069
0.00038405
0.00007369
0.00057522
0.00112776
0.00029158
-0.00052903
0.00123330
-0.00055082
0.00055223
0.00020485
-0.00012494
-0.00119131
0.00057069
0.00077639
-0.00090462
0.00093850
-0.00162812
0.00064150
0.00130173
0.00110401
-0.00013418
0.00087868
0.00071166
0.00160348
0.00027203
0.00148506
0.00029380
0.00093802
-0.00080677
-0.00018529
-0.00111438
0.00232044
-0.03684223
0.00024858
-0.00092944
-0.00086940
0.00029576
0.00036174
0.00042070
-0.00096624
0.00054330
0.00008627
-0.00072486
0.00021284
-0.00071369
0.00037479
0.00021619
0.00082349
0.00006793
-0.00148470
-0.00142039
0.00035402
0.00056259
0.00086084
-0.00050198
-0.00003608
0.00104055
0.00152568
-0.00112009
-0.00017584
-0.00038026
0.00065585
0.00024216
0.00049497
0.00037480
0.00011309
0.00055473
0.00111519
0.00035338
-0.00031945
0.00116387
-0.00053365
0.00057631
0.00011749
-0.00004803
-0.00117533
0.00068559
0.00078427
-0.00090728
0.00165936
-0.00155488
0.00069119
0.00125701
0.00093778
0.00004756
0.00079943
0.00082921
0.00159556
0.00028247
0.00143557
0.00038326
0.00080524
-0.00080862
0.00004392
-0.00116523
0.00226040
-0.03875475
0.00012187
-0.00097110
-0.00075497
0.00020403
0.00027742
0.00016006
-0.00096894
0.00032569
0.00018013
-0.00073477
0.00027951
-0.00073117
0.00028221
0.00023712
0.00085684
-0.00002029
-0.00148330
-0.00139664
0.00036839
0.00060294
0.00089407
-0.00050717
-0.00011725
0.00096444
0.00153412
-0.00116874
-0.00020241
-0.00022129
0.00057840
0.00035087
0.00051984
0.00060912
-0.00001793
0.00057586
0.00112937
0.00014281
-0.00032401
0.00124495
-0.00048544
0.00057149
0.00006187
-0.00010026
-0.00127077
0.00075402
0.00081795
-0.00084589
0.00105508
-0.00157027
0.00074647
0.00130587
0.00098402
0.00000590
0.00099298
0.00064126
0.00165749
0.00026790
0.00141367
0.00041742
0.00091007
-0.00080181
-0.00011081
-0.00110674
0.00219693
-0.03726448
0.00014030
-0.00091574
-0.00075549
0.00018840
0.00029125
0.00005203
-0.00096019
0.00029530
0.00027025
-0.00074697
0.00007966
-0.00079985
0.00040607
0.00028517
0.00088456
-0.00010218
-0.00141257
-0.00131812
0.00046086
0.00047166
0.00100513
-0.00046799
-0.00011160
0.00093879
0.00152601
-0.00115298
-0.00023067
-0.00038119
0.00050520
0.00024632
0.00053961
0.00044948
0.00004727
0.00053234
0.00123422
0.00035790
-0.00023256
0.00136808
-0.00041693
0.00048930
0.00012732
-0.00009945
-0.00133370
0.00085960
0.00070551
-0.00082186
0.00098042
-0.00161699
0.00061638
0.00128024
0.00089603
-0.00004853
0.00095191
0.00071826
0.00170722
0.00042824
0.00135509
0.00034307
0.00082433
-0.00076089
-0.00015431
-0.00121848
0.00233269
-0.03711721
0.00009461
-0.00091054
-0.00071084
0.00011815
0.00038545
0.00020834
-0.00090266
0.00023586
0.00028657
-0.00074954
0.00025828
-0.00079968
0.00038603
0.00026053
0.00085663
0.00004937
-0.00140464
-0.00119412
0.00056909
0.00048538
0.00108167
-0.00043348
-0.00020957
0.00094989
0.00154020
-0.00125381
-0.00029369
-0.00036268
0.00052294
0.00020266
0.00056126
0.00033778
-0.00001405
0.00043978
0.00132410
0.00042466
-0.00025801
0.00136913
-0.00031471
0.00045665
0.00015246
-0.00019178
-0.00145742
0.00090268
0.00052211
-0.00076968
0.00077735
-0.00160003
0.00060724
0.00129338
0.00084872
-0.00012255
0.00089042
0.00073081
0.00176234
0.00049476
0.00138381
0.00034630
0.00085872
-0.00075388
-0.00022076
-0.00130835
0.00232403
-0.03714204
0.00023632
-0.00083933
-0.00079510
0.00006428
0.00058512
0.00043495
-0.00100058
0.00011658
0.00033663
-0.00079039
0.00028126
-0.00073642
0.00041415
0.00016047
0.00084092
0.00016278
-0.00133600
-0.00110123
0.00058627
0.00042975
0.00117038
-0.00041989
-0.00033631
0.00104698
0.00151709
-0.00127397
-0.00035884
-0.00043619
0.00062838
0.00018427
0.00054695
0.00018738
0.00002562
0.00039308
0.00146555
0.00043058
-0.00013289
0.00136834
-0.00041325
0.00049228
0.00017860
-0.00014370
-0.00120280
0.00089277
0.00058707
-0.00082970
0.00089611
-0.00152872
0.00080495
0.00129157
0.00085757
-0.00010355
0.00083871
0.00067333
0.00172269
0.00044099
0.00139772
0.00027622
0.00077634
-0.00061353
-0.00014446
-0.00121717
0.00232233
-0.03728246
0.00025618
-0.00091984
-0.00071420
0.00007721
0.00050207
0.00060438
-0.00111703
0.00017217
0.00018816
-0.00082412
0.00035217
-0.00061973
0.00051402
0.00011306
0.00093938
0.00001640
-0.00136437
-0.00124674
0.00060973
0.00043461
0.00114155
-0.00033986
-0.00011408
0.00101572
0.00156901
-0.00145129
-0.00042597
-0.00052918
0.00057064
0.00019970
0.00057977
0.00030702
0.00010340
0.00044878
0.00199952
0.00065751
0.00010655
0.00175031
-0.00027085
0.00039061
0.00008925
-0.00009309
-0.00125670
0.00116592
0.00071258
-0.00072575
0.00294823
-0.00166747
0.00078479
0.00097620
0.00040833
0.00012561
0.00042703
0.00090608
0.00195239
0.00054055
0.00133887
0.00003587
0.00033351
-0.00076920
0.00015191
-0.00130419
0.00228496
-0.04196065
-0.00011961
-0.00122953
-0.00046477
0.00021455
0.00047968
0.00009768
-0.00095259
-0.00013671
0.00035328
-0.00105897
0.00032214
-0.00043476
0.00019964
-0.00034255
0.00104105
-0.00008709
-0.00136800
-0.00139485
0.00067215
0.00073289
0.00130908
-0.00029189
-0.00029065
0.00079436
0.00143293
-0.00170318
-0.00039820
-0.00002516
0.00063074
0.00060721
0.00060140
0.00068643
-0.00003214
0.00036484
0.00156609
0.00052071
0.00008167
0.00131827
-0.00033537
0.00054841
0.00012264
-0.00000037
-0.00112426
0.00097222
0.00070155
-0.00070678
0.00200414
-0.00155321
0.00070197
0.00120292
0.00069015
0.00017952
0.00072004
0.00087377
0.00173445
0.00031963
0.00130587
0.00034430
0.00050862
-0.00055347
0.00008709
-0.00122175
0.00225439
-0.03992392
0.00006788
-0.00099953
-0.00048164
0.00007550
0.00021246
0.00024489
-0.00108843
0.00012386
0.00023254
-0.00086143
0.00041104
-0.00057128
0.00041787
0.00006418
0.00092725
-0.00009418
-0.00136900
-0.00122271
0.00062590
0.00054212
0.00113856
-0.00031614
-0.00011969
0.00090848
0.00146707
-0.00148287
-0.00048262
-0.00031821
0.00050607
0.00043334
0.00058568
0.00053908
-0.00006104
0.00048036
0.00146179
0.00053406
-0.00007766
0.00130133
-0.00022027
0.00041749
0.00003089
-0.00009335
-0.00118102
0.00094353
0.00057861
-0.00078626
0.00118337
-0.00157352
0.00068259
0.00115774
0.00069588
0.00002084
0.00080216
0.00066357
0.00169190
0.00040174
0.00146424
0.00037621
0.00071079
-0.00060176
-0.00017496
-0.00125251
0.00225433
-0.03802054
0.00030361
-0.00084351
-0.00054815
0.00011870
0.00030412
0.00039335
-0.00109563
0.00008257
0.00034500
-0.00091505
0.00028155
-0.00066165
0.00036940
0.00011698
0.00089100
-0.00004890
-0.00139127
-0.00111812
0.00069696
0.00045646
0.00113891
-0.00035326
-0.00003464
0.00091464
0.00133323
-0.00130681
-0.00048942
-0.00064602
0.00065980
0.00035121
0.00049585
0.00033642
-0.00011721
0.00046909
0.00145536
0.00054027
-0.00016166
0.00114841
-0.00022907
0.00048998
0.00001169
-0.00012183
-0.00123629
0.00104889
0.00062360
-0.00071789
0.00097292
-0.00162174
0.00078102
0.00122705
0.00065707
-0.00004813
0.00076307
0.00069135
0.00167610
0.00039379
0.00141839
0.00039915
0.00078184
-0.00069760
-0.00015949
-0.00126256
0.00226707
-0.03720715
0.00030407
-0.00090962
-0.00042261
0.00010628
0.00035140
0.00029527
-0.00116335
0.00006444
0.00045603
-0.00091114
0.00028064
-0.00069518
0.00026266
0.00019373
0.00074563
-0.00023429
-0.00148187
-0.00119325
0.00078051
0.00047450
0.00130638
-0.00042828
-0.00011138
0.00085487
0.00134098
-0.00122986
-0.00048258
-0.00062024
0.00060020
0.00040129
0.00032255
0.00029587
-0.00013225
0.00046099
0.00148525
0.00058298
-0.00035138
0.00115940
-0.00026846
0.00050310
0.00006228
-0.00019372
-0.00142448
0.00085549
0.00050929
-0.00078595
0.00060844
-0.00157246
0.00071328
0.00129066
0.00072504
-0.00012549
0.00078801
0.00061436
0.00168529
0.00053803
0.00142885
0.00038286
0.00087282
-0.00077630
-0.00027799
-0.00140149
0.00228570
-0.03671614
0.00038430
-0.00090480
-0.00048968
0.00009823
0.00050635
0.00076572
-0.00123179
0.00015585
0.00042852
-0.00087682
0.00030501
-0.00064652
0.00035786
0.00006908
0.00082195
-0.00025902
-0.00135171
-0.00125466
0.00086265
0.00043460
0.00140141
-0.00041641
-0.00006357
0.00095118
0.00131256
-0.00140188
-0.00040235
-0.00064150
0.00055786
0.00042184
0.00031444
0.00018777
-0.00012270
0.00047628
0.00144720
0.00052700
-0.00036744
0.00116915
-0.00028410
0.00054435
0.00005558
-0.00020944
-0.00154621
0.00091160
0.00051128
-0.00078763
0.00056931
-0.00145485
0.00077005
0.00136276
0.00068751
-0.00008450
0.00081286
0.00062131
0.00167509
0.00056128
0.00141732
0.00044148
0.00086065
-0.00080472
-0.00026276
-0.00145320
0.00217751
-0.03706575
0.00036801
-0.00089869
-0.00040776
0.00007949
0.00050389
0.00081078
-0.00130832
0.00013745
0.00037072
-0.00087126
0.00033163
-0.00056010
0.00035975
0.00006448
0.00091697
-0.00019911
-0.00127396
-0.00128893
0.00086437
0.00040052
0.00136071
-0.00035879
-0.00010312
0.00091280
0.00121645
-0.00148171
-0.00044870
-0.00067182
0.00059467
0.00050207
0.00027264
0.00020644
-0.00016673
0.00042296
0.00141706
0.00036768
-0.00028589
0.00118232
-0.00031712
0.00063650
0.00012847
-0.00014928
-0.00141303
0.00089375
0.00056653
-0.00071049
0.00082462
-0.00143924
0.00059729
0.00144427
0.00080583
-0.00002390
0.00068033
0.00067140
0.00162707
0.00059140
0.00130968
0.00042621
0.00074480
-0.00088103
-0.00016678
-0.00148540
0.00213900
-0.03752150
0.00026168
-0.00094581
-0.00037776
0.00013476
0.00050424
0.00048858
-0.00119399
0.00019365
0.00028394
-0.00079405
0.00036027
-0.00057598
0.00027663
0.00012481
0.00102073
-0.00020713
-0.00130408
-0.00127070
0.00087408
0.00050675
0.00140232
-0.00038564
-0.00007394
0.00096311
0.00123441
-0.00148258
-0.00038060
-0.00064870
0.00051930
0.00049167
0.00031024
0.00024512
-0.00017129
0.00043202
0.00156810
0.00043992
-0.00036117
0.00116637
-0.00027203
0.00065994
0.00010579
-0.00011908
-0.00161308
0.00095564
0.00042827
-0.00073036
0.00126220
-0.00146988
0.00047191
0.00148308
0.00071847
0.00003804
0.00055701
0.00077166
0.00161530
0.00077368
0.00130161
0.00028913
0.00066042
-0.00100434
-0.00003797
-0.00172215
0.00216392
-0.03857123
0.00023021
-0.00110219
-0.00031397
0.00016357
0.00060553
0.00051758
-0.00112883
0.00003278
0.00034030
-0.00078496
0.00042621
-0.00049457
0.00006520
-0.00010708
0.00103027
-0.00028435
-0.00122260
-0.00127029
0.00099428
0.00057504
0.00156749
-0.00034050
-0.00026041
0.00091211
0.00113606
-0.00165502
-0.00041304
-0.00052595
0.00057837
0.00067792
0.00028923
0.00030797
-0.00028442
0.00039549
0.00137599
0.00036215
-0.00019951
0.00125370
-0.00035254
0.00066046
0.00016189
-0.00003102
-0.00135213
0.00089505
0.00061554
-0.00066890
0.00102203
-0.00137092
0.00064757
0.00148883
0.00075460
0.00001448
0.00068297
0.00070295
0.00163386
0.00069090
0.00119140
0.00043558
0.00068119
-0.00091412
-0.00013629
-0.00152901
0.00210934
-0.03791767
0.00020280
-0.00085732
-0.00032073
0.00017287
0.00042953
0.00019857
-0.00121866
0.00021961
0.00029552
-0.00080760
0.00042660
-0.00051717
0.00033726
0.00022505
0.00088769
-0.00014794
-0.00134411
-0.00127846
0.00092447
0.00042533
0.00129274
-0.00033310
0.00002279
0.00109047
0.00128975
-0.00148656
-0.00038666
-0.00063593
0.00041560
0.00053633
0.00037998
0.00026712
-0.00017874
0.00050049
0.00154787
0.00045117
-0.00029012
0.00126872
-0.00029143
0.00066878
0.00015466
0.00000722
-0.00157757
0.00094714
0.00044196
-0.00068929
0.00143206
-0.00140081
0.00053091
0.00153336
0.00065540
0.00006005
0.00058345
0.00079782
0.00160297
0.00090658
0.00118275
0.00027429
0.00061175
-0.00104326
-0.00003365
-0.00176874
0.00214191
-0.03872448
0.00019899
-0.00098582
-0.00027002
0.00018615
0.00054283
0.00028050
-0.00115559
0.00010218
0.00035224
-0.00079560
0.00050607
-0.00042766
0.00017245
-0.00000332
0.00085748
-0.00018633
-0.00127006
-0.00128091
0.00104082
0.00046764
0.00142554
-0.00026568
-0.00015756
0.00106297
0.00121662
-0.00162533
-0.00042534
-0.00052728
0.00049334
0.00069232
0.00038249
0.00029597
-0.00026256
0.00046974
0.00149775
0.00039211
-0.00019881
0.00131155
-0.00033670
0.00066922
0.00016630
0.00002056
-0.00149142
0.00091230
0.00047057
-0.00068730
0.00115483
-0.00144306
0.00058519
0.00153652
0.00075994
0.00005449
0.00056964
0.00074607
0.00171273
0.00075836
0.00125020
0.00030908
0.00069308
-0.00093882
-0.00002992
-0.00171761
0.00209411
-0.03892449
0.00026474
-0.00097436
-0.00035679
0.00019349
0.00056427
0.00026456
-0.00125907
0.00012896
0.00031942
-0.00076678
0.00041574
-0.00048628
0.00023822
0.00006836
0.00091033
-0.00014140
-0.00125612
-0.00123942
0.00098332
0.00046614
0.00139427
-0.00028537
-0.00015320
0.00108675
0.00125823
-0.00156545
-0.00042385
-0.00060813
0.00051134
0.00062864
0.00032205
0.00030194
-0.00023578
0.00044610
0.00132482
0.00038916
0.00003700
0.00127805
-0.00037487
0.00064675
0.00009216
0.00021280
-0.00126173
0.00092989
0.00064837
-0.00072938
0.00138439
-0.00139953
0.00061200
0.00146934
0.00081607
0.00017790
0.00065125
0.00079814
0.00156100
0.00071415
0.00112032
0.00041293
0.00056755
-0.00077644
0.00014344
-0.00156157
0.00207164
-0.03937620
0.00013346
-0.00093731
-0.00032421
0.00014184
0.00034579
0.00003943
-0.00132850
0.00025127
0.00019593
-0.00077240
0.00050155
-0.00055317
0.00016138
0.00023888
0.00088561
-0.00014429
-0.00133247
-0.00117149
0.00096788
0.00051178
0.00122321
-0.00030313
-0.00010421
0.00110684
0.00128703
-0.00159306
-0.00045015
-0.00058255
0.00050077
0.00056815
0.00048417
0.00027131
-0.00029884
0.00043175
0.00135476
0.00031012
-0.00001439
0.00135557
-0.00033888
0.00067484
0.00006293
0.00015624
-0.00134811
0.00087177
0.00066124
-0.00073459
0.00148603
-0.00146880
0.00057492
0.00143966
0.00092043
0.00019503
0.00060527
0.00072428
0.00156398
0.00073457
0.00099085
0.00040479
0.00056091
-0.00083425
0.00003630
-0.00152575
0.00218799
-0.03863836
0.00017973
-0.00091948
-0.00031902
0.00010356
0.00024796
0.00016138
-0.00132982
0.00023837
0.00016876
-0.00079353
0.00053882
-0.00054626
0.00023355
0.00022038
0.00089254
-0.00013005
-0.00132971
-0.00119276
0.00094568
0.00049526
0.00118343
-0.00037467
0.00001508
0.00103908
0.00122269
-0.00158758
-0.00035476
-0.00053408
0.00047417
0.00055008
0.00049072
0.00020866
-0.00023685
0.00043294
0.00141530
0.00023359
-0.00008451
0.00134502
-0.00031321
0.00055359
0.00010059
0.00017596
-0.00132201
0.00084182
0.00057170
-0.00077955
0.00138086
-0.00142686
0.00056700
0.00146096
0.00095732
0.00012646
0.00060084
0.00066103
0.00154026
0.00079584
0.00095534
0.00042814
0.00058276
-0.00076392
-0.00004984
-0.00148117
0.00216365
-0.03864513
0.00023282
-0.00086617
-0.00035955
0.00004747
0.00030767
0.00006596
-0.00138799
0.00016198
0.00027457
-0.00087451
0.00058117
-0.00056925
0.00026461
0.00017294
0.00085820
0.00000102
-0.00116131
-0.00111000
0.00105107
0.00050766
0.00116435
-0.00038998
-0.00002659
0.00114190
0.00122686
-0.00163497
-0.00038831
-0.00063828
0.00059883
0.00048209
0.00046028
0.00006964
-0.00023041
0.00046390
0.00137061
0.00025085
-0.00011353
0.00129286
-0.00025992
0.00050372
0.00008920
0.00015433
-0.00125163
0.00079012
0.00054099
-0.00079303
0.00115343
-0.00139875
0.00055536
0.00153395
0.00092856
0.00011408
0.00059689
0.00069309
0.00152683
0.00080278
0.00101482
0.00045725
0.00069124
-0.00079423
-0.00000781
-0.00151504
0.00223468
-0.03803693
0.00021856
-0.00084839
-0.00034097
0.00019908
0.00034863
-0.00007871
-0.00130994
0.00009934
0.00028547
-0.00081100
0.00063802
-0.00058141
0.00027670
0.00012797
0.00091791
0.00009424
-0.00117667
-0.00107878
0.00095225
0.00055262
0.00112721
-0.00038394
-0.00005584
0.00109200
0.00118898
-0.00157838
-0.00037288
-0.00065523
0.00057575
0.00050805
0.00043892
0.00001101
-0.00027310
0.00043638
0.00142972
0.00026451
-0.00019400
0.00129973
-0.00016483
0.00036456
0.00008879
0.00012346
-0.00144366
0.00081330
0.00040677
-0.00080543
0.00088247
-0.00135013
0.00053073
0.00154135
0.00088407
-0.00000113
0.00058875
0.00063484
0.00159307
0.00097833
0.00106590
0.00048701
0.00078767
-0.00083752
-0.00002462
-0.00166773
0.00219782
-0.03790045
0.00029317
-0.00082197
-0.00035385
0.00022330
0.00047182
0.00003040
-0.00144859
0.00009483
0.00029341
-0.00069337
0.00060771
-0.00054356
0.00030692
0.00013534
0.00084370
0.00013994
-0.00108648
-0.00104052
0.00101676
0.00056115
0.00117298
-0.00036220
-0.00001202
0.00105156
0.00109794
-0.00161884
-0.00045238
-0.00077014
0.00065056
0.00036474
0.00041202
-0.00003030
-0.00020352
0.00045588
0.00139604
0.00031473
-0.00005063
0.00124616
-0.00017557
0.00041842
0.00002976
0.00017618
-0.00143562
0.00087907
0.00043821
-0.00081221
0.00148694
-0.00129977
0.00059298
0.00148606
0.00077694
0.00014177
0.00052659
0.00073697
0.00159690
0.00095155
0.00105067
0.00053736
0.00068179
-0.00083778
0.00015451
-0.00168382
0.00215300
-0.03945862
0.00016829
-0.00088026
-0.00028269
0.00014565
0.00039058
-0.00014216
-0.00142819
-0.00004279
0.00034488
-0.00072095
0.00062885
-0.00055170
0.00023490
0.00013065
0.00087079
0.00006966
-0.00110650
-0.00106632
0.00097799
0.00060111
0.00117678
-0.00036333
-0.00007120
0.00098516
0.00112562
-0.00166202
-0.00045367
-0.00060959
0.00058085
0.00045771
0.00042131
0.00018551
-0.00029105
0.00047252
0.00132068
0.00028248
0.00003525
0.00111712
-0.00022736
0.00042959
0.00000064
0.00024159
-0.00129384
0.00092952
0.00054185
-0.00077383
0.00177670
-0.00133597
0.00061244
0.00144978
0.00075511
0.00021022
0.00050601
0.00077369
0.00156014
0.00096040
0.00096232
0.00059797
0.00056831
-0.00080145
0.00026734
-0.00165671
0.00211134
-0.03996582
0.00009333
-0.00085022
-0.00025555
0.00009959
0.00033435
-0.00010938
-0.00137902
-0.00006253
0.00034996
-0.00072528
0.00059867
-0.00048138
0.00016663
0.00020071
0.00086646
0.00005645
-0.00114291
-0.00109369
0.00099497
0.00058513
0.00114122
-0.00039752
-0.00003820
0.00100343
0.00108019
-0.00170631
-0.00042020
-0.00052738
0.00053711
0.00052701
0.00040579
0.00024930
-0.00031483
0.00051609
0.00128041
0.00022390
-0.00008303
0.00115871
-0.00019995
0.00032136
-0.00001015
0.00014258
-0.00132999
0.00085962
0.00040404
-0.00079763
0.00108737
-0.00133390
0.00065722
0.00149735
0.00074179
0.00016882
0.00057018
0.00060006
0.00156569
0.00102184
0.00093805
0.00066073
0.00068797
-0.00085128
0.00014822
-0.00164830
0.00208223
-0.03874735
0.00021211
-0.00076384
-0.00033942
0.00011578
0.00041812
-0.00001342
-0.00139239
-0.00010283
0.00038835
-0.00067884
0.00059760
-0.00047543
0.00014611
0.00027035
0.00080891
0.00009938
-0.00102106
-0.00102729
0.00101467
0.00051748
0.00117156
-0.00047637
-0.00004093
0.00109699
0.00107839
-0.00165772
-0.00042403
-0.00062749
0.00056310
0.00044814
0.00036189
0.00017806
-0.00024795
0.00052650
0.00115158
0.00018996
-0.00012978
0.00120752
-0.00019813
0.00030774
-0.00003556
0.00011306
-0.00127833
0.00079606
0.00036514
-0.00077047
0.00098056
-0.00137524
0.00070651
0.00142876
0.00080895
0.00017930
0.00062926
0.00050384
0.00158444
0.00097284
0.00093370
0.00070383
0.00069456
-0.00074635
0.00007131
-0.00154422
0.00210375
-0.03823246
0.00028064
-0.00076949
-0.00038654
0.00010006
0.00036299
0.00010555
-0.00135943
-0.00002119
0.00038502
-0.00068818
0.00055449
-0.00043088
0.00023966
0.00032240
0.00076414
0.00007891
-0.00098162
-0.00100836
0.00105253
0.00049622
0.00111653
-0.00058088
-0.00005066
0.00105933
0.00114227
-0.00155059
-0.00046474
-0.00066632
0.00058355
0.00045234
0.00041082
0.00026187
-0.00023029
0.00052641
0.00115049
0.00011967
-0.00018324
0.00119101
-0.00022262
0.00025448
-0.00004503
-0.00004378
-0.00124105
0.00073173
0.00035161
-0.00075488
0.00062359
-0.00135101
0.00068481
0.00145047
0.00081848
0.00005773
0.00056673
0.00040296
0.00159514
0.00109960
0.00091035
0.00075353
0.00083508
-0.00077108
-0.00014883
-0.00153448
0.00215873
-0.03700805
0.00039021
-0.00078525
-0.00046579
0.00015588
0.00039703
0.00013022
-0.00132220
0.00000764
0.00041404
-0.00064616
0.00051592
-0.00047573
0.00031838
0.00022198
0.00071225
0.00011438
-0.00098558
-0.00094479
0.00107456
0.00055055
0.00116696
-0.00063483
-0.00007165
0.00121205
0.00116929
-0.00146754
-0.00053370
-0.00074778
0.00063482
0.00034547
0.00043402
0.00015588
-0.00023630
0.00059767
0.00112306
0.00003996
-0.00024781
0.00123559
-0.00019688
0.00027733
-0.00001315
-0.00004851
-0.00130733
0.00071018
0.00037470
-0.00076222
0.00029926
-0.00133452
0.00069764
0.00147563
0.00073327
-0.00002916
0.00058451
0.00032537
0.00153194
0.00121808
0.00085550
0.00074579
0.00092572
-0.00084172
-0.00019018
-0.00166218
0.00209534
-0.03710224
0.00049328
-0.00086876
-0.00052104
0.00007820
0.00050518
0.00013104
-0.00142635
-0.00002721
0.00037044
-0.00062079
0.00044541
-0.00049206
0.00030663
0.00012330
0.00068727
0.00016525
-0.00093188
-0.00087449
0.00112205
0.00063506
0.00114766
-0.00058023
-0.00020871
0.00122226
0.00121964
-0.00146431
-0.00064838
-0.00080138
0.00068333
0.00032524
0.00050473
0.00003993
-0.00014086
0.00057554
0.00109820
0.00012022
-0.00002272
0.00121801
-0.00025254
0.00038043
-0.00004186
0.00010640
-0.00116357
0.00073563
0.00052063
-0.00073456
0.00052336
-0.00139560
0.00065713
0.00141032
0.00076839
0.00006133
0.00054738
0.00046271
0.00148234
0.00110421
0.00085396
0.00069653
0.00074803
-0.00079636
-0.00003810
-0.00155007
0.00210948
-0.03801628
0.00036687
-0.00085574
-0.00045443
-0.00003115
0.00036137
-0.00000418
-0.00130731
-0.00001481
0.00033170
-0.00063963
0.00038169
-0.00055136
0.00033186
0.00023691
0.00075847
0.00009572
-0.00102088
-0.00092712
0.00109261
0.00070294
0.00110237
-0.00056633
-0.00013999
0.00114234
0.00125219
-0.00146187
-0.00062730
-0.00065102
0.00065401
0.00043342
0.00050533
0.00023907
-0.00028309
0.00065120
0.00114681
0.00014737
-0.00010649
0.00124772
-0.00029044
0.00044120
-0.00007477
-0.00000038
-0.00117374
0.00074417
0.00053360
-0.00076900
0.00054811
-0.00139426
0.00062750
0.00144716
0.00070594
0.00003398
0.00064086
0.00048543
0.00150416
0.00115687
0.00091523
0.00067203
0.00076908
-0.00081266
-0.00013035
-0.00152222
0.00212740
-0.03734521
0.00040440
-0.00082850
-0.00046328
0.00002432
0.00041397
-0.00002379
-0.00130648
0.00001953
0.00033521
-0.00057790
0.00042622
-0.00057412
0.00039135
0.00027104
0.00074789
0.00012864
-0.00095287
-0.00090042
0.00109026
0.00068107
0.00111998
-0.00054094
-0.00017581
0.00112067
0.00125271
-0.00138020
-0.00063162
-0.00073004
0.00059911
0.00039177
0.00047735
0.00017297
-0.00025293
0.00066011
0.00116082
0.00008816
-0.00015128
0.00129285
-0.00024155
0.00034217
-0.00002552
-0.00008915
-0.00124764
0.00065301
0.00048014
-0.00070227
0.00014456
-0.00142676
0.00064825
0.00148908
0.00077558
-0.00011424
0.00072861
0.00040146
0.00157873
0.00117033
0.00087278
0.00063711
0.00087047
-0.00080730
-0.00029719
-0.00147842
0.00206299
-0.03662633
0.00046916
-0.00080408
-0.00049066
0.00005803
0.00043610
0.00001934
-0.00129798
0.00003683
0.00032513
-0.00060018
0.00039739
-0.00064159
0.00047035
0.00020349
0.00080501
0.00020249
-0.00088231
-0.00088965
0.00109427
0.00063681
0.00116291
-0.00056536
-0.00025435
0.00110064
0.00129473
-0.00144783
-0.00065080
-0.00085381
0.00066527
0.00037001
0.00046634
0.00010963
-0.00019162
0.00063430
0.00113720
0.00019769
-0.00012680
0.00126661
-0.00021279
0.00034276
0.00007888
-0.00009030
-0.00126843
0.00067105
0.00049115
-0.00068048
0.00006125
-0.00143006
0.00068454
0.00150948
0.00072858
-0.00011528
0.00061610
0.00055095
0.00158225
0.00110249
0.00092686
0.00053689
0.00090082
-0.00079140
-0.00032672
-0.00146970
0.00213508
-0.03683607
0.00041363
-0.00078383
-0.00040687
0.00012656
0.00041247
0.00019046
-0.00132054
0.00002816
0.00027363
-0.00057275
0.00043663
-0.00065639
0.00040917
0.00023218
0.00081674
0.00017148
-0.00097386
-0.00092252
0.00093993
0.00061185
0.00116512
-0.00055718
-0.00023835
0.00112798
0.00138245
-0.00149923
-0.00055973
-0.00084117
0.00065168
0.00037296
0.00044390
0.00016210
-0.00022177
0.00066890
0.00114536
0.00022726
-0.00010786
0.00124733
-0.00019789
0.00033065
0.00003094
-0.00011495
-0.00133607
0.00072541
0.00042494
-0.00070088
0.00016750
-0.00137437
0.00069784
0.00152447
0.00064944
-0.00008959
0.00059512
0.00055934
0.00160073
0.00119760
0.00093922
0.00058917
0.00090962
-0.00085999
-0.00025814
-0.00155463
0.00210902
-0.03732968
0.00042256
-0.00079847
-0.00039776
0.00011100
0.00045259
0.00012974
-0.00137791
-0.00009910
0.00033061
-0.00055162
0.00044754
-0.00065068
0.00038278
0.00021782
0.00083564
0.00014275
-0.00092075
-0.00089916
0.00096788
0.00061588
0.00120881
-0.00056319
-0.00032598
0.00109360
0.00135438
-0.00152602
-0.00056979
-0.00081129
0.00066634
0.00038856
0.00043730
0.00020648
-0.00027293
0.00067656
0.00099602
0.00022941
-0.00008789
0.00127534
-0.00019720
0.00026241
0.00005558
-0.00013628
-0.00131692
0.00055422
0.00050660
-0.00069523
0.00003370
-0.00137336
0.00064815
0.00149999
0.00072341
-0.00021451
0.00067415
0.00049951
0.00157642
0.00118942
0.00098062
0.00057895
0.00087122
-0.00094596
-0.00026267
-0.00142666
0.00213542
-0.03638730
0.00044115
-0.00080410
-0.00037032
0.00016002
0.00043112
0.00016176
-0.00132259
-0.00006707
0.00031323
-0.00062896
0.00038028
-0.00074022
0.00041671
0.00018069
0.00086372
0.00018728
-0.00094170
-0.00089852
0.00088687
0.00058501
0.00115619
-0.00052683
-0.00034537
0.00114834
0.00139768
-0.00138270
-0.00061312
-0.00088233
0.00060028
0.00035437
0.00042200
0.00010434
-0.00020086
0.00064494
0.00110251
0.00025237
-0.00012655
0.00127298
-0.00017117
0.00028837
0.00004896
-0.00015354
-0.00135801
0.00060683
0.00048829
-0.00071938
0.00021489
-0.00141588
0.00066731
0.00150077
0.00069036
-0.00018716
0.00072455
0.00057941
0.00148912
0.00121305
0.00099907
0.00054462
0.00086307
-0.00089668
-0.00025836
-0.00142682
0.00209119
-0.03628286
0.00043968
-0.00085480
-0.00038795
0.00009904
0.00038470
0.00015067
-0.00131482
0.00004224
0.00028847
-0.00066696
0.00037727
-0.00076834
0.00038827
0.00024382
0.00086733
0.00022784
-0.00093379
-0.00096089
0.00083853
0.00062371
0.00110249
-0.00047539
-0.00038529
0.00107162
0.00137689
-0.00127355
-0.00062891
-0.00082944
0.00067455
0.00033072
0.00049630
0.00019122
-0.00021812
0.00066570
0.00102040
0.00025093
-0.00003953
0.00130293
-0.00018917
0.00033382
-0.00002482
-0.00011223
-0.00140508
0.00060995
0.00048684
-0.00069193
0.00041637
-0.00148532
0.00062335
0.00146906
0.00066295
-0.00014321
0.00073908
0.00065550
0.00141346
0.00119683
0.00096979
0.00055967
0.00079727
-0.00083430
-0.00022146
-0.00142576
0.00210938
-0.03662696
0.00035924
-0.00088292
-0.00035920
0.00009138
0.00032323
0.00018488
-0.00130062
0.00003548
0.00029525
-0.00066616
0.00032092
-0.00079062
0.00035295
0.00021089
0.00089722
0.00023731
-0.00097600
-0.00099572
0.00075618
0.00056783
0.00106518
-0.00040708
-0.00031673
0.00108689
0.00133306
-0.00125666
-0.00061353
-0.00079671
0.00066430
0.00039039
0.00054815
0.00027999
-0.00025090
0.00063805
0.00103854
0.00025801
-0.00016059
0.00139728
-0.00016332
0.00017859
-0.00005407
-0.00025017
-0.00156408
0.00054849
0.00037439
-0.00066526
-0.00011672
-0.00149645
0.00058820
0.00155682
0.00058761
-0.00023552
0.00077648
0.00055043
0.00136149
0.00140529
0.00099595
0.00058379
0.00096842
-0.00095592
-0.00029081
-0.00153234
0.00211264
-0.03570576
0.00055300
-0.00084604
-0.00037464
0.00013876
0.00045097
0.00037358
-0.00142493
-0.00004983
0.00029094
-0.00057488
0.00032469
-0.00084713
0.00040629
0.00019235
0.00092192
0.00031148
-0.00087415
-0.00092578
0.00078996
0.00049331
0.00107439
-0.00038805
-0.00040846
0.00110429
0.00128964
-0.00120342
-0.00063914
-0.00097317
0.00080653
0.00028400
0.00056625
0.00014452
-0.00024472
0.00059161
0.00096413
0.00025276
-0.00014795
0.00130968
-0.00021733
0.00024584
-0.00006633
-0.00017685
-0.00147954
0.00053011
0.00049110
-0.00062179
0.00006735
-0.00151935
0.00061859
0.00160138
0.00063227
-0.00021667
0.00066485
0.00063009
0.00139756
0.00122782
0.00104200
0.00055937
0.00093000
-0.00088505
-0.00029012
-0.00147074
0.00207502
-0.03600206
0.00044758
-0.00078866
-0.00042251
0.00016867
0.00036999
0.00032560
-0.00136090
0.00002173
0.00026399
-0.00061709
0.00033617
-0.00079725
0.00035585
0.00022112
0.00097198
0.00029858
-0.00095374
-0.00103624
0.00074006
0.00042503
0.00102189
-0.00039316
-0.00031156
0.00107140
0.00135789
-0.00119798
-0.00058114
-0.00093243
0.00070694
0.00035192
0.00053125
0.00019399
-0.00022923
0.00062109
0.00098802
0.00032996
-0.00003114
0.00153573
-0.00005451
0.00006107
-0.00032148
-0.00022784
-0.00175694
0.00056114
0.00069226
-0.00039327
0.00103245
-0.00158927
0.00046075
0.00167061
0.00019221
-0.00018678
0.00030415
0.00084168
0.00134945
0.00159440
0.00102902
0.00050231
0.00075186
-0.00124832
-0.00019023
-0.00167557
0.00188531
-0.03820681
0.00022078
-0.00082732
-0.00026017
0.00045574
0.00029681
-0.00004802
-0.00143929
-0.00008675
0.00034861
-0.00064303
0.00019459
-0.00080060
0.00011892
-0.00001134
0.00120044
0.00033768
-0.00091237
-0.00118924
0.00067413
0.00050522
0.00097644
-0.00025709
-0.00043656
0.00085567
0.00117394
-0.00111223
-0.00049967
-0.00077095
0.00076064
0.00063857
0.00060469
0.00034162
-0.00043738
0.00065601
0.00099800
0.00030959
-0.00008248
0.00136572
-0.00013207
0.00021784
-0.00010218
-0.00016942
-0.00151330
0.00061525
0.00053893
-0.00053269
0.00028752
-0.00151290
0.00063387
0.00160331
0.00051092
-0.00015753
0.00062921
0.00069606
0.00142528
0.00120597
0.00106331
0.00059793
0.00086942
-0.00097009
-0.00023952
-0.00146987
0.00202699
-0.03718883
0.00045308
-0.00082635
-0.00036523
0.00019025
0.00036524
0.00024309
-0.00138334
0.00003059
0.00026237
-0.00056879
0.00036870
-0.00077087
0.00033494
0.00024851
0.00103837
0.00031210
-0.00096441
-0.00102865
0.00079887
0.00044674
0.00103985
-0.00039154
-0.00030469
0.00109258
0.00132542
-0.00117039
-0.00055445
-0.00090706
0.00068261
0.00042888
0.00056791
0.00019253
-0.00025823
0.00062008
0.00100717
0.00034423
-0.00004613
0.00134384
-0.00012269
0.00024870
-0.00005033
-0.00011770
-0.00151208
0.00067188
0.00055295
-0.00051770
0.00061935
-0.00149220
0.00064610
0.00156395
0.00049254
-0.00008253
0.00059244
0.00074102
0.00140067
0.00117121
0.00106307
0.00060339
0.00081938
-0.00095708
-0.00016149
-0.00145406
0.00203070
-0.03789756
0.00035329
-0.00083884
-0.00030836
0.00014826
0.00032550
0.00017828
-0.00139121
-0.00002020
0.00028616
-0.00059700
0.00038734
-0.00073491
0.00030331
0.00026204
0.00103854
0.00028822
-0.00097373
-0.00106734
0.00078690
0.00046375
0.00101315
-0.00037350
-0.00033308
0.00102737
0.00131763
-0.00117720
-0.00056832
-0.00080491
0.00065306
0.00047963
0.00059818
0.00024897
-0.00026601
0.00060864
0.00101533
0.00043377
-0.00005161
0.00139464
-0.00007753
0.00024887
0.00001795
-0.00018181
-0.00147007
0.00064842
0.00053226
-0.00051936
0.00031883
-0.00142229
0.00066597
0.00159362
0.00053725
-0.00006223
0.00062446
0.00069928
0.00148907
0.00114865
0.00107147
0.00065129
0.00082397
-0.00092780
-0.00019046
-0.00136778
0.00205146
-0.03722622
0.00038274
-0.00080401
-0.00037136
0.00019747
0.00028845
0.00016327
-0.00142730
0.00006100
0.00028173
-0.00061383
0.00039508
-0.00070325
0.00037583
0.00025852
0.00097800
0.00030307
-0.00100406
-0.00103700
0.00075980
0.00042956
0.00109149
-0.00038718
-0.00034612
0.00103992
0.00136201
-0.00118256
-0.00056181
-0.00088371
0.00064713
0.00045657
0.00053179
0.00024271
-0.00028539
0.00057030
0.00094346
0.00049422
-0.00004000
0.00137722
-0.00016112
0.00025795
0.00000078
-0.00018369
-0.00151565
0.00067097
0.00056948
-0.00054905
0.00027034
-0.00143668
0.00063753
0.00166957
0.00059304
-0.00010807
0.00061987
0.00065955
0.00145745
0.00116226
0.00107617
0.00064120
0.00087914
-0.00089520
-0.00021651
-0.00137147
0.00209042
-0.03689469
0.00040048
-0.00085599
-0.00035990
0.00018132
0.00026858
0.00015953
-0.00147200
0.00006663
0.00020874
-0.00060428
0.00035872
-0.00074379
0.00041443
0.00028386
0.00098307
0.00031869
-0.00099053
-0.00101657
0.00075445
0.00042633
0.00106555
-0.00041417
-0.00030381
0.00102711
0.00141847
-0.00124908
-0.00050717
-0.00084405
0.00062860
0.00043121
0.00054939
0.00025342
-0.00023669
0.00059369
0.00094879
0.00047762
-0.00007414
0.00142172
-0.00016397
0.00024712
-0.00001436
-0.00025554
-0.00154595
0.00064828
0.00057018
-0.00056489
0.00010931
-0.00140693
0.00075471
0.00166776
0.00056834
-0.00013130
0.00063107
0.00069204
0.00152399
0.00122849
0.00107044
0.00066870
0.00090632
-0.00091834
-0.00021836
-0.00136487
0.00209358
-0.03667524
0.00046669
-0.00084491
-0.00045089
0.00022056
0.00024494
0.00024184
-0.00156568
0.00009437
0.00021572
-0.00061964
0.00037567
-0.00076864
0.00048364
0.00027270
0.00098090
0.00033757
-0.00096925
-0.00100100
0.00073643
0.00040001
0.00113195
-0.00042432
-0.00025814
0.00104177
0.00143882
-0.00118279
-0.00052542
-0.00091857
0.00061827
0.00036074
0.00055896
0.00022838
-0.00027305
0.00062669
0.00079632
0.00065228
0.00000418
0.00143327
-0.00014551
0.00019181
-0.00008480
-0.00028597
-0.00175836
0.00065159
0.00053960
-0.00052959
0.00002985
-0.00136102
0.00065342
0.00188568
0.00041952
-0.00021557
0.00051771
0.00076828
0.00137157
0.00163253
0.00105859
0.00063941
0.00095868
-0.00103553
-0.00021774
-0.00153205
0.00212723
-0.03621249
0.00044678
-0.00087481
-0.00036945
0.00030255
0.00019828
0.00013355
-0.00171946
-0.00004810
0.00017328
-0.00056207
0.00037463
-0.00078933
0.00043720
0.00020194
0.00102021
0.00045372
-0.00086226
-0.00096661
0.00068889
0.00038078
0.00112986
-0.00032244
-0.00039367
0.00095322
0.00148611
-0.00123659
-0.00056719
-0.00091291
0.00065919
0.00040957
0.00062605
0.00025573
-0.00037261
0.00069858
0.00095626
0.00046475
-0.00000957
0.00133162
-0.00025688
0.00032418
-0.00003453
-0.00016800
-0.00147486
0.00069008
0.00061284
-0.00058790
0.00056439
-0.00143826
0.00077180
0.00163018
0.00058192
-0.00010251
0.00053960
0.00081018
0.00145623
0.00117212
0.00104501
0.00061280
0.00077167
-0.00086147
-0.00014288
-0.00135412
0.00212611
-0.03765704
0.00026271
-0.00089615
-0.00034730
0.00017123
0.00016687
0.00014451
-0.00142369
0.00010632
0.00019797
-0.00061926
0.00041378
-0.00079697
0.00036871
0.00028277
0.00093117
0.00020395
-0.00109490
-0.00105094
0.00075304
0.00040395
0.00107455
-0.00040499
-0.00015650
0.00096285
0.00142649
-0.00125989
-0.00058612
-0.00082339
0.00052844
0.00041591
0.00055146
0.00031043
-0.00033328
0.00068999
0.00094135
0.00042538
-0.00005574
0.00132408
-0.00026192
0.00019542
0.00000085
-0.00020820
-0.00148184
0.00067515
0.00056097
-0.00058512
0.00034338
-0.00140785
0.00073926
0.00169968
0.00054356
-0.00012200
0.00058155
0.00075501
0.00146696
0.00121539
0.00103616
0.00062090
0.00084439
-0.00084848
-0.00025668
-0.00130668
0.00208895
-0.03732711
0.00038310
-0.00086103
-0.00041485
0.00019505
0.00023187
0.00023081
-0.00145265
0.00013932
0.00018300
-0.00062486
0.00037726
-0.00082323
0.00043125
0.00019820
0.00093963
0.00025430
-0.00106496
-0.00102508
0.00081463
0.00031314
0.00107105
-0.00045211
-0.00018939
0.00103711
0.00142663
-0.00121360
-0.00055759
-0.00095479
0.00059195
0.00034786
0.00056006
0.00027715
-0.00032175
0.00069824
0.00092429
0.00037512
-0.00010365
0.00130797
-0.00030128
0.00014673
0.00002070
-0.00017464
-0.00145935
0.00067452
0.00052177
-0.00052423
0.00007862
-0.00144819
0.00072623
0.00171483
0.00054742
-0.00018258
0.00060188
0.00071540
0.00151382
0.00121952
0.00108153
0.00065909
0.00089454
-0.00084983
-0.00024241
-0.00132992
0.00211754
-0.03702023
0.00038526
-0.00085676
-0.00042528
0.00023256
0.00026958
0.00032074
-0.00141118
0.00014964
0.00018603
-0.00057299
0.00034616
-0.00082062
0.00041024
0.00022090
0.00098671
0.00023625
-0.00101156
-0.00100075
0.00081669
0.00031494
0.00116005
-0.00050940
-0.00020735
0.00105297
0.00143160
-0.00123404
-0.00056975
-0.00100233
0.00062959
0.00035470
0.00055480
0.00021717
-0.00037003
0.00072147
0.00101838
0.00038671
-0.00014656
0.00131274
-0.00027461
0.00016876
0.00002017
-0.00019825
-0.00149904
0.00071238
0.00049814
-0.00055092
0.00016729
-0.00147467
0.00074243
0.00171566
0.00052969
-0.00016997
0.00065287
0.00076776
0.00144857
0.00124419
0.00109415
0.00063262
0.00089934
-0.00081608
-0.00025264
-0.00133315
0.00207763
-0.03680873
0.00040366
-0.00088783
-0.00044790
0.00018273
0.00024751
0.00032608
-0.00141613
0.00023842
0.00016752
-0.00060052
0.00034652
-0.00083998
0.00039901
0.00027569
0.00099036
0.00027861
-0.00099469
-0.00104713
0.00078293
0.00034830
0.00111809
-0.00046592
-0.00024097
0.00099854
0.00141240
-0.00114669
-0.00058250
-0.00097071
0.00069676
0.00032418
0.00061096
0.00027203
-0.00037274
0.00073253
0.00101829
0.00037394
-0.00015769
0.00130975
-0.00026487
0.00017784
-0.00000517
-0.00019299
-0.00148145
0.00071002
0.00054569
-0.00055088
0.00033506
-0.00152851
0.00073768
0.00171439
0.00052237
-0.00012316
0.00063554
0.00076669
0.00142479
0.00124674
0.00111245
0.00063161
0.00087316
-0.00081321
-0.00025699
-0.00133740
0.00209917
-0.03706522
0.00038159
-0.00090218
-0.00047172
0.00018476
0.00019353
0.00031051
-0.00138816
0.00026289
0.00016840
-0.00059847
0.00036811
-0.00077500
0.00040491
0.00031715
0.00100894
0.00031939
-0.00099544
-0.00109080
0.00077060
0.00039458
0.00109139
-0.00048687
-0.00026539
0.00099852
0.00140361
-0.00112432
-0.00057701
-0.00091348
0.00071352
0.00039057
0.00068775
0.00030460
-0.00036966
0.00071266
0.00094125
0.00033181
-0.00011622
0.00130220
-0.00020685
0.00018775
-0.00000096
-0.00019087
-0.00139792
0.00067979
0.00053836
-0.00053062
0.00035016
-0.00148988
0.00079209
0.00170989
0.00056415
-0.00008877
0.00068626
0.00068620
0.00142780
0.00113622
0.00114856
0.00062554
0.00088464
-0.00079301
-0.00023470
-0.00131841
0.00208389
-0.03729784
0.00037943
-0.00088005
-0.00051718
0.00012300
0.00021412
0.00033940
-0.00137622
0.00027580
0.00019560
-0.00064245
0.00034944
-0.00079863
0.00043086
0.00033014
0.00100838
0.00027983
-0.00106615
-0.00112266
0.00074914
0.00035824
0.00106548
-0.00049119
-0.00025067
0.00104085
0.00146840
-0.00114283
-0.00056126
-0.00091404
0.00067846
0.00037866
0.00067145
0.00029905
-0.00032080
0.00067989
0.00096856
0.00028589
-0.00011116
0.00128782
-0.00025143
0.00025772
-0.00000224
-0.00023376
-0.00136929
0.00066543
0.00050301
-0.00050051
0.00035405
-0.00146780
0.00078162
0.00168905
0.00064141
-0.00009469
0.00070878
0.00063379
0.00142996
0.00110280
0.00114507
0.00066556
0.00086612
-0.00080289
-0.00022988
-0.00129490
0.00206613
-0.03737940
0.00039483
-0.00088469
-0.00051297
0.00007929
0.00023440
0.00035264
-0.00136413
0.00029566
0.00017169
-0.00060405
0.00036043
-0.00083205
0.00049924
0.00031784
0.00102117
0.00029726
-0.00105081
-0.00114334
0.00076459
0.00034701
0.00103200
-0.00048313
-0.00021488
0.00105956
0.00150402
-0.00115825
-0.00053671
-0.00091789
0.00066360
0.00034574
0.00070316
0.00027374
-0.00027579
0.00068037
0.00099023
0.00025644
-0.00028683
0.00137611
-0.00031050
0.00014718
-0.00002276
-0.00032655
-0.00149912
0.00059388
0.00039906
-0.00050360
-0.00027917
-0.00142464
0.00076965
0.00175773
0.00062825
-0.00029243
0.00071797
0.00054315
0.00145228
0.00127391
0.00119815
0.00072351
0.00099608
-0.00088925
-0.00036657
-0.00137261
0.00212419
-0.03616622
0.00051135
-0.00082489
-0.00055102
0.00011195
0.00034442
0.00047857
-0.00145885
0.00030918
0.00018006
-0.00053728
0.00034101
-0.00085431
0.00060127
0.00040920
0.00106271
0.00030764
-0.00095510
-0.00112968
0.00080590
0.00034508
0.00104962
-0.00052347
-0.00016452
0.00111492
0.00152156
-0.00108150
-0.00056618
-0.00116095
0.00076505
0.00023238
0.00064611
0.00015910
-0.00021076
0.00071303
0.00100210
0.00023864
-0.00017936
0.00132195
-0.00030860
0.00028431
-0.00006544
-0.00023128
-0.00138343
0.00064374
0.00050889
-0.00051419
0.00028285
-0.00143077
0.00077014
0.00162254
0.00065607
-0.00019795
0.00064855
0.00061427
0.00143520
0.00113954
0.00112375
0.00069391
0.00086146
-0.00081148
-0.00025026
-0.00134006
0.00205861
-0.03714345
0.00044930
-0.00084850
-0.00051669
0.00008646
0.00031183
0.00038211
-0.00136251
0.00027291
0.00021890
-0.00052050
0.00037223
-0.00084946
0.00050963
0.00040191
0.00104773
0.00031291
-0.00105917
-0.00112705
0.00080139
0.00042263
0.00104279
-0.00052499
-0.00005919
0.00111461
0.00152150
-0.00114388
-0.00052289
-0.00096233
0.00068905
0.00031771
0.00067455
0.00028464
-0.00025350
0.00066661
0.00100833
0.00020306
-0.00019795
0.00130246
-0.00034462
0.00030469
-0.00003673
-0.00027394
-0.00139464
0.00064153
0.00052899
-0.00056224
0.00016672
-0.00146990
0.00079924
0.00160865
0.00065330
-0.00024323
0.00071638
0.00062962
0.00147826
0.00110028
0.00118692
0.00069292
0.00094031
-0.00081566
-0.00029639
-0.00134060
0.00213184
-0.03686379
0.00046495
-0.00077702
-0.00059068
0.00010997
0.00033557
0.00041964
-0.00138858
0.00022816
0.00022075
-0.00054086
0.00039876
-0.00088076
0.00051905
0.00043905
0.00104248
0.00029668
-0.00109446
-0.00112175
0.00082592
0.00040493
0.00107383
-0.00052298
-0.00005797
0.00113809
0.00154858
-0.00115711
-0.00054037
-0.00097289
0.00070385
0.00031804
0.00070454
0.00024398
-0.00022319
0.00067297
0.00099232
0.00019687
-0.00016755
0.00146221
-0.00038601
0.00024819
-0.00022633
-0.00040978
-0.00162378
0.00072851
0.00086727
-0.00041420
0.00098978
-0.00170149
0.00073022
0.00153896
0.00029510
-0.00040864
0.00051523
0.00092482
0.00149075
0.00130399
0.00126793
0.00067743
0.00087035
-0.00097795
-0.00037021
-0.00134536
0.00211724
-0.03791348
0.00021302
-0.00068797
-0.00057739
0.00048104
0.00018160
0.00011314
-0.00134807
0.00014139
0.00032598
-0.00049409
0.00028538
-0.00101798
0.00028959
0.00048510
0.00123938
0.00043683
-0.00115413
-0.00121426
0.00071977
0.00056756
0.00112718
-0.00053326
0.00002891
0.00094993
0.00154134
-0.00107372
-0.00047807
-0.00066625
0.00081390
0.00066861
0.00094421
0.00051480
-0.00044834
0.00077556
0.00100339
0.00025719
-0.00018353
0.00130361
-0.00029261
0.00033591
-0.00009706
-0.00029128
-0.00138878
0.00071023
0.00056208
-0.00052213
0.00028900
-0.00148867
0.00079880
0.00159531
0.00056180
-0.00019742
0.00068471
0.00065547
0.00151462
0.00109000
0.00114979
0.00072193
0.00086233
-0.00080946
-0.00024088
-0.00137206
0.00214187
-0.03755689
0.00043420
-0.00082099
-0.00054621
0.00008900
0.00030332
0.00038805
-0.00139987
0.00017606
0.00026784
-0.00056370
0.00038370
-0.00083350
0.00047290
0.00042934
0.00104986
0.00028057
-0.00107035
-0.00113570
0.00079584
0.00038934
0.00106061
-0.00051401
-0.00008496
0.00110303
0.00147313
-0.00113279
-0.00057781
-0.00093958
0.00071469
0.00036952
0.00073907
0.00031761
-0.00024620
0.00068197
0.00099374
0.00024844
-0.00017021
0.00126937
-0.00029228
0.00033486
-0.00010103
-0.00030214
-0.00129719
0.00068509
0.00052442
-0.00055288
0.00023670
-0.00150819
0.00085321
0.00158124
0.00060062
-0.00021956
0.00073438
0.00061070
0.00154369
0.00100884
0.00112960
0.00068273
0.00091823
-0.00077948
-0.00024122
-0.00132796
0.00217570
-0.03717768
0.00044178
-0.00081008
-0.00053303
0.00011353
0.00035885
0.00032892
-0.00137696
0.00020509
0.00028802
-0.00056824
0.00035339
-0.00079616
0.00046657
0.00043716
0.00103126
0.00023129
-0.00107329
-0.00115786
0.00081544
0.00035278
0.00101605
-0.00050935
-0.00008593
0.00114323
0.00150492
-0.00117556
-0.00048452
-0.00092509
0.00066032
0.00030642
0.00069540
0.00027798
-0.00023205
0.00065695
0.00100221
0.00022460
-0.00023784
0.00129350
-0.00030782
0.00037821
-0.00006342
-0.00031317
-0.00135905
0.00068639
0.00046843
-0.00057843
0.00008982
-0.00154159
0.00084623
0.00156141
0.00058729
-0.00028156
0.00074501
0.00063457
0.00155870
0.00108436
0.00116061
0.00067255
0.00096979
-0.00084178
-0.00032263
-0.00129126
0.00221097
-0.03665138
0.00051430
-0.00078884
-0.00058555
0.00014975
0.00039661
0.00039865
-0.00139788
0.00018436
0.00032332
-0.00058542
0.00027454
-0.00073321
0.00044240
0.00042863
0.00104043
0.00028573
-0.00104698
-0.00120049
0.00080948
0.00027163
0.00104650
-0.00050956
-0.00005493
0.00115560
0.00151999
-0.00112954
-0.00049712
-0.00096145
0.00074478
0.00025953
0.00067696
0.00023566
-0.00018590
0.00065946
0.00101499
0.00021688
-0.00024486
0.00137823
-0.00038690
0.00037783
-0.00001848
-0.00029900
-0.00128827
0.00066442
0.00044534
-0.00059033
0.00006272
-0.00149081
0.00084498
0.00154560
0.00065632
-0.00024751
0.00072493
0.00061239
0.00160750
0.00100749
0.00118775
0.00070604
0.00104541
-0.00084195
-0.00041285
-0.00125955
0.00214406
-0.03642630
0.00050164
-0.00079202
-0.00057358
0.00020481
0.00039641
0.00028834
-0.00136146
0.00014882
0.00028820
-0.00065776
0.00030027
-0.00075133
0.00036808
0.00038657
0.00106791
0.00029455
-0.00108749
-0.00120915
0.00075798
0.00024972
0.00105190
-0.00046045
-0.00003856
0.00121356
0.00155002
-0.00115920
-0.00054006
-0.00094759
0.00071654
0.00027154
0.00067375
0.00023754
-0.00017763
0.00067932
0.00093797
0.00029519
-0.00030558
0.00140142
-0.00046824
0.00041995
-0.00008575
-0.00035211
-0.00138127
0.00071106
0.00036553
-0.00057412
-0.00013445
-0.00164431
0.00083519
0.00160834
0.00050885
-0.00042928
0.00067650
0.00078688
0.00158197
0.00120644
0.00125114
0.00067705
0.00116822
-0.00084140
-0.00053887
-0.00126086
0.00227895
-0.03549229
0.00053662
-0.00077328
-0.00061596
0.00036956
0.00038919
0.00031795
-0.00138851
0.00005344
0.00033022
-0.00063469
0.00021578
-0.00070373
0.00016292
0.00041146
0.00116483
0.00045085
-0.00102550
-0.00127223
0.00065315
0.00009279
0.00105160
-0.00038047
-0.00001799
0.00119579
0.00162975
-0.00111744
-0.00061096
-0.00095741
0.00088501
0.00029525
0.00080513
0.00028346
-0.00026077
0.00076420
0.00107865
0.00025881
-0.00015219
0.00132891
-0.00041406
0.00041654
0.00000703
-0.00019715
-0.00124442
0.00064915
0.00053043
-0.00057273
0.00045604
-0.00150028
0.00079170
0.00150494
0.00065789
-0.00016113
0.00071292
0.00071317
0.00153463
0.00097488
0.00116586
0.00065844
0.00093522
-0.00079077
-0.00029344
-0.00131220
0.00214787
-0.03700782
0.00039598
-0.00083006
-0.00049524
0.00015942
0.00035745
0.00019179
-0.00130287
0.00009794
0.00025670
-0.00070433
0.00033947
-0.00071027
0.00031220
0.00039014
0.00102766
0.00025285
-0.00110769
-0.00121103
0.00073822
0.00032601
0.00108361
-0.00040919
-0.00008046
0.00121017
0.00152912
-0.00121856
-0.00050335
-0.00083400
0.00065512
0.00037117
0.00064111
0.00033285
-0.00017980
0.00065309
0.00105175
0.00021970
-0.00013053
0.00132179
-0.00037732
0.00040184
0.00002908
-0.00019485
-0.00121461
0.00062002
0.00048989
-0.00061831
0.00038049
-0.00150676
0.00078626
0.00147749
0.00064671
-0.00019688
0.00076975
0.00060779
0.00151528
0.00094695
0.00115679
0.00064200
0.00095908
-0.00075932
-0.00038335
-0.00130305
0.00215342
-0.03698455
0.00038135
-0.00077966
-0.00051970
0.00016619
0.00033541
0.00013236
-0.00135279
0.00003941
0.00030656
-0.00076189
0.00032695
-0.00067667
0.00031559
0.00036978
0.00099927
0.00029477
-0.00104430
-0.00122482
0.00070580
0.00032739
0.00109502
-0.00043007
-0.00005802
0.00118194
0.00154056
-0.00123959
-0.00056255
-0.00083274
0.00071439
0.00032942
0.00059559
0.00033133
-0.00014610
0.00067302
0.00098800
0.00033172
-0.00018974
0.00128686
-0.00044765
0.00041992
-0.00002619
-0.00023708
-0.00125282
0.00064769
0.00043398
-0.00056161
0.00020168
-0.00164459
0.00074729
0.00152176
0.00052170
-0.00037338
0.00073925
0.00078842
0.00148003
0.00112461
0.00124891
0.00063947
0.00103835
-0.00076718
-0.00046157
-0.00130794
0.00229200
-0.03588184
0.00038192
-0.00076834
-0.00051358
0.00033154
0.00032863
0.00010954
-0.00130704
-0.00006825
0.00035948
-0.00074548
0.00023883
-0.00061031
0.00010154
0.00045178
0.00106098
0.00038936
-0.00099062
-0.00127554
0.00060421
0.00019511
0.00112437
-0.00036319
-0.00007016
0.00117955
0.00158086
-0.00116275
-0.00059336
-0.00083140
0.00081643
0.00039407
0.00068802
0.00039492
-0.00021878
0.00075960
0.00107954
0.00026998
-0.00012254
0.00132410
-0.00038784
0.00045673
0.00003667
-0.00009847
-0.00122435
0.00062732
0.00058899
-0.00064236
0.00045394
-0.00151175
0.00076077
0.00148311
0.00064212
-0.00018163
0.00073553
0.00064616
0.00149529
0.00098967
0.00111509
0.00054688
0.00087773
-0.00078630
-0.00036150
-0.00132956
0.00211630
-0.03729381
0.00027908
-0.00084776
-0.00045002
0.00014942
0.00029652
-0.00000154
-0.00125927
0.00003881
0.00028242
-0.00076843
0.00032208
-0.00065396
0.00029930
0.00032331
0.00099948
0.00020335
-0.00106452
-0.00129507
0.00074025
0.00036319
0.00109658
-0.00038876
-0.00002464
0.00114734
0.00150171
-0.00130593
-0.00048143
-0.00077328
0.00061420
0.00038476
0.00055170
0.00035340
-0.00014962
0.00067689
0.00110288
0.00027130
-0.00018401
0.00132006
-0.00039263
0.00041852
0.00003491
-0.00014470
-0.00122910
0.00057947
0.00057765
-0.00070925
0.00034968
-0.00155678
0.00072120
0.00149392
0.00068715
-0.00018434
0.00071831
0.00058671
0.00146209
0.00096017
0.00109614
0.00054015
0.00091997
-0.00076345
-0.00037333
-0.00132835
0.00214039
-0.03695176
0.00031307
-0.00085674
-0.00050590
0.00013113
0.00032573
0.00012771
-0.00124564
0.00004770
0.00024175
-0.00078076
0.00034873
-0.00067798
0.00034109
0.00028891
0.00099944
0.00022998
-0.00104911
-0.00128464
0.00070129
0.00036686
0.00110409
-0.00044968
-0.00007600
0.00116363
0.00148486
-0.00125768
-0.00048630
-0.00080516
0.00066307
0.00035632
0.00053032
0.00027684
-0.00012037
0.00065512
0.00105982
0.00041623
-0.00042440
0.00128615
-0.00052184
0.00044698
-0.00006057
-0.00027344
-0.00139378
0.00053675
0.00053068
-0.00079033
-0.00005572
-0.00179438
0.00064176
0.00159378
0.00061225
-0.00037640
0.00068078
0.00070869
0.00132291
0.00119689
0.00115243
0.00051319
0.00106378
-0.00075366
-0.00045412
-0.00138251
0.00230955
-0.03519667
0.00038173
-0.00092629
-0.00061395
0.00021772
0.00034213
0.00040486
-0.00118104
-0.00000606
0.00020776
-0.00075155
0.00029875
-0.00066376
0.00019726
0.00031910
0.00107900
0.00035339
-0.00096402
-0.00137785
0.00055440
0.00023477
0.00115712
-0.00046223
-0.00015867
0.00116886
0.00150540
-0.00108279
-0.00050576
-0.00083669
0.00084691
0.00041418
0.00062612
0.00025961
-0.00016808
0.00070186
0.00113315
0.00028507
-0.00014320
0.00127094
-0.00037619
0.00044035
0.00002041
-0.00011272
-0.00124832
0.00056706
0.00060720
-0.00071520
0.00053377
-0.00157412
0.00074226
0.00146164
0.00069265
-0.00015374
0.00072792
0.00061939
0.00146763
0.00098989
0.00109648
0.00050862
0.00082515
-0.00080174
-0.00031305
-0.00132842
0.00215879
-0.03714607
0.00025909
-0.00087443
-0.00050708
0.00011933
0.00026038
0.00005813
-0.00122566
0.00009153
0.00027392
-0.00083123
0.00038010
-0.00073519
0.00031907
0.00027855
0.00098835
0.00023101
-0.00111059
-0.00123405
0.00071517
0.00040906
0.00107319
-0.00048858
-0.00007403
0.00111342
0.00141176
-0.00120491
-0.00048447
-0.00078651
0.00068113
0.00045845
0.00053647
0.00034012
-0.00011872
0.00064969
0.00111349
0.00027666
-0.00021865
0.00127293
-0.00034871
0.00038356
0.00002258
-0.00018751
-0.00128455
0.00057207
0.00060236
-0.00070670
0.00042680
-0.00150148
0.00069529
0.00145084
0.00073344
-0.00017360
0.00072761
0.00064366
0.00145463
0.00103874
0.00112117
0.00055720
0.00083572
-0.00087234
-0.00029625
-0.00129716
0.00217317
-0.03660037
0.00033209
-0.00085500
-0.00056011
0.00015369
0.00029584
0.00013423
-0.00123359
0.00006206
0.00026027
-0.00078371
0.00033221
-0.00077920
0.00028659
0.00030239
0.00101824
0.00023105
-0.00110076
-0.00121809
0.00073606
0.00042883
0.00105716
-0.00051253
-0.00011633
0.00109886
0.00142235
-0.00120207
-0.00049005
-0.00081965
0.00068625
0.00041246
0.00054741
0.00030352
-0.00014306
0.00062546
0.00107064
0.00034872
-0.00033395
0.00118791
-0.00042517
0.00043375
-0.00004634
-0.00023475
-0.00135297
0.00058175
0.00066208
-0.00073090
0.00054044
-0.00160276
0.00061704
0.00143328
0.00068620
-0.00025194
0.00065070
0.00087936
0.00135860
0.00119293
0.00115725
0.00052827
0.00079138
-0.00093012
-0.00023433
-0.00128183
0.00232626
-0.03597533
0.00032322
-0.00090978
-0.00063595
0.00024946
0.00024987
0.00019664
-0.00111215
-0.00001522
0.00025440
-0.00075634
0.00028156
-0.00083877
0.00004808
0.00033082
0.00110947
0.00028562
-0.00114828
-0.00126249
0.00067703
0.00041460
0.00103139
-0.00054243
-0.00015031
0.00105869
0.00145470
-0.00112032
-0.00052408
-0.00078296
0.00077485
0.00054298
0.00066328
0.00039551
-0.00024497
0.00064634
0.00109531
0.00030618
-0.00024283
0.00126095
-0.00041153
0.00041232
-0.00000299
-0.00018708
-0.00131208
0.00056237
0.00060218
-0.00072458
0.00038798
-0.00160147
0.00065468
0.00146105
0.00074055
-0.00021593
0.00065485
0.00076453
0.00146454
0.00108724
0.00117409
0.00051761
0.00085410
-0.00086289
-0.00025328
-0.00130950
0.00223710
-0.03653840
0.00036287
-0.00090287
-0.00063547
0.00022396
0.00031348
0.00017383
-0.00120807
0.00001206
0.00024786
-0.00074885
0.00026888
-0.00081532
0.00015457
0.00030454
0.00109140
0.00028499
-0.00109497
-0.00122093
0.00069223
0.00041064
0.00105658
-0.00052147
-0.00017345
0.00110059
0.00144462
-0.00114930
-0.00051477
-0.00082683
0.00076499
0.00048090
0.00057752
0.00035906
-0.00020378
0.00062502
0.00110281
0.00032734
-0.00003523
0.00123340
-0.00034206
0.00043501
0.00003444
-0.00004027
-0.00123472
0.00064777
0.00070606
-0.00069981
0.00117091
-0.00153067
0.00068494
0.00141748
0.00066077
0.00000706
0.00061503
0.00078642
0.00142388
0.00089807
0.00108521
0.00050767
0.00070910
-0.00078925
-0.00011511
-0.00134682
0.00212640
-0.03843148
0.00021361
-0.00093199
-0.00044588
0.00013522
0.00023478
0.00000955
-0.00122278
0.00006965
0.00024130
-0.00081845
0.00039570
-0.00072633
0.00022497
0.00029111
0.00096858
0.00021543
-0.00118571
-0.00122631
0.00068465
0.00054828
0.00103522
-0.00041767
-0.00014399
0.00107441
0.00148477
-0.00128602
-0.00050235
-0.00066589
0.00063023
0.00054297
0.00053644
0.00047356
-0.00022908
0.00061065
0.00106898
0.00030936
-0.00017644
0.00124899
-0.00031791
0.00034937
0.00003796
-0.00015301
-0.00126094
0.00058611
0.00066154
-0.00071652
0.00054187
-0.00156290
0.00063071
0.00148098
0.00072338
-0.00013232
0.00071220
0.00069888
0.00146302
0.00091240
0.00113336
0.00052726
0.00082352
-0.00082767
-0.00027604
-0.00133323
0.00214881
-0.03711249
0.00036758
-0.00084840
-0.00054368
0.00019110
0.00030129
0.00019079
-0.00125770
0.00009529
0.00030007
-0.00075355
0.00034372
-0.00074187
0.00029808
0.00027316
0.00098317
0.00025677
-0.00112308
-0.00119758
0.00065292
0.00046970
0.00101510
-0.00043107
-0.00014562
0.00107949
0.00146607
-0.00120168
-0.00050333
-0.00073563
0.00068382
0.00043888
0.00050587
0.00035932
-0.00016298
0.00062733
0.00104146
0.00028088
-0.00021187
0.00129374
-0.00030228
0.00033972
0.00002705
-0.00015955
-0.00133650
0.00056321
0.00062173
-0.00068063
0.00052673
-0.00153559
0.00062575
0.00150266
0.00074469
-0.00014878
0.00073201
0.00064265
0.00141722
0.00089454
0.00114147
0.00047305
0.00086047
-0.00087340
-0.00028813
-0.00133061
0.00214131
-0.03690046
0.00036197
-0.00084827
-0.00054196
0.00021339
0.00031335
0.00023563
-0.00120835
0.00016234
0.00021727
-0.00069133
0.00033123
-0.00075905
0.00033432
0.00028332
0.00094850
0.00024465
-0.00110545
-0.00117403
0.00063277
0.00049078
0.00101048
-0.00041861
-0.00016461
0.00106154
0.00145377
-0.00117444
-0.00046885
-0.00075492
0.00069710
0.00040522
0.00052561
0.00030032
-0.00013856
0.00062201
0.00101859
0.00025966
-0.00031256
0.00131721
-0.00029035
0.00029123
0.00002271
-0.00019848
-0.00141542
0.00054250
0.00054903
-0.00069966
0.00034059
-0.00157075
0.00061787
0.00152728
0.00076917
-0.00021525
0.00076019
0.00063536
0.00147500
0.00094079
0.00123277
0.00045795
0.00095169
-0.00089676
-0.00030952
-0.00135932
0.00215125
-0.03646831
0.00040957
-0.00084341
-0.00062618
0.00024957
0.00037477
0.00027845
-0.00124508
0.00018020
0.00026008
-0.00067095
0.00027493
-0.00077581
0.00035475
0.00019250
0.00091261
0.00026996
-0.00110304
-0.00117348
0.00060627
0.00046252
0.00097185
-0.00043019
-0.00024900
0.00106364
0.00144887
-0.00113326
-0.00045943
-0.00075537
0.00074571
0.00032087
0.00052701
0.00026454
-0.00010842
0.00061721
0.00104325
0.00030290
-0.00017394
0.00127760
-0.00028835
0.00033676
-0.00001404
-0.00012052
-0.00139977
0.00061811
0.00060072
-0.00069698
0.00093091
-0.00153623
0.00063737
0.00148120
0.00066846
-0.00008150
0.00068348
0.00074329
0.00146677
0.00091500
0.00119910
0.00047841
0.00083669
-0.00088521
-0.00014471
-0.00140301
0.00211667
-0.03799138
0.00029988
-0.00089239
-0.00053676
0.00018715
0.00031410
0.00013092
-0.00123391
0.00008473
0.00028881
-0.00067979
0.00032461
-0.00077093
0.00028655
0.00017739
0.00092913
0.00021191
-0.00113897
-0.00118315
0.00061120
0.00052543
0.00098687
-0.00041161
-0.00027020
0.00101097
0.00145093
-0.00119089
-0.00047627
-0.00062056
0.00068608
0.00041352
0.00053814
0.00042045
-0.00018518
0.00062103
0.00104381
0.00021173
-0.00020129
0.00131014
-0.00026931
0.00032228
-0.00002050
-0.00015686
-0.00141623
0.00063595
0.00058952
-0.00067828
0.00055821
-0.00154259
0.00066505
0.00150910
0.00071839
-0.00011644
0.00078572
0.00062934
0.00150344
0.00090035
0.00119469
0.00049935
0.00090101
-0.00087723
-0.00024306
-0.00135870
0.00209862
-0.03711824
0.00033533
-0.00085725
-0.00056292
0.00018711
0.00032906
0.00009610
-0.00123171
0.00008329
0.00033052
-0.00069164
0.00024686
-0.00079462
0.00035335
0.00021490
0.00092790
0.00018483
-0.00109917
-0.00114389
0.00065752
0.00045430
0.00103571
-0.00041742
-0.00026276
0.00101990
0.00145453
-0.00117791
-0.00048031
-0.00071227
0.00066731
0.00035118
0.00053838
0.00033019
-0.00014264
0.00060700
0.00108583
0.00029117
-0.00016307
0.00135245
-0.00024384
0.00029760
0.00000467
-0.00015077
-0.00143421
0.00067784
0.00055408
-0.00067032
0.00056195
-0.00155723
0.00061905
0.00149606
0.00068709
-0.00012757
0.00076779
0.00065898
0.00152289
0.00095217
0.00117272
0.00047140
0.00086278
-0.00086299
-0.00024998
-0.00140016
0.00214626
-0.03714475
0.00031192
-0.00086059
-0.00054280
0.00015790
0.00035918
0.00013974
-0.00120897
0.00006073
0.00033770
-0.00069700
0.00031326
-0.00079320
0.00034328
0.00020457
0.00091582
0.00023269
-0.00110101
-0.00110107
0.00069854
0.00046514
0.00106527
-0.00040510
-0.00029805
0.00102143
0.00145932
-0.00121876
-0.00050169
-0.00069717
0.00066873
0.00034032
0.00054398
0.00029517
-0.00016646
0.00057268
0.00111011
0.00032277
-0.00020801
0.00137057
-0.00020954
0.00026615
0.00000407
-0.00022428
-0.00152224
0.00068425
0.00045617
-0.00065252
0.00033691
-0.00156478
0.00060475
0.00150590
0.00066641
-0.00020709
0.00076394
0.00066082
0.00154500
0.00100131
0.00120521
0.00047231
0.00091579
-0.00086736
-0.00031253
-0.00143478
0.00216289
-0.03665664
0.00039038
-0.00080759
-0.00060362
0.00015713
0.00047119
0.00030852
-0.00124365
0.00001519
0.00035262
-0.00069655
0.00030529
-0.00077719
0.00036617
0.00016777
0.00092154
0.00030496
-0.00106479
-0.00105977
0.00068278
0.00041226
0.00109355
-0.00039239
-0.00035633
0.00106458
0.00144606
-0.00119895
-0.00052166
-0.00075112
0.00072998
0.00029683
0.00055185
0.00020100
-0.00013359
0.00054392
0.00117147
0.00031767
-0.00013807
0.00135544
-0.00024713
0.00029831
0.00002575
-0.00017582
-0.00139153
0.00068852
0.00050015
-0.00067830
0.00047293
-0.00152472
0.00068955
0.00150048
0.00068085
-0.00016338
0.00073684
0.00063436
0.00153068
0.00095765
0.00119671
0.00044740
0.00085861
-0.00080900
-0.00025651
-0.00139714
0.00214959
-0.03705030
0.00038208
-0.00086030
-0.00055480
0.00014182
0.00041596
0.00030829
-0.00128827
0.00004078
0.00029989
-0.00072143
0.00034252
-0.00073003
0.00040003
0.00015374
0.00094703
0.00022393
-0.00108580
-0.00111966
0.00071212
0.00043762
0.00108762
-0.00036910
-0.00026135
0.00105010
0.00147353
-0.00128581
-0.00055018
-0.00077076
0.00069007
0.00032240
0.00055189
0.00026862
-0.00011316
0.00057188
0.00154868
0.00050470
-0.00003407
0.00163338
-0.00020322
0.00023852
-0.00003837
-0.00021082
-0.00144291
0.00087544
0.00057056
-0.00063693
0.00165837
-0.00165702
0.00069611
0.00126786
0.00041027
-0.00010710
0.00049929
0.00080920
0.00170383
0.00095879
0.00125118
0.00023649
0.00061905
-0.00086248
-0.00010773
-0.00140958
0.00220294
-0.03913077
0.00015222
-0.00103062
-0.00048418
0.00028337
0.00046355
0.00023713
-0.00114501
-0.00011637
0.00035275
-0.00087094
0.00028976
-0.00059007
0.00023116
-0.00016763
0.00105582
0.00016206
-0.00114636
-0.00125831
0.00066601
0.00056294
0.00117647
-0.00030028
-0.00034125
0.00090141
0.00139958
-0.00142819
-0.00050033
-0.00044462
0.00073701
0.00051509
0.00061971
0.00047689
-0.00012178
0.00048089
0.00123166
0.00036517
-0.00001328
0.00132797
-0.00022343
0.00034809
0.00000310
-0.00008570
-0.00136550
0.00073960
0.00057286
-0.00063186
0.00112621
-0.00152633
0.00065147
0.00144907
0.00059072
-0.00001057
0.00066300
0.00076206
0.00152622
0.00088967
0.00115608
0.00045878
0.00071367
-0.00077271
-0.00010966
-0.00141949
0.00211557
-0.03863212
0.00026747
-0.00091313
-0.00043354
0.00011355
0.00028770
0.00015475
-0.00127468
0.00001553
0.00030670
-0.00073412
0.00038567
-0.00070757
0.00034761
0.00011486
0.00094752
0.00016901
-0.00111088
-0.00112510
0.00070976
0.00051204
0.00108321
-0.00033678
-0.00026055
0.00098959
0.00143953
-0.00132750
-0.00057971
-0.00063689
0.00064751
0.00043883
0.00055696
0.00040554
-0.00019253
0.00057952
0.00118206
0.00036479
-0.00011326
0.00133101
-0.00017744
0.00027338
-0.00002941
-0.00015638
-0.00137919
0.00071626
0.00050118
-0.00066384
0.00060779
-0.00154273
0.00064505
0.00143984
0.00061496
-0.00011214
0.00072200
0.00063616
0.00152476
0.00092707
0.00122791
0.00048150
0.00082865
-0.00079523
-0.00026711
-0.00140762
0.00212723
-0.03736568
0.00039516
-0.00082738
-0.00049085
0.00015889
0.00034008
0.00024244
-0.00127562
0.00000528
0.00035643
-0.00075929
0.00031896
-0.00073966
0.00034579
0.00015214
0.00093123
0.00019440
-0.00110477
-0.00107331
0.00074207
0.00044490
0.00108991
-0.00037112
-0.00022081
0.00100840
0.00138122
-0.00123920
-0.00057222
-0.00080908
0.00072217
0.00038216
0.00052028
0.00028534
-0.00019500
0.00057574
0.00118301
0.00036218
-0.00014849
0.00127130
-0.00018183
0.00030214
-0.00003362
-0.00016700
-0.00139080
0.00075951
0.00052375
-0.00063568
0.00053443
-0.00156300
0.00068554
0.00146646
0.00060684
-0.00013592
0.00070737
0.00064129
0.00152530
0.00091385
0.00120820
0.00048954
0.00085439
-0.00083372
-0.00026338
-0.00140728
0.00213112
-0.03706135
0.00039071
-0.00085344
-0.00044430
0.00015930
0.00035616
0.00018608
-0.00129681
0.00000075
0.00040307
-0.00076229
0.00032078
-0.00075006
0.00030196
0.00018690
0.00087070
0.00011566
-0.00114383
-0.00110542
0.00077797
0.00045393
0.00115909
-0.00040691
-0.00024687
0.00098669
0.00138528
-0.00121278
-0.00056210
-0.00079226
0.00069401
0.00040517
0.00045074
0.00027173
-0.00019835
0.00057340
0.00118748
0.00038280
-0.00023481
0.00127402
-0.00019472
0.00030495
-0.00001427
-0.00020445
-0.00146785
0.00067944
0.00046869
-0.00066471
0.00032426
-0.00154516
0.00065960
0.00149341
0.00063831
-0.00017772
0.00072678
0.00059912
0.00152979
0.00097446
0.00121752
0.00048841
0.00090206
-0.00086770
-0.00032192
-0.00145636
0.00214343
-0.03670460
0.00043667
-0.00084861
-0.00047780
0.00015763
0.00042317
0.00038931
-0.00132721
0.00003957
0.00039575
-0.00075041
0.00032069
-0.00073216
0.00034444
0.00014048
0.00089820
0.00010450
-0.00108886
-0.00112627
0.00081274
0.00042648
0.00119874
-0.00040614
-0.00023068
0.00102832
0.00137185
-0.00126871
-0.00053122
-0.00081650
0.00068085
0.00040517
0.00044507
0.00021404
-0.00019083
0.00057840
0.00117333
0.00036755
-0.00024333
0.00127560
-0.00020321
0.00032372
-0.00001756
-0.00021212
-0.00152677
0.00070481
0.00046904
-0.00066720
0.00030945
-0.00149550
0.00068366
0.00152344
0.00061903
-0.00016115
0.00073687
0.00060813
0.00152364
0.00098217
0.00121814
0.00051088
0.00089647
-0.00087692
-0.00031332
-0.00147834
0.00210174
-0.03684007
0.00042875
-0.00084615
-0.00044115
0.00014872
0.00042180
0.00043045
-0.00136112
0.00003492
0.00036804
-0.00074708
0.00033172
-0.00069601
0.00034641
0.00013430
0.00094015
0.00012606
-0.00105895
-0.00114277
0.00080988
0.00040996
0.00118360
-0.00037941
-0.00024616
0.00100764
0.00132894
-0.00130370
-0.00055137
-0.00082892
0.00069660
0.00044008
0.00042647
0.00022246
-0.00021181
0.00055458
0.00117908
0.00030739
-0.00017745
0.00127372
-0.00022220
0.00038933
0.00001555
-0.00015519
-0.00146028
0.00071408
0.00051499
-0.00063769
0.00059328
-0.00148758
0.00061308
0.00154060
0.00065802
-0.00009799
0.00066328
0.00066276
0.00150082
0.00097215
0.00116412
0.00049429
0.00081591
-0.00089746
-0.00023189
-0.00150209
0.00207985
-0.03747940
0.00035489
-0.00088649
-0.00040852
0.00014920
0.00040806
0.00025990
-0.00130658
0.00005289
0.00033014
-0.00071893
0.00035863
-0.00069606
0.00029408
0.00014993
0.00098104
0.00011218
-0.00109014
-0.00114637
0.00081517
0.00048004
0.00120031
-0.00037806
-0.00022998
0.00102069
0.00134362
-0.00132589
-0.00052511
-0.00077376
0.00064980
0.00045873
0.00044241
0.00027413
-0.00022362
0.00055597
0.00127717
0.00037911
-0.00030920
0.00124638
-0.00022114
0.00043666
0.00001674
-0.00019792
-0.00163544
0.00074620
0.00041204
-0.00066280
0.00060161
-0.00149997
0.00050273
0.00159216
0.00064036
-0.00014114
0.00060192
0.00072613
0.00150167
0.00107804
0.00122165
0.00038588
0.00081003
-0.00100827
-0.00021448
-0.00164937
0.00213234
-0.03712464
0.00035302
-0.00096337
-0.00036937
0.00023150
0.00052105
0.00044032
-0.00124929
-0.00000384
0.00033074
-0.00070482
0.00036635
-0.00063062
0.00016646
-0.00000587
0.00102846
0.00001470
-0.00105794
-0.00117209
0.00086956
0.00048288
0.00135247
-0.00034132
-0.00032661
0.00097544
0.00123606
-0.00143009
-0.00050768
-0.00074350
0.00067477
0.00055767
0.00039054
0.00024645
-0.00028353
0.00051536
0.00116285
0.00030232
-0.00014533
0.00130424
-0.00023487
0.00039769
0.00003076
-0.00010952
-0.00143150
0.00071416
0.00053536
-0.00061991
0.00066592
-0.00145679
0.00063638
0.00155783
0.00064046
-0.00008195
0.00066683
0.00066812
0.00150716
0.00100826
0.00111635
0.00049990
0.00078980
-0.00091184
-0.00022283
-0.00151638
0.00206755
-0.03761460
0.00032996
-0.00084738
-0.00038710
0.00016741
0.00037545
0.00013785
-0.00131586
0.00006528
0.00033639
-0.00072901
0.00038561
-0.00067059
0.00032274
0.00019264
0.00092525
0.00013329
-0.00110723
-0.00114984
0.00083668
0.00044554
0.00115598
-0.00036039
-0.00018695
0.00107345
0.00136484
-0.00132814
-0.00052453
-0.00077106
0.00060585
0.00047602
0.00047025
0.00028092
-0.00022389
0.00058332
0.00126382
0.00039694
-0.00025831
0.00130726
-0.00023345
0.00043943
0.00004026
-0.00011388
-0.00161578
0.00074662
0.00041684
-0.00064146
0.00076195
-0.00146879
0.00053406
0.00161512
0.00059937
-0.00011589
0.00062279
0.00074935
0.00148102
0.00115634
0.00115435
0.00037685
0.00076613
-0.00102960
-0.00018470
-0.00167639
0.00212336
-0.03727851
0.00032836
-0.00090807
-0.00034252
0.00023275
0.00047823
0.00030251
-0.00125473
0.00004621
0.00033801
-0.00071657
0.00041255
-0.00060095
0.00022282
0.00006206
0.00091669
0.00006895
-0.00109977
-0.00117827
0.00088986
0.00041671
0.00125956
-0.00029307
-0.00027540
0.00106791
0.00128388
-0.00138738
-0.00051883
-0.00073421
0.00062387
0.00056626
0.00046075
0.00024839
-0.00027339
0.00055520
0.00122161
0.00034009
-0.00019967
0.00133948
-0.00024908
0.00041127
0.00003648
-0.00011422
-0.00154939
0.00071620
0.00043446
-0.00063486
0.00056042
-0.00149928
0.00058096
0.00161104
0.00066008
-0.00011570
0.00062309
0.00069362
0.00154000
0.00107289
0.00117724
0.00042201
0.00082536
-0.00095141
-0.00019613
-0.00162561
0.00208486
-0.03743056
0.00038373
-0.00089406
-0.00041199
0.00021799
0.00047917
0.00027555
-0.00132974
0.00005604
0.00032589
-0.00069705
0.00035968
-0.00065165
0.00027676
0.00011866
0.00094651
0.00012336
-0.00107250
-0.00113849
0.00085823
0.00042189
0.00122110
-0.00032300
-0.00027421
0.00108240
0.00132070
-0.00133908
-0.00052761
-0.00079738
0.00065558
0.00051025
0.00043870
0.00025015
-0.00024976
0.00054545
0.00114483
0.00031903
-0.00003532
0.00130891
-0.00024798
0.00040112
0.00000390
0.00000485
-0.00138613
0.00073642
0.00055631
-0.00064735
0.00085854
-0.00146481
0.00061909
0.00154579
0.00066590
-0.00000582
0.00064948
0.00071740
0.00147769
0.00100897
0.00108666
0.00048671
0.00073104
-0.00085230
-0.00009233
-0.00153370
0.00205268
-0.03831080
0.00028751
-0.00088405
-0.00037907
0.00015562
0.00033692
0.00005688
-0.00135680
0.00007942
0.00029221
-0.00071599
0.00042096
-0.00068120
0.00024179
0.00019943
0.00092147
0.00012362
-0.00111293
-0.00110787
0.00085662
0.00048614
0.00113022
-0.00034380
-0.00023430
0.00107950
0.00136201
-0.00138124
-0.00055036
-0.00073835
0.00063067
0.00049531
0.00051150
0.00028883
-0.00027858
0.00055416
