-0.00121021
-0.00014615
0.00108433
0.00109482
-0.00266457
0.00251389
-0.00154018
0.00083542
-0.00031853
-0.00214386
0.00523376
-0.00111771
-0.00225258
-0.00173950
-0.00028038
-0.00141621
0.00170135
-0.00101852
-0.00188732
0.00200272
0.00059700
-0.00023198
-0.00221252
0.00091934
0.00044751
-0.00013614
0.00202370
0.00123787
0.00266457
0.00877380
-0.00258446
0.00133991
0.00413895
0.00097036
-0.00049019
0.00870514
0.00153923
0.00365639
-0.00520706
0.00135517
-0.00166893
-0.00152779
0.00148010
0.00112534
0.00280190
-0.00304031
-0.00305748
-0.00079441
-0.00209045
0.00142765
-0.00209618
-0.00070238
0.00142860
-0.00036955
-0.00356483
-0.00093555
0.00250816
-0.00068283
-0.00314140
-0.00122261
0.00051403
-0.00212669
-0.00026274
-0.00068045
0.00041410
0.00192231
0.00128060
0.00201717
0.00050576
0.00115542
-0.00073192
0.00023428
-0.00100332
0.00176650
0.00316168
0.00146703
-0.00409622
-0.00108715
0.00169410
0.00101677
-0.00037931
0.00020092
0.00046200
0.00240812
0.00193227
-0.00207709
0.00095566
0.00269756
0.00061147
-0.00196650
0.00106340
0.00127916
0.00169904
-0.03288233
0.00155434
-0.00032247
0.00224383
0.00028503
0.00075392
0.00537823
-0.00078060
0.00362957
-0.00376132
0.00293122
0.00151320
-0.00034186
0.00187049
0.00401038
0.00388191
-0.00053655
-0.00253624
0.00000139
0.00189498
-0.00005938
0.00026548
-0.00116436
0.00204422
0.00296568
-0.00109780
0.00021953
0.00201159
-0.00236774
-0.00230002
0.00017969
0.00173186
-0.00326462
0.00025984
-0.00020667
0.00021891
0.00177534
0.00028306
0.00150283
0.00079771
0.00055899
0.00090150
0.00022884
-0.00149205
0.00219506
0.00142193
0.00115508
-0.00171894
-0.00082625
0.00146483
0.00094262
0.00020431
0.00052473
0.00050443
0.00130130
0.00129703
-0.00093269
0.00119301
0.00259985
0.00097552
-0.00174892
0.00080997
0.00109164
0.00206302
-0.03439853
0.00018474
0.00008368
0.00172404
-0.00010838
0.00045730
0.00320371
-0.00169880
0.00127499
-0.00149138
0.00126613
0.00098000
0.00032937
0.00130266
0.00355068
0.00277499
-0.00027349
-0.00124585
-0.00079103
0.00146796
-0.00055306
-0.00015498
-0.00100584
0.00018519
0.00110591
-0.00074890
0.00051350
0.00084840
-0.00106523
-0.00122018
0.00042889
0.00199586
-0.00237414
0.00051141
-0.00015802
0.00080147
0.00333519
0.00052245
0.00253165
0.00146906
0.00067999
0.00152869
-0.00089026
-0.00141231
0.00142542
0.00111157
0.00072800
-0.00366183
0.00033241
0.00142493
0.00160493
0.00031480
0.00111904
0.00046934
0.00126040
0.00269028
-0.00015048
0.00122786
0.00270949
0.00057234
-0.00122517
0.00079798
0.00131933
0.00226096
-0.02886330
0.00030001
0.00017275
0.00049626
0.00079431
-0.00044248
0.00206440
-0.00251820
0.00215174
-0.00118344
0.00055415
0.00101833
0.00061851
0.00194902
0.00191200
0.00140993
0.00018533
-0.00176734
-0.00048960
0.00050278
-0.00040522
0.00156184
-0.00057511
-0.00063625
0.00080892
0.00043990
-0.00027836
0.00040866
-0.00177767
-0.00074786
0.00049331
0.00046774
-0.00112137
-0.00057437
-0.00072242
-0.00035180
0.00364615
0.00049022
0.00213115
-0.00006599
0.00059018
0.00083577
-0.00096052
-0.00237828
0.00147110
0.00152314
0.00004953
-0.00416223
-0.00019749
0.00076570
0.00288226
0.00109271
-0.00003227
0.00036858
0.00047062
0.00187982
0.00075522
0.00120537
0.00215651
0.00161470
-0.00085180
0.00004859
0.00058046
0.00279595
-0.02343030
0.00068239
-0.00072346
0.00052267
0.00057083
-0.00054674
0.00171804
-0.00314223
0.00168144
-0.00204261
0.00049627
0.00026466
-0.00031020
0.00227351
0.00185825
0.00147609
0.00058309
-0.00119786
-0.00021638
0.00043983
-0.00029753
0.00102970
-0.00091888
-0.00006170
0.00059403
0.00137474
-0.00146205
0.00103840
-0.00115138
-0.00064370
0.00003575
0.00076347
-0.00082673
0.00021709
-0.00008071
0.00023898
0.00300305
0.00034154
0.00240335
-0.00033298
0.00078557
0.00062126
-0.00130112
-0.00226002
0.00132328
0.00168853
-0.00033313
-0.00334230
-0.00001586
0.00232494
0.00239456
0.00068070
0.00011426
0.00036280
0.00129027
0.00273812
0.00115830
0.00108060
0.00210347
0.00138609
-0.00094841
0.00047359
0.00028907
0.00271279
-0.02842116
0.00099651
-0.00088811
-0.00056753
0.00078642
-0.00088696
0.00196497
-0.00379824
0.00174212
-0.00158235
-0.00004764
0.00071250
-0.00060009
0.00258549
0.00143426
0.00130994
0.00044952
-0.00130020
-0.00038106
0.00030128
-0.00026378
0.00201969
-0.00088003
0.00075466
0.00083496
0.00177252
-0.00092137
0.00058630
-0.00149674
-0.00088670
-0.00049949
0.00079493
-0.00049139
-0.00043607
0.00044895
0.00000906
0.00328464
0.00152255
0.00148214
-0.00038109
0.00118021
0.00060182
0.00009444
-0.00185771
0.00191367
0.00168682
-0.00046181
0.00298152
-0.00032213
0.00159198
0.00261846
0.00050058
0.00127947
0.00003762
0.00178080
0.00165146
0.00108037
0.00096343
0.00125895
0.00022991
-0.00028422
0.00135058
-0.00055943
0.00283274
-0.04371943
-0.00027976
-0.00183969
0.00002435
-0.00002100
-0.00183379
-0.00097604
-0.00308732
0.00047670
-0.00088190
-0.00065400
0.00119869
-0.00056574
0.00120298
0.00091914
0.00068804
0.00047494
-0.00157269
-0.00065054
0.00029861
0.00042606
0.00172894
-0.00040636
0.00029245
0.00038212
0.00284895
-0.00210258
-0.00008268
0.00028535
-0.00074280
0.00092996
0.00110092
0.00153306
-0.00081627
0.00076057
0.00019989
0.00222975
0.00043372
0.00142666
-0.00114199
0.00101308
0.00019581
-0.00067331
-0.00167540
0.00131598
0.00147259
-0.00056914
-0.00086459
-0.00072388
0.00201854
0.00218615
0.00086969
-0.00030103
-0.00029806
0.00193077
0.00175665
0.00118455
0.00087170
0.00135323
0.00046766
-0.00061114
0.00042830
0.00008606
0.00294795
-0.03324460
-0.00059842
-0.00106797
0.00021791
0.00049018
-0.00108391
0.00125218
-0.00208027
0.00154550
-0.00136744
0.00002513
0.00076519
-0.00104207
0.00119098
0.00138274
0.00080273
-0.00064469
-0.00211141
-0.00079136
0.00061216
-0.00050589
0.00120718
-0.00069028
0.00138102
0.00021682
0.00140815
-0.00136572
-0.00030479
-0.00118441
-0.00113513
-0.00013671
0.00065785
-0.00015916
-0.00088731
0.00117706
0.00042521
0.00170402
0.00029175
0.00121298
-0.00120483
0.00011985
0.00061324
-0.00056020
-0.00135861
0.00135384
0.00125007
-0.00061185
-0.00049202
-0.00048017
0.00166861
0.00246969
0.00055229
0.00006912
0.00002985
0.00153973
0.00189005
0.00102036
0.00076576
0.00122514
0.00071413
-0.00033054
-0.00017435
0.00035683
0.00250598
-0.03611697
0.00010387
-0.00102400
-0.00028713
0.00042637
-0.00060293
0.00122830
-0.00201875
0.00168079
-0.00131028
-0.00032400
0.00058063
-0.00115482
0.00146659
0.00045151
0.00079743
-0.00038732
-0.00209635
-0.00078284
0.00121851
-0.00088539
0.00121894
-0.00106995
0.00110458
0.00090301
0.00154532
-0.00127375
0.00000434
-0.00172833
-0.00065380
-0.00038450
0.00069858
0.00006155
-0.00077143
0.00113976
0.00027719
0.00115417
-0.00004295
0.00108169
-0.00130874
-0.00027222
0.00062119
-0.00021412
-0.00122825
0.00126495
0.00086236
-0.00006321
-0.00203185
-0.00097099
0.00145802
0.00244696
0.00046263
-0.00030438
0.00025634
0.00125645
0.00216437
0.00098079
0.00118013
0.00145743
0.00102595
-0.00032622
0.00003792
-0.00000449
0.00263368
-0.03505541
0.00013828
-0.00095285
-0.00034570
0.00065195
-0.00030553
0.00196547
-0.00160328
0.00156289
-0.00106502
0.00009485
0.00032208
-0.00109637
0.00110980
0.00057089
0.00123772
-0.00039788
-0.00152663
-0.00062229
0.00108242
-0.00070893
0.00181263
-0.00141148
0.00073027
0.00100826
0.00157060
-0.00135111
-0.00021865
-0.00192032
-0.00015500
-0.00012389
0.00071098
-0.00020833
-0.00116338
0.00126387
0.00103110
0.00118836
-0.00039068
0.00115051
-0.00102667
-0.00012702
0.00055803
-0.00043097
-0.00156272
0.00147937
0.00064713
-0.00028807
-0.00133855
-0.00123583
0.00150388
0.00242509
0.00030688
-0.00025290
0.00065994
0.00160436
0.00159175
0.00127416
0.00125071
0.00118425
0.00107972
-0.00011743
-0.00011605
-0.00012603
0.00230756
-0.03305477
0.00032013
-0.00116916
-0.00052969
0.00027454
-0.00042645
0.00192561
-0.00162676
0.00213485
-0.00113376
-0.00016298
0.00031097
-0.00123996
0.00098019
0.00094517
0.00124977
0.00000253
-0.00132572
-0.00097559
0.00080134
-0.00039119
0.00144302
-0.00102843
0.00036636
0.00059497
0.00139832
-0.00064613
-0.00035312
-0.00166005
0.00045084
-0.00033554
0.00114299
0.00020013
-0.00113497
0.00132906
0.00096630
0.00094141
-0.00067115
0.00116972
-0.00092302
-0.00008752
0.00042503
-0.00049960
-0.00136841
0.00134769
0.00076810
-0.00036969
-0.00130636
-0.00158010
0.00145928
0.00242024
0.00054279
-0.00014359
0.00075315
0.00119115
0.00155294
0.00124389
0.00144101
0.00121191
0.00112844
-0.00019296
-0.00042620
-0.00016500
0.00250292
-0.03246581
0.00038283
-0.00113770
-0.00089183
0.00035534
-0.00057795
0.00169894
-0.00144383
0.00215682
-0.00093894
-0.00020623
0.00040182
-0.00074365
0.00112001
0.00131011
0.00127875
0.00031004
-0.00124127
-0.00122757
0.00080182
-0.00019158
0.00130544
-0.00122255
0.00024025
0.00077578
0.00139724
-0.00051680
-0.00027581
-0.00146026
0.00059946
-0.00005103
0.00155225
0.00014550
-0.00087615
0.00111778
0.00051448
0.00062204
-0.00045153
0.00116656
-0.00051432
-0.00007529
0.00036098
-0.00054326
-0.00100631
0.00102162
0.00075767
-0.00023385
-0.00127986
-0.00135666
0.00164347
0.00242813
0.00073392
-0.00005391
0.00096314
0.00071473
0.00146684
0.00080249
0.00164223
0.00108012
0.00125718
-0.00024800
-0.00031952
-0.00024541
0.00235465
-0.03342356
0.00040889
-0.00097441
-0.00112296
0.00002052
-0.00031239
0.00195503
-0.00140775
0.00216240
-0.00078986
-0.00042291
0.00022216
-0.00097091
0.00123021
0.00126054
0.00136770
0.00010575
-0.00162607
-0.00143938
0.00064702
-0.00031738
0.00109539
-0.00116513
0.00021488
0.00099889
0.00169825
-0.00062242
-0.00017975
-0.00150052
0.00046778
-0.00010007
0.00138415
0.00001597
-0.00058126
0.00090003
0.00071024
0.00031562
-0.00036302
0.00107169
-0.00075936
0.00039609
0.00032392
-0.00075815
-0.00085975
0.00092215
0.00053508
-0.00006592
-0.00094761
-0.00121693
0.00152726
0.00223354
0.00118469
-0.00005325
0.00107709
0.00041775
0.00147199
0.00058975
0.00159168
0.00129694
0.00108457
-0.00033537
-0.00023647
-0.00018832
0.00221583
-0.03476059
0.00047026
-0.00101159
-0.00103320
-0.00027171
-0.00017715
0.00187864
-0.00133400
0.00213792
-0.00085330
-0.00019579
0.00031335
-0.00116750
0.00158927
0.00110996
0.00141290
0.00022360
-0.00149913
-0.00155268
0.00073626
-0.00030705
0.00087473
-0.00105274
0.00040189
0.00109683
0.00192358
-0.00076806
-0.00007305
-0.00143333
0.00037919
-0.00025090
0.00152999
-0.00006655
-0.00029568
0.00089305
0.00105807
0.00033011
-0.00070573
0.00142395
-0.00106052
0.00017021
0.00025778
-0.00067898
-0.00125953
0.00087020
0.00033252
-0.00016473
-0.00128845
-0.00096345
0.00153824
0.00217324
0.00089234
-0.00039453
0.00087940
0.00037943
0.00166881
0.00091307
0.00173358
0.00144041
0.00113788
-0.00053329
-0.00028251
-0.00069654
0.00247528
-0.03597600
0.00050290
-0.00097802
-0.00088234
-0.00037846
0.00008484
0.00173207
-0.00162915
0.00187316
-0.00063174
-0.00010366
0.00046232
-0.00106344
0.00174192
0.00141479
0.00145714
-0.00000892
-0.00132119
-0.00157810
0.00093055
0.00007025
0.00102895
-0.00111759
0.00074403
0.00127028
0.00212205
-0.00076212
-0.00031674
-0.00191949
0.00061087
-0.00037844
0.00114626
0.00005535
-0.00008029
0.00098885
0.00090571
0.00011308
-0.00056221
0.00128029
-0.00098793
0.00055005
-0.00008527
-0.00060072
-0.00096420
0.00083811
0.00059814
-0.00016497
-0.00063399
-0.00104136
0.00141406
0.00174556
0.00109165
-0.00047312
0.00065762
0.00043053
0.00148722
0.00077292
0.00138051
0.00138559
0.00089914
-0.00035383
-0.00021419
-0.00055115
0.00213379
-0.03515143
0.00066301
-0.00081086
-0.00092247
-0.00023397
0.00020270
0.00182490
-0.00131485
0.00172868
-0.00045551
0.00018459
0.00044651
-0.00116579
0.00146027
0.00145425
0.00150615
0.00031757
-0.00152476
-0.00141717
0.00090293
0.00018424
0.00093950
-0.00118828
0.00118680
0.00138120
0.00198354
-0.00077719
-0.00007823
-0.00149812
0.00051196
-0.00023727
0.00132295
0.00019665
-0.00021472
0.00077406
0.00092494
-0.00005902
-0.00060689
0.00117807
-0.00114385
0.00065481
0.00003848
-0.00080415
-0.00108136
0.00081585
0.00074946
-0.00041963
-0.00098012
-0.00126770
0.00153215
0.00166504
0.00099852
-0.00067978
0.00097677
0.00058901
0.00169498
0.00060767
0.00170704
0.00134123
0.00128802
-0.00042080
-0.00040702
-0.00062097
0.00251156
-0.03416655
0.00068480
-0.00044267
-0.00125572
-0.00008096
0.00029750
0.00193151
-0.00146332
0.00141188
-0.00042594
0.00005974
0.00058253
-0.00132674
0.00144018
0.00157839
0.00147589
0.00022802
-0.00170160
-0.00139318
0.00099259
0.00013747
0.00109096
-0.00111963
0.00111441
0.00145036
0.00209818
-0.00086199
-0.00019781
-0.00146998
0.00058164
-0.00017199
0.00146839
0.00004041
-0.00009123
0.00081526
0.00146490
0.00010017
0.00004181
0.00149485
-0.00094956
0.00074408
-0.00015201
-0.00037602
-0.00118151
0.00144283
0.00171733
-0.00031252
0.00394847
-0.00190811
0.00121877
0.00093128
0.00013431
-0.00018791
0.00039852
0.00134693
0.00193989
0.00044294
0.00152932
0.00095153
0.00040307
-0.00057636
-0.00006088
-0.00079147
0.00233422
-0.04468389
-0.00048734
-0.00071581
-0.00077266
0.00051482
-0.00030365
-0.00047090
-0.00102428
0.00050001
0.00037012
-0.00049590
0.00048892
-0.00122519
0.00026937
0.00118151
0.00140445
0.00021835
-0.00191537
-0.00150473
0.00095904
0.00106812
0.00151791
-0.00102187
0.00106535
0.00080945
0.00198599
-0.00136289
-0.00023422
0.00024415
0.00063801
0.00124898
0.00157598
0.00130789
-0.00069200
0.00087740
0.00094168
0.00021103
-0.00049064
0.00115587
-0.00081176
0.00080479
-0.00015799
-0.00075585
-0.00090356
0.00115716
0.00085015
-0.00029673
-0.00035577
-0.00137101
0.00148706
0.00154390
0.00067489
-0.00035090
0.00088458
0.00059783
0.00191178
0.00042947
0.00145472
0.00140339
0.00085994
-0.00035835
-0.00017393
-0.00075520
0.00253782
-0.03779309
0.00050922
-0.00072126
-0.00101214
-0.00020224
0.00013068
0.00140458
-0.00142733
0.00102771
-0.00006425
-0.00022415
0.00050704
-0.00099870
0.00111624
0.00145097
0.00135341
0.00009093
-0.00155753
-0.00141383
0.00089738
0.00007593
0.00107467
-0.00107199
0.00090926
0.00131524
0.00173753
-0.00083298
-0.00039910
-0.00123996
0.00059032
0.00011468
0.00147555
0.00040155
-0.00015144
0.00083347
0.00084886
0.00018545
-0.00044209
0.00103427
-0.00076679
0.00074839
-0.00029613
-0.00087958
-0.00067733
0.00099171
0.00064584
-0.00040693
-0.00068589
-0.00148282
0.00168472
0.00151939
0.00071064
-0.00055758
0.00104226
0.00047296
0.00197029
0.00028487
0.00136982
0.00121824
0.00117628
-0.00032331
-0.00013892
-0.00067454
0.00268476
-0.03565428
0.00060586
-0.00066079
-0.00091272
-0.00006234
0.00046886
0.00130809
-0.00140842
0.00112753
0.00000817
-0.00014276
0.00029977
-0.00089198
0.00106884
0.00141410
0.00134847
-0.00006539
-0.00150682
-0.00149884
0.00095255
-0.00008698
0.00080257
-0.00096784
0.00079488
0.00145604
0.00182099
-0.00094203
-0.00000639
-0.00123833
0.00041314
-0.00021184
0.00132526
0.00016515
-0.00013875
0.00070904
0.00099159
0.00012094
-0.00058875
0.00111260
-0.00082407
0.00100166
-0.00005807
-0.00073423
-0.00089488
0.00105714
0.00048500
-0.00055318
-0.00054758
-0.00161121
0.00160828
0.00135811
0.00064979
-0.00060517
0.00102102
0.00067715
0.00200584
0.00049596
0.00145760
0.00109383
0.00121751
-0.00054107
-0.00035993
-0.00055583
0.00277418
-0.03530907
0.00076258
-0.00066079
-0.00104315
0.00001276
0.00052404
0.00136979
-0.00143336
0.00095382
0.00018318
-0.00032526
0.00004897
-0.00056594
0.00085889
0.00127897
0.00132543
0.00012144
-0.00145300
-0.00169992
0.00092661
-0.00030882
0.00098842
-0.00092145
0.00091652
0.00145379
0.00189774
-0.00087878
-0.00010649
-0.00118952
0.00072298
-0.00025754
0.00116535
0.00015404
0.00002820
0.00070468
0.00103415
0.00007873
-0.00069012
0.00151240
-0.00113924
0.00091474
0.00011527
-0.00074709
-0.00068102
0.00091379
0.00034508
-0.00058549
-0.00101653
-0.00138535
0.00155739
0.00135788
0.00093452
-0.00054134
0.00093176
0.00053325
0.00220940
0.00028576
0.00158101
0.00124069
0.00161119
-0.00061560
-0.00082711
-0.00046625
0.00246592
-0.03348908
0.00076994
-0.00061774
-0.00100330
0.00032431
0.00057442
0.00100313
-0.00132469
0.00078590
0.00001895
-0.00058952
0.00014549
-0.00065023
0.00056588
0.00107627
0.00147886
0.00019357
-0.00154920
-0.00170816
0.00070125
-0.00042686
0.00102198
-0.00071286
0.00093892
0.00169058
0.00196349
-0.00099634
-0.00028178
-0.00121615
0.00065217
-0.00022735
0.00112777
0.00008162
0.00006510
0.00079417
0.00108319
0.00034679
-0.00040947
0.00129501
-0.00110035
0.00113347
0.00010409
-0.00032235
-0.00071969
0.00126028
0.00037919
-0.00067894
0.00063132
-0.00170872
0.00140818
0.00127442
0.00062467
-0.00031845
0.00079368
0.00100934
0.00209693
0.00039500
0.00151705
0.00097443
0.00127863
-0.00047819
-0.00052325
-0.00069202
0.00266344
-0.03719794
0.00040645
-0.00088738
-0.00080145
0.00037077
0.00026252
0.00011913
-0.00117647
0.00026886
0.00038604
-0.00076061
0.00018996
-0.00041051
-0.00013322
0.00097534
0.00127289
0.00023358
-0.00150137
-0.00171311
0.00064373
-0.00026090
0.00121013
-0.00055219
0.00078162
0.00142509
0.00210869
-0.00128222
-0.00054223
-0.00058441
0.00079735
0.00026373
0.00114288
0.00068671
-0.00024958
0.00091333
0.00120529
0.00022519
-0.00040000
0.00135300
-0.00119174
0.00095974
0.00019346
-0.00042913
-0.00056800
0.00075886
0.00061974
-0.00049820
-0.00001218
-0.00144878
0.00129244
0.00125357
0.00095281
-0.00035180
0.00093429
0.00084725
0.00189813
0.00031497
0.00150302
0.00104634
0.00128351
-0.00048308
-0.00049030
-0.00068570
0.00249743
-0.03415413
0.00044074
-0.00071000
-0.00073737
0.00024267
0.00047017
0.00061821
-0.00111148
0.00053818
-0.00007729
-0.00077541
0.00021909
-0.00051100
0.00036729
0.00107791
0.00129389
0.00009072
-0.00153086
-0.00165008
0.00060512
-0.00017827
0.00114005
-0.00050931
0.00067510
0.00169470
0.00185065
-0.00114078
-0.00013740
-0.00089083
0.00045747
0.00009707
0.00098873
0.00033558
0.00008837
0.00070310
0.00116922
0.00008168
-0.00029712
0.00129374
-0.00102300
0.00091802
0.00032093
-0.00035613
-0.00045283
0.00066695
0.00047392
-0.00071924
-0.00018154
-0.00148332
0.00122976
0.00114909
0.00095641
-0.00044159
0.00115490
0.00042143
0.00180974
0.00015423
0.00144908
0.00091129
0.00132675
-0.00034340
-0.00082002
-0.00069374
0.00249383
-0.03463207
0.00036029
-0.00055873
-0.00082106
0.00020860
0.00039192
0.00033096
-0.00128705
0.00030795
0.00013519
-0.00101932
0.00021380
-0.00038469
0.00038306
0.00095158
0.00114042
0.00022179
-0.00129675
-0.00169733
0.00051829
-0.00010436
0.00121820
-0.00058587
0.00074195
0.00155595
0.00189326
-0.00128698
-0.00037625
-0.00083730
0.00067699
-0.00003716
0.00073649
0.00033317
0.00022455
0.00076305
0.00124323
0.00038010
-0.00010766
0.00111997
-0.00103826
0.00110824
0.00023910
-0.00001025
-0.00052485
0.00103152
0.00056593
-0.00063544
0.00136111
-0.00174746
0.00110996
0.00112074
0.00067121
-0.00018918
0.00091807
0.00103126
0.00174684
0.00031336
0.00141771
0.00077191
0.00095969
-0.00029274
-0.00035766
-0.00089724
0.00265474
-0.03800585
0.00005881
-0.00087390
-0.00057369
0.00023921
0.00016792
-0.00030035
-0.00103598
-0.00002742
0.00037574
-0.00101572
0.00026689
-0.00022408
-0.00023504
0.00095245
0.00104042
0.00017513
-0.00135674
-0.00167220
0.00053556
0.00001742
0.00133875
-0.00042672
0.00055419
0.00138925
0.00196242
-0.00144528
-0.00049422
-0.00032534
0.00069669
0.00049237
0.00087922
0.00086255
-0.00012664
0.00082934
0.00120729
0.00027049
-0.00024164
0.00130364
-0.00102010
0.00108067
0.00030327
0.00001065
-0.00055676
0.00069812
0.00081465
-0.00078791
0.00009663
-0.00150073
0.00112643
0.00120150
0.00089050
-0.00034736
0.00101168
0.00057842
0.00169978
0.00039464
0.00126125
0.00058252
0.00099566
-0.00046671
-0.00067018
-0.00083272
0.00232903
-0.03600038
0.00000710
-0.00082226
-0.00054959
0.00012325
0.00023612
-0.00012309
-0.00096523
0.00028748
0.00006214
-0.00099895
0.00020057
-0.00033213
0.00031728
0.00076321
0.00113364
-0.00010015
-0.00134807
-0.00190203
0.00066351
0.00002561
0.00119832
-0.00042911
0.00079484
0.00142026
0.00173488
-0.00149167
-0.00011697
-0.00064368
0.00032087
0.00019391
0.00060771
0.00043213
0.00016254
0.00076737
0.00128951
0.00031157
-0.00049021
0.00128984
-0.00102894
0.00092801
0.00027492
-0.00018621
-0.00064047
0.00050425
0.00076958
-0.00103098
-0.00027781
-0.00167684
0.00095986
0.00125607
0.00101640
-0.00037977
0.00092788
0.00039394
0.00154042
0.00034356
0.00120337
0.00055850
0.00116556
-0.00039964
-0.00071621
-0.00085122
0.00242092
-0.03456947
0.00013459
-0.00085835
-0.00073169
0.00006236
0.00034257
0.00043031
-0.00093317
0.00031936
-0.00010818
-0.00102516
0.00029388
-0.00041712
0.00046263
0.00061591
0.00115756
0.00002278
-0.00126604
-0.00187920
0.00048948
0.00003823
0.00121532
-0.00063491
0.00057830
0.00144948
0.00164204
-0.00128496
-0.00014194
-0.00075924
0.00052012
0.00009762
0.00052867
0.00014529
0.00026005
0.00068993
0.00144055
0.00059603
-0.00053889
0.00113082
-0.00107290
0.00102818
0.00014233
-0.00005336
-0.00082767
0.00075930
0.00080885
-0.00114541
0.00090267
-0.00206244
0.00078829
0.00129530
0.00081246
-0.00021016
0.00067546
0.00085813
0.00142014
0.00053016
0.00118277
0.00041285
0.00096864
-0.00030734
-0.00033804
-0.00110355
0.00265087
-0.03693479
0.00001114
-0.00119571
-0.00074119
0.00005361
0.00020025
0.00018965
-0.00073407
0.00003095
0.00006196
-0.00102473
0.00041582
-0.00037550
0.00000149
0.00054024
0.00108067
0.00011594
-0.00126521
-0.00184933
0.00041345
0.00018486
0.00138517
-0.00063528
0.00030343
0.00131287
0.00173936
-0.00128603
-0.00029665
-0.00035739
0.00074517
0.00052274
0.00067131
0.00051596
-0.00002955
0.00073116
0.00139158
0.00031963
-0.00031507
0.00113308
-0.00092001
0.00096747
0.00022391
-0.00005980
-0.00071141
0.00046655
0.00087796
-0.00102612
0.00044214
-0.00170851
0.00103115
0.00115399
0.00104929
-0.00023859
0.00094935
0.00049173
0.00158325
0.00046002
0.00118238
0.00043575
0.00079793
-0.00055797
-0.00048552
-0.00087360
0.00245901
-0.03554130
-0.00005976
-0.00091721
-0.00073444
0.00003724
0.00009356
0.00007135
-0.00087905
0.00044757
0.00004230
-0.00121625
0.00041922
-0.00064180
0.00038859
0.00055230
0.00109121
0.00002719
-0.00147568
-0.00164867
0.00056937
0.00023188
0.00110372
-0.00077205
0.00055373
0.00125705
0.00139417
-0.00114230
-0.00014708
-0.00069101
0.00057765
0.00047749
0.00054592
0.00038200
0.00024410
0.00066442
0.00134386
0.00031625
-0.00046209
0.00111692
-0.00080275
0.00080133
0.00022102
-0.00022935
-0.00081519
0.00053947
0.00090388
-0.00098256
0.00055493
-0.00145658
0.00086577
0.00108122
0.00112562
-0.00020106
0.00088998
0.00066536
0.00152814
0.00057459
0.00124430
0.00058482
0.00074063
-0.00076574
-0.00031073
-0.00080160
0.00248404
-0.03495919
0.00011204
-0.00089468
-0.00083914
0.00011171
0.00017025
0.00022376
-0.00088775
0.00030879
0.00001416
-0.00105342
0.00029188
-0.00077710
0.00022529
0.00060279
0.00117384
0.00000236
-0.00148120
-0.00159473
0.00064204
0.00036400
0.00104538
-0.00081374
0.00040049
0.00118076
0.00144675
-0.00117953
-0.00019359
-0.00069573
0.00055326
0.00038632
0.00058815
0.00036178
0.00011138
0.00058278
0.00139378
0.00045328
-0.00045130
0.00092689
-0.00077801
0.00086958
0.00011834
-0.00009715
-0.00089998
0.00079088
0.00092762
-0.00101285
0.00165253
-0.00162875
0.00071138
0.00101548
0.00096717
-0.00003394
0.00070565
0.00111107
0.00144942
0.00068729
0.00124074
0.00052252
0.00050895
-0.00077811
0.00005743
-0.00093498
0.00265743
-0.03713543
0.00004907
-0.00109192
-0.00082427
0.00013563
0.00008921
-0.00000856
-0.00069630
0.00000651
0.00020213
-0.00097890
0.00034089
-0.00077419
-0.00026509
0.00057696
0.00114223
0.00002170
-0.00154217
-0.00153972
0.00067867
0.00049680
0.00110546
-0.00080429
0.00021533
0.00107756
0.00153594
-0.00124665
-0.00035035
-0.00037929
0.00067291
0.00070297
0.00072322
0.00068232
-0.00017391
0.00059550
0.00139836
0.00037968
-0.00033061
0.00108163
-0.00083017
0.00087734
0.00018532
-0.00005347
-0.00084929
0.00068259
0.00085817
-0.00100137
0.00118641
-0.00166537
0.00079156
0.00108161
0.00109025
-0.00003969
0.00067647
0.00094007
0.00163716
0.00051692
0.00132043
0.00048740
0.00067499
-0.00066522
-0.00001665
-0.00096517
0.00251702
-0.03760570
0.00012926
-0.00108711
-0.00088659
0.00014388
0.00020978
0.00004478
-0.00088061
0.00008660
0.00012299
-0.00097197
0.00025526
-0.00075853
-0.00009489
0.00053368
0.00120365
0.00005710
-0.00145571
-0.00152489
0.00063944
0.00044515
0.00112306
-0.00076569
0.00018882
0.00116226
0.00152437
-0.00123505
-0.00030546
-0.00050965
0.00067792
0.00061331
0.00058172
0.00061690
-0.00008614
0.00054908
0.00124403
0.00042709
-0.00007011
0.00104835
-0.00076401
0.00082243
0.00026201
0.00007664
-0.00073390
0.00069486
0.00106701
-0.00095373
0.00181866
-0.00157793
0.00079543
0.00110194
0.00097634
0.00013830
0.00063876
0.00092266
0.00146100
0.00027868
0.00116756
0.00046577
0.00056659
-0.00057345
0.00000362
-0.00094995
0.00234731
-0.03826139
-0.00003709
-0.00102542
-0.00059830
0.00016666
0.00013248
0.00003247
-0.00092266
0.00035901
-0.00002833
-0.00109983
0.00041676
-0.00062673
0.00013099
0.00061671
0.00101869
0.00003525
-0.00161487
-0.00154386
0.00051688
0.00059469
0.00100256
-0.00055325
0.00026842
0.00118139
0.00161370
-0.00135092
-0.00021985
-0.00046966
0.00048215
0.00064513
0.00052305
0.00065173
-0.00009294
0.00054587
0.00121560
0.00040819
-0.00029603
0.00106404
-0.00065819
0.00065747
0.00025436
-0.00009633
-0.00079049
0.00060335
0.00105466
-0.00098176
0.00094818
-0.00165240
0.00063579
0.00121650
0.00105986
-0.00006452
0.00081457
0.00083489
0.00156042
0.00022097
0.00127136
0.00047013
0.00070847
-0.00064360
-0.00023917
-0.00098572
0.00236331
-0.03692774
0.00023489
-0.00087939
-0.00074672
0.00022842
0.00021818
0.00035244
-0.00099593
0.00038850
0.00016438
-0.00092674
0.00033404
-0.00065904
0.00026004
0.00047132
0.00104512
0.00008696
-0.00151604
-0.00149399
0.00041728
0.00051042
0.00093278
-0.00052152
0.00025682
0.00111035
0.00156960
-0.00120538
-0.00025712
-0.00043570
0.00055138
0.00046988
0.00043971
0.00051764
0.00002153
0.00059091
0.00112093
0.00033415
-0.00039469
0.00120343
-0.00059555
0.00062581
0.00019534
-0.00012320
-0.00104861
0.00053199
0.00093861
-0.00086541
0.00102855
-0.00157690
0.00062252
0.00127406
0.00108795
-0.00009456
0.00086165
0.00069782
0.00140559
0.00018177
0.00130306
0.00031079
0.00080623
-0.00078577
-0.00024469
-0.00098592
0.00233647
-0.03646036
0.00020560
-0.00088334
-0.00072606
0.00029437
0.00023268
0.00051580
-0.00085594
0.00058626
-0.00008376
-0.00073257
0.00029478
-0.00070949
0.00035231
0.00048605
0.00095397
0.00005970
-0.00145646
-0.00143215
0.00032666
0.00058321
0.00089632
-0.00047183
0.00017479
0.00103257
0.00151915
-0.00110412
-0.00015770
-0.00046069
0.00060280
0.00038754
0.00051881
0.00037404
0.00007838
0.00057392
0.00112953
0.00029291
-0.00052742
0.00123134
-0.00055295
0.00055518
0.00020372
-0.00012233
-0.00119054
0.00056985
0.00077908
-0.00090798
0.00095303
-0.00163022
0.00063919
0.00129876
0.00110445
-0.00013317
0.00087622
0.00071711
0.00159898
0.00027353
0.00148243
0.00029012
0.00093565
-0.00080538
-0.00018240
-0.00111564
0.00232140
-0.03683857
0.00024514
-0.00093142
-0.00086744
0.00029605
0.00036063
0.00041651
-0.00096218
0.00053872
0.00008486
-0.00072703
0.00021313
-0.00071353
0.00036825
0.00021516
0.00082216
0.00006706
-0.00148576
-0.00142126
0.00035251
0.00056473
0.00086116
-0.00050002
-0.00003698
0.00103974
0.00152496
-0.00112235
-0.00017549
-0.00037504
0.00065430
0.00024429
0.00049421
0.00037744
0.00011155
0.00055436
0.00111503
0.00035614
-0.00031764
0.00116227
-0.00053246
0.00057650
0.00011634
-0.00004651
-0.00117625
0.00068851
0.00078619
-0.00090720
0.00167054
-0.00155639
0.00068928
0.00125713
0.00093641
0.00005019
0.00079641
0.00083390
0.00159382
0.00028336
0.00143451
0.00038232
0.00080168
-0.00080764
0.00004819
-0.00116572
0.00226067
-0.03878157
0.00011997
-0.00097357
-0.00075414
0.00020434
0.00027507
0.00015752
-0.00096720
0.00032299
0.00018027
-0.00073341
0.00027956
-0.00073172
0.00027739
0.00023731
0.00085669
-0.00002048
-0.00148331
-0.00139528
0.00036843
0.00060448
0.00089485
-0.00050730
-0.00011983
0.00096142
0.00153293
-0.00116926
-0.00020370
-0.00021746
0.00057823
0.00035460
0.00052100
0.00061265
-0.00002208
0.00057589
0.00113009
0.00014280
-0.00032232
0.00124392
-0.00048361
0.00057010
0.00006183
-0.00009838
-0.00127145
0.00075401
0.00081940
-0.00084603
0.00106868
-0.00157074
0.00074395
0.00130566
0.00098307
0.00000914
0.00099162
0.00064455
0.00165469
0.00026620
0.00141337
0.00041557
0.00090713
-0.00080077
-0.00010753
-0.00110753
0.00219622
-0.03729578
0.00013966
-0.00091646
-0.00075539
0.00018693
0.00028949
0.00005412
-0.00095890
0.00029638
0.00026943
-0.00074547
0.00008133
-0.00080169
0.00040524
0.00028296
0.00088404
-0.00010157
-0.00141397
-0.00131719
0.00045951
0.00047479
0.00100402
-0.00046776
-0.00011342
0.00093711
0.00152605
-0.00115159
-0.00023225
-0.00037835
0.00050617
0.00024761
0.00054016
0.00045205
0.00004574
0.00053233
0.00123555
0.00035992
-0.00022860
0.00136742
-0.00041511
0.00048932
0.00012672
-0.00009565
-0.00133597
0.00086125
0.00070653
-0.00082236
0.00100762
-0.00161913
0.00061347
0.00127887
0.00089265
-0.00004461
0.00094977
0.00072666
0.00170397
0.00042740
0.00135503
0.00033851
0.00082124
-0.00075922
-0.00014850
-0.00122099
0.00233301
-0.03716351
0.00009171
-0.00091224
-0.00070891
0.00011699
0.00038346
0.00020660
-0.00090038
0.00023442
0.00028674
-0.00074800
0.00025994
-0.00080090
0.00038129
0.00025618
0.00085430
0.00005000
-0.00140695
-0.00119314
0.00056668
0.00048912
0.00108056
-0.00043049
-0.00021338
0.00094705
0.00154131
-0.00125407
-0.00029495
-0.00035372
0.00052324
0.00020407
0.00056265
0.00034326
-0.00001697
0.00043989
0.00132492
0.00042819
-0.00025375
0.00136768
-0.00031327
0.00045870
0.00015202
-0.00018878
-0.00145725
0.00090248
0.00052531
-0.00077161
0.00079938
-0.00159995
0.00060516
0.00129064
0.00084747
-0.00011854
0.00088665
0.00073811
0.00175886
0.00049382
0.00138238
0.00034391
0.00085410
-0.00075290
-0.00021424
-0.00130979
0.00232414
-0.03717932
0.00023393
-0.00084082
-0.00079324
0.00006350
0.00058229
0.00043322
-0.00100024
0.00011380
0.00033529
-0.00079006
0.00028373
-0.00073636
0.00040973
0.00015886
0.00084000
0.00016303
-0.00133766
-0.00110116
0.00058338
0.00043466
0.00116958
-0.00041804
-0.00033786
0.00104484
0.00151716
-0.00127511
-0.00035967
-0.00042921
0.00062707
0.00018694
0.00054619
0.00019226
0.00002310
0.00039264
0.00146579
0.00043027
-0.00013515
0.00136836
-0.00041422
0.00049142
0.00017813
-0.00014401
-0.00120350
0.00089110
0.00058851
-0.00083058
0.00089686
-0.00153035
0.00080361
0.00129204
0.00085852
-0.00010508
0.00083875
0.00067563
0.00172097
0.00044141
0.00139923
0.00027481
0.00077759
-0.00061315
-0.00014490
-0.00121772
0.00232209
-0.03727303
0.00025643
-0.00092005
-0.00071585
0.00007865
0.00050133
0.00060536
-0.00111586
0.00017424
0.00018674
-0.00082271
0.00035169
-0.00062166
0.00051222
0.00011311
0.00093943
0.00001705
-0.00136499
-0.00124731
0.00060783
0.00043664
0.00114090
-0.00033995
-0.00011416
0.00101478
0.00156886
-0.00144994
-0.00042554
-0.00052696
0.00057173
0.00019962
0.00058010
0.00030810
0.00010242
0.00044982
0.00200186
0.00066595
0.00010597
0.00174651
-0.00027178
0.00039110
0.00009057
-0.00009536
-0.00125414
0.00116680
0.00071076
-0.00072964
0.00294810
-0.00166904
0.00078143
0.00097541
0.00040650
0.00012442
0.00042147
0.00091130
0.00194720
0.00054328
0.00133547
0.00003819
0.00033211
-0.00076536
0.00015175
-0.00130366
0.00228603
-0.04194983
-0.00011771
-0.00122943
-0.00046422
0.00021386
0.00048170
0.00010479
-0.00095333
-0.00014203
0.00035134
-0.00106008
0.00032568
-0.00042998
0.00019486
-0.00033942
0.00104160
-0.00008322
-0.00136475
-0.00139605
0.00066981
0.00073096
0.00131118
-0.00029286
-0.00029244
0.00079459
0.00143064
-0.00170290
-0.00039962
-0.00002385
0.00063301
0.00060788
0.00059902
0.00068610
-0.00003522
0.00036503
0.00156746
0.00052123
0.00008876
0.00131851
-0.00033345
0.00055065
0.00012261
0.00000436
-0.00112136
0.00097365
0.00070519
-0.00070628
0.00203190
-0.00155269
0.00070244
0.00119969
0.00068634
0.00018564
0.00071754
0.00087790
0.00173442
0.00031638
0.00130450
0.00034216
0.00050265
-0.00055178
0.00009208
-0.00122283
0.00225245
-0.04000040
0.00006279
-0.00100109
-0.00047876
0.00007403
0.00020831
0.00023650
-0.00108802
0.00012045
0.00023427
-0.00086374
0.00041297
-0.00057006
0.00041483
0.00006035
0.00092654
-0.00009545
-0.00137107
-0.00122436
0.00062471
0.00054600
0.00113911
-0.00031401
-0.00011925
0.00090716
0.00146825
-0.00148592
-0.00048410
-0.00031092
0.00050398
0.00043764
0.00058589
0.00054648
-0.00006303
0.00048084
0.00146297
0.00053470
-0.00007160
0.00130044
-0.00022059
0.00042196
0.00002957
-0.00008889
-0.00117767
0.00094491
0.00058399
-0.00078631
0.00121668
-0.00157493
0.00068249
0.00115315
0.00069303
0.00002636
0.00079806
0.00067101
0.00169079
0.00039926
0.00146212
0.00037446
0.00070419
-0.00060078
-0.00016814
-0.00125331
0.00225371
-0.03809408
0.00029697
-0.00084634
-0.00054504
0.00011804
0.00029993
0.00038222
-0.00109284
0.00007875
0.00034640
-0.00091681
0.00028287
-0.00066112
0.00036231
0.00011638
0.00089117
-0.00004991
-0.00139421
-0.00112099
0.00069538
0.00046146
0.00113827
-0.00035186
-0.00003395
0.00091344
0.00133446
-0.00130939
-0.00048945
-0.00063600
0.00065733
0.00035732
0.00049704
0.00034533
-0.00012044
0.00046953
0.00145375
0.00053865
-0.00016303
0.00114695
-0.00022805
0.00048887
0.00001214
-0.00012276
-0.00123575
0.00104868
0.00062090
-0.00071725
0.00095587
-0.00162112
0.00078091
0.00122904
0.00065855
-0.00004982
0.00076537
0.00068662
0.00167534
0.00039366
0.00141897
0.00040120
0.00078396
-0.00069620
-0.00016308
-0.00126206
0.00226631
-0.03717700
0.00030662
-0.00090723
-0.00042325
0.00010480
0.00035196
0.00030088
-0.00116441
0.00006576
0.00045617
-0.00091015
0.00028046
-0.00069530
0.00026593
0.00019592
0.00074576
-0.00023423
-0.00148024
-0.00119217
0.00078154
0.00047195
0.00130677
-0.00042912
-0.00011099
0.00085478
0.00133998
-0.00122860
-0.00048463
-0.00062570
0.00060131
0.00039901
0.00032219
0.00029196
-0.00013165
0.00046104
0.00148556
0.00058424
-0.00034713
0.00115946
-0.00026513
0.00050533
0.00006039
-0.00019119
-0.00142712
0.00085671
0.00051188
-0.00078574
0.00063390
-0.00157227
0.00071316
0.00128780
0.00072221
-0.00012042
0.00078576
0.00061977
0.00168494
0.00053716
0.00142850
0.00038100
0.00086876
-0.00077752
-0.00027079
-0.00140446
0.00228466
-0.03676718
0.00038021
-0.00090633
-0.00048735
0.00009712
0.00050368
0.00076100
-0.00123188
0.00015320
0.00043095
-0.00087670
0.00030600
-0.00064731
0.00035484
0.00006568
0.00082028
-0.00026071
-0.00135377
-0.00125455
0.00086084
0.00043968
0.00140152
-0.00041413
-0.00006665
0.00094786
0.00131269
-0.00140333
-0.00040270
-0.00063264
0.00055544
0.00042512
0.00031513
0.00019341
-0.00012543
0.00047550
0.00144534
0.00052717
-0.00036663
0.00116926
-0.00028439
0.00054367
0.00005662
-0.00020853
-0.00154335
0.00091314
0.00051220
-0.00078723
0.00057304
-0.00145619
0.00077029
0.00136344
0.00068673
-0.00008273
0.00081165
0.00062275
0.00167637
0.00055986
0.00141710
0.00044239
0.00085965
-0.00080284
-0.00026229
-0.00145012
0.00217804
-0.03709018
0.00036790
-0.00089907
-0.00041074
0.00008022
0.00050187
0.00080930
-0.00130724
0.00013820
0.00037080
-0.00087041
0.00033136
-0.00055945
0.00035926
0.00006515
0.00091797
-0.00019667
-0.00127440
-0.00128892
0.00086263
0.00039905
0.00135980
-0.00036071
-0.00010266
0.00091341
0.00121812
-0.00147969
-0.00044938
-0.00067062
0.00059594
0.00050242
0.00027608
0.00020904
-0.00016759
0.00042447
0.00142011
0.00036767
-0.00028799
0.00118400
-0.00031869
0.00063818
0.00012825
-0.00015067
-0.00141604
0.00089232
0.00056793
-0.00071302
0.00083056
-0.00143965
0.00059675
0.00144232
0.00080610
-0.00002542
0.00068018
0.00067354
0.00162684
0.00059404
0.00130928
0.00042348
0.00074525
-0.00088333
-0.00016708
-0.00148756
0.00213893
-0.03750653
0.00026025
-0.00094629
-0.00037860
0.00013675
0.00050613
0.00048664
-0.00119296
0.00019079
0.00028373
-0.00079649
0.00036040
-0.00057532
0.00027391
0.00012227
0.00102055
-0.00020623
-0.00130379
-0.00127222
0.00087264
0.00050903
0.00140350
-0.00038399
-0.00007589
0.00096285
0.00123346
-0.00148482
-0.00037885
-0.00064412
0.00051966
0.00049334
0.00030954
0.00024615
-0.00017026
0.00043067
0.00156908
0.00044645
-0.00036338
0.00116361
-0.00027133
0.00066008
0.00010544
-0.00011978
-0.00161172
0.00095610
0.00042886
-0.00073324
0.00127017
-0.00147350
0.00046574
0.00148144
0.00071853
0.00003601
0.00054824
0.00077701
0.00160902
0.00077842
0.00129911
0.00028611
0.00065846
-0.00100780
-0.00003511
-0.00172421
0.00216734
-0.03855716
0.00022970
-0.00110550
-0.00031291
0.00016486
0.00060892
0.00051599
-0.00112421
0.00002767
0.00034026
-0.00078481
0.00042769
-0.00049538
0.00005467
-0.00010582
0.00102847
-0.00028550
-0.00122506
-0.00127119
0.00099329
0.00057929
0.00157097
-0.00034345
-0.00026322
0.00091077
0.00113454
-0.00165201
-0.00041091
-0.00052173
0.00057865
0.00067888
0.00028603
0.00030791
-0.00028692
0.00039558
0.00137532
0.00036043
-0.00020255
0.00125387
-0.00035195
0.00066142
0.00016255
-0.00003261
-0.00135164
0.00089374
0.00061305
-0.00066970
0.00100695
-0.00137106
0.00064760
0.00148870
0.00075634
0.00001282
0.00068507
0.00069919
0.00163644
0.00069002
0.00119197
0.00043690
0.00068481
-0.00091600
-0.00014018
-0.00152833
0.00210877
-0.03789563
0.00020709
-0.00085558
-0.00032310
0.00017352
0.00043295
0.00020005
-0.00121971
0.00021848
0.00029803
-0.00080797
0.00042446
-0.00051593
0.00033812
0.00022487
0.00088796
-0.00014759
-0.00134279
-0.00127911
0.00092564
0.00042145
0.00129348
-0.00033375
0.00002326
0.00109320
0.00128904
-0.00148476
-0.00038569
-0.00063936
0.00041643
0.00053415
0.00037787
0.00026324
-0.00017657
0.00049968
0.00154921
0.00045625
-0.00029430
0.00126677
-0.00029402
0.00066682
0.00015693
0.00000578
-0.00157717
0.00094631
0.00043801
-0.00069295
0.00142187
-0.00140322
0.00052515
0.00153423
0.00065678
0.00005353
0.00057603
0.00080186
0.00159682
0.00091334
0.00118050
0.00027172
0.00061383
-0.00104424
-0.00003609
-0.00177116
0.00214594
-0.03868243
0.00020352
-0.00098656
-0.00027190
0.00018576
0.00055160
0.00029049
-0.00115295
0.00009898
0.00035061
-0.00079333
0.00050847
-0.00042831
0.00016580
-0.00000124
0.00085726
-0.00018366
-0.00127037
-0.00128136
0.00104125
0.00046822
0.00142987
-0.00026826
-0.00015789
0.00106629
0.00121932
-0.00162365
-0.00042481
-0.00052886
0.00049544
0.00068818
0.00037917
0.00029140
-0.00026365
0.00047039
0.00149970
0.00039619
-0.00019421
0.00130998
-0.00033694
0.00066876
0.00016692
0.00002388
-0.00148837
0.00091299
0.00047370
-0.00068910
0.00118047
-0.00144431
0.00058167
0.00153433
0.00075781
0.00005813
0.00056239
0.00075358
0.00170768
0.00075893
0.00124703
0.00030590
0.00068664
-0.00093652
-0.00002446
-0.00171819
0.00209483
-0.03897388
0.00026148
-0.00097754
-0.00035540
0.00019229
0.00056274
0.00026338
-0.00125599
0.00012660
0.00031672
-0.00076783
0.00041879
-0.00048654
0.00023196
0.00006678
0.00091064
-0.00013986
-0.00125828
-0.00124002
0.00098103
0.00047113
0.00139433
-0.00028596
-0.00015405
0.00108601
0.00125916
-0.00156638
-0.00042474
-0.00060246
0.00051155
0.00063183
0.00032222
0.00030749
-0.00023914
0.00044684
0.00132567
0.00038893
0.00003816
0.00127844
-0.00037613
0.00064777
0.00009176
0.00021241
-0.00126123
0.00092983
0.00065237
-0.00072954
0.00139650
-0.00140012
0.00061346
0.00146730
0.00081444
0.00017806
0.00065052
0.00080211
0.00155991
0.00071237
0.00112059
0.00041205
0.00056631
-0.00077507
0.00014395
-0.00155999
0.00207202
-0.03939005
0.00013086
-0.00093738
-0.00032373
0.00014238
0.00034322
0.00003912
-0.00132762
0.00025253
0.00019447
-0.00077274
0.00050186
-0.00055432
0.00015992
0.00023926
0.00088679
-0.00014384
-0.00133456
-0.00117332
0.00096553
0.00051462
0.00122264
-0.00030258
-0.00010154
0.00110534
0.00128826
-0.00159341
-0.00045004
-0.00057828
0.00050022
0.00056950
0.00048580
0.00027523
-0.00029977
0.00043284
0.00135369
0.00031109
-0.00001010
0.00135433
-0.00033707
0.00067669
0.00006290
0.00015814
-0.00135067
0.00087311
0.00066199
-0.00073403
0.00150124
-0.00146673
0.00057577
0.00143899
0.00091828
0.00019944
0.00060388
0.00072776
0.00156325
0.00073188
0.00099098
0.00040528
0.00055806
-0.00083346
0.00004111
-0.00152723
0.00218717
-0.03868923
0.00017785
-0.00091996
-0.00031662
0.00010013
0.00024612
0.00016314
-0.00133202
0.00023702
0.00016946
-0.00079224
0.00054122
-0.00054664
0.00023403
0.00021852
0.00089250
-0.00012993
-0.00133078
-0.00119235
0.00094470
0.00049754
0.00118361
-0.00037315
0.00001421
0.00103729
0.00122449
-0.00158916
-0.00035688
-0.00053027
0.00047279
0.00055210
0.00049006
0.00021224
-0.00023864
0.00043221
0.00141409
0.00023375
-0.00009023
0.00134428
-0.00031392
0.00055123
0.00010185
0.00017251
-0.00132272
0.00084089
0.00056812
-0.00078023
0.00135232
-0.00142673
0.00056546
0.00146413
0.00095998
0.00012144
0.00060277
0.00065660
0.00154128
0.00079839
0.00095630
0.00042979
0.00058786
-0.00076580
-0.00005493
-0.00148085
0.00216444
-0.03858644
0.00023903
-0.00086427
-0.00036296
0.00004958
0.00031288
0.00007264
-0.00138903
0.00016298
0.00027474
-0.00087256
0.00057962
-0.00056943
0.00026667
0.00017474
0.00085811
0.00000160
-0.00115946
-0.00110815
0.00105364
0.00050310
0.00116630
-0.00039210
-0.00002706
0.00114471
0.00122597
-0.00163227
-0.00038800
-0.00064594
0.00060035
0.00047826
0.00045864
0.00006254
-0.00022875
0.00046346
0.00137088
0.00024810
-0.00011819
0.00129471
-0.00025676
0.00049814
0.00009014
0.00015024
-0.00124977
0.00078951
0.00053638
-0.00079269
0.00112429
-0.00139892
0.00055459
0.00153530
0.00093042
0.00010874
0.00060222
0.00068354
0.00152987
0.00080277
0.00101750
0.00045830
0.00069641
-0.00079497
-0.00001560
-0.00151340
0.00223382
-0.03798361
0.00022487
-0.00084431
-0.00034662
0.00020158
0.00035338
-0.00007594
-0.00131109
0.00009980
0.00028841
-0.00081137
0.00063523
-0.00058147
0.00028173
0.00012836
0.00091664
0.00009569
-0.00117334
-0.00107575
0.00095435
0.00054886
0.00112828
-0.00038564
-0.00005730
0.00109420
0.00118761
-0.00157514
-0.00037390
-0.00066363
0.00057952
0.00050202
0.00043869
0.00000297
-0.00026913
0.00043603
0.00142980
0.00026461
-0.00019816
0.00130046
-0.00016805
0.00036312
0.00009041
0.00012117
-0.00144210
0.00081188
0.00040498
-0.00080788
0.00086309
-0.00135225
0.00052868
0.00154291
0.00088695
-0.00000678
0.00058930
0.00063361
0.00159269
0.00098110
0.00106499
0.00048595
0.00079228
-0.00083774
-0.00003034
-0.00166616
0.00220027
-0.03783896
0.00029704
-0.00082048
-0.00035766
0.00022708
0.00047677
0.00003324
-0.00144723
0.00009413
0.00029221
-0.00069341
0.00060713
-0.00054309
0.00030568
0.00013627
0.00084397
0.00014283
-0.00108536
-0.00103959
0.00101703
0.00055789
0.00117437
-0.00036357
-0.00001216
0.00105485
0.00109846
-0.00161787
-0.00045067
-0.00077321
0.00065245
0.00036130
0.00041164
-0.00003617
-0.00020192
0.00045550
0.00139548
0.00031761
-0.00004730
0.00124441
-0.00017647
0.00042069
0.00002984
0.00017893
-0.00143346
0.00088134
0.00043755
-0.00081271
0.00149745
-0.00130128
0.00059338
0.00148431
0.00077443
0.00014374
0.00052429
0.00074159
0.00159624
0.00094943
0.00105128
0.00053574
0.00068025
-0.00083537
0.00015773
-0.00168395
0.00215343
-0.03949151
0.00016696
-0.00088184
-0.00028202
0.00014373
0.00039177
-0.00014259
-0.00142575
-0.00004570
0.00034654
-0.00072074
0.00062926
-0.00055114
0.00023097
0.00012980
0.00086997
0.00006928
-0.00110868
-0.00106681
0.00097704
0.00060082
0.00117762
-0.00036195
-0.00007309
0.00098631
0.00112895
-0.00166204
-0.00045499
-0.00060604
0.00058014
0.00045859
0.00042173
0.00018908
-0.00029298
0.00047250
0.00132098
0.00028640
0.00004202
0.00111480
-0.00022563
0.00043230
0.00000118
0.00024579
-0.00129011
0.00093229
0.00054395
-0.00077333
0.00179821
-0.00133554
0.00061382
0.00144658
0.00075116
0.00021631
0.00050333
0.00077790
0.00156000
0.00095641
0.00096244
0.00059732
0.00056214
-0.00079877
0.00027285
-0.00165556
0.00211101
-0.04003801
0.00008884
-0.00085313
-0.00025295
0.00009638
0.00033047
-0.00011644
-0.00137723
-0.00006594
0.00035226
-0.00072801
0.00059992
-0.00048080
0.00016377
0.00019963
0.00086542
0.00005499
-0.00114554
-0.00109441
0.00099454
0.00058668
0.00114209
-0.00039651
-0.00003838
0.00100296
0.00108298
-0.00170719
-0.00042293
-0.00052397
0.00053513
0.00053140
0.00040587
0.00025623
-0.00031712
0.00051651
0.00128125
0.00022463
-0.00008189
0.00115945
-0.00019984
0.00032333
-0.00001106
0.00014337
-0.00133080
0.00086075
0.00040594
-0.00079673
0.00110458
-0.00133546
0.00065742
0.00149658
0.00074011
0.00017090
0.00056885
0.00060487
0.00156441
0.00101916
0.00093970
0.00065879
0.00068610
-0.00084995
0.00015107
-0.00164873
0.00208251
-0.03878409
0.00020943
-0.00076614
-0.00033857
0.00011506
0.00041548
-0.00001485
-0.00139102
-0.00010117
0.00038815
-0.00067771
0.00059849
-0.00047666
0.00014413
0.00026927
0.00080938
0.00009886
-0.00102314
-0.00102901
0.00101230
0.00052090
0.00117094
-0.00047514
-0.00004180
0.00109475
0.00108044
-0.00165704
-0.00042466
-0.00062134
0.00056300
0.00045025
0.00036454
0.00018300
-0.00025029
0.00052706
0.00114935
0.00018837
-0.00012901
0.00120705
-0.00019664
0.00030722
-0.00003633
0.00011362
-0.00127500
0.00079711
0.00036414
-0.00077007
0.00097882
-0.00137549
0.00070824
0.00142799
0.00080789
0.00018143
0.00063076
0.00050147
0.00158659
0.00097126
0.00093403
0.00070595
0.00069450
-0.00074574
0.00007176
-0.00154292
0.00210227
-0.03824981
0.00028087
-0.00076892
-0.00038846
0.00010041
0.00036201
0.00009974
-0.00135910
-0.00002350
0.00038853
-0.00068878
0.00055320
-0.00043006
0.00023853
0.00032363
0.00076310
0.00007865
-0.00098058
-0.00100776
0.00105319
0.00049454
0.00111642
-0.00058227
-0.00005146
0.00106023
0.00114265
-0.00154902
-0.00046615
-0.00066666
0.00058383
0.00045262
0.00041183
0.00026380
-0.00023072
0.00052709
0.00115060
0.00011819
-0.00018121
0.00119101
-0.00022141
0.00025394
-0.00004602
-0.00004246
-0.00124078
0.00073051
0.00035263
-0.00075535
0.00063202
-0.00135006
0.00068365
0.00144970
0.00081887
0.00005934
0.00056476
0.00040402
0.00159361
0.00110116
0.00090794
0.00075356
0.00083326
-0.00077051
-0.00014714
-0.00153569
0.00215885
-0.03701972
0.00038914
-0.00078561
-0.00046457
0.00015539
0.00039546
0.00012716
-0.00132231
0.00000684
0.00041366
-0.00064627
0.00051782
-0.00047676
0.00031814
0.00022073
0.00071197
0.00011549
-0.00098519
-0.00094344
0.00107515
0.00055395
0.00116599
-0.00063516
-0.00007155
0.00121177
0.00116864
-0.00146861
-0.00053444
-0.00074676
0.00063463
0.00034600
0.00043421
0.00015629
-0.00023773
0.00059754
0.00112095
0.00003999
-0.00024829
0.00123512
-0.00019789
0.00027651
-0.00001307
-0.00004810
-0.00130332
0.00070940
0.00037602
-0.00076326
0.00029934
-0.00133697
0.00069674
0.00147536
0.00073549
-0.00002955
0.00058468
0.00032653
0.00153050
0.00121626
0.00085617
0.00074442
0.00092615
-0.00083944
-0.00019087
-0.00165808
0.00209785
-0.03708745
0.00049252
-0.00086994
-0.00052368
0.00007995
0.00050309
0.00012541
-0.00142200
-0.00002585
0.00037025
-0.00062136
0.00044408
-0.00049455
0.00030530
0.00012484
0.00068605
0.00016663
-0.00093334
-0.00087377
0.00111965
0.00063547
0.00114526
-0.00058186
-0.00020938
0.00122265
0.00122239
-0.00146063
-0.00064799
-0.00080082
0.00068392
0.00032372
0.00050699
0.00004087
-0.00014151
0.00057652
0.00109605
0.00011997
-0.00002646
0.00121910
-0.00025238
0.00037674
-0.00004143
0.00010320
-0.00116151
0.00073460
0.00051799
-0.00073504
0.00049406
-0.00139673
0.00065677
0.00141157
0.00077060
0.00005772
0.00055070
0.00045589
0.00148490
0.00110516
0.00085425
0.00069903
0.00075266
-0.00079749
-0.00004386
-0.00154673
0.00210939
-0.03795258
0.00037150
-0.00085211
-0.00045851
-0.00002770
0.00036440
-0.00000164
-0.00130702
-0.00001538
0.00033270
-0.00063939
0.00037886
-0.00055028
0.00033368
0.00024011
0.00075798
0.00009639
-0.00101792
-0.00092464
0.00109368
0.00069776
0.00110365
-0.00056941
-0.00014064
0.00114453
0.00125000
-0.00145881
-0.00062590
-0.00065688
0.00065541
0.00043010
0.00050423
0.00023341
-0.00028084
0.00065103
0.00114576
0.00014718
-0.00010688
0.00124793
-0.00028884
0.00043956
-0.00007493
-0.00000044
-0.00117391
0.00074418
0.00053152
-0.00076981
0.00054166
-0.00139463
0.00062692
0.00144690
0.00070662
0.00003397
0.00064219
0.00048299
0.00150478
0.00115757
0.00091497
0.00067251
0.00077039
-0.00081329
-0.00013090
-0.00152225
0.00212724
-0.03733098
0.00040538
-0.00082744
-0.00046468
0.00002516
0.00041493
-0.00002526
-0.00130631
0.00001694
0.00033692
-0.00057849
0.00042535
-0.00057309
0.00039098
0.00027093
0.00074653
0.00012946
-0.00095128
-0.00089890
0.00109020
0.00067970
0.00112023
-0.00054136
-0.00017790
0.00112061
0.00125169
-0.00137986
-0.00063158
-0.00073035
0.00060012
0.00039060
0.00047688
0.00017159
-0.00025217
0.00065930
0.00116136
0.00008831
-0.00014604
0.00129083
-0.00024274
0.00034572
-0.00002577
-0.00008497
-0.00124606
0.00065275
0.00048585
-0.00070222
0.00017221
-0.00142722
0.00064776
0.00148633
0.00077339
-0.00010997
0.00072515
0.00040888
0.00157607
0.00116687
0.00087154
0.00063493
0.00086533
-0.00080447
-0.00029226
-0.00147860
0.00206220
-0.03668704
0.00046354
-0.00080664
-0.00048666
0.00005516
0.00043220
0.00001640
-0.00129535
0.00003714
0.00032354
-0.00060017
0.00039913
-0.00064291
0.00046771
0.00020173
0.00080650
0.00020207
-0.00088540
-0.00089211
0.00109165
0.00064225
0.00116123
-0.00056335
-0.00025330
0.00109888
0.00129667
-0.00144962
-0.00065192
-0.00084717
0.00066295
0.00037430
0.00046683
0.00011678
-0.00019414
0.00063511
0.00114011
0.00019877
-0.00012228
0.00126581
-0.00021172
0.00034451
0.00007824
-0.00008589
-0.00126876
0.00067113
0.00049471
-0.00068144
0.00008723
-0.00143070
0.00068198
0.00150695
0.00072675
-0.00010993
0.00061291
0.00055583
0.00157998
0.00110162
0.00092479
0.00053402
0.00089526
-0.00079089
-0.00032106
-0.00147232
0.00213374
-0.03688851
0.00040929
-0.00078665
-0.00040353
0.00012449
0.00041023
0.00018740
-0.00131909
0.00002651
0.00027319
-0.00057465
0.00043846
-0.00065576
0.00040553
0.00022759
0.00081707
0.00017037
-0.00097532
-0.00092369
0.00093924
0.00061661
0.00116517
-0.00055505
-0.00024014
0.00112597
0.00138037
-0.00150175
-0.00056010
-0.00083469
0.00065074
0.00037776
0.00044275
0.00016642
-0.00022371
0.00066778
0.00114530
0.00022904
-0.00010664
0.00124582
-0.00019707
0.00033069
0.00003105
-0.00011422
-0.00133345
0.00072531
0.00042553
-0.00070122
0.00017041
-0.00137498
0.00069656
0.00152389
0.00064911
-0.00008868
0.00059347
0.00056102
0.00159960
0.00119671
0.00093905
0.00058829
0.00090846
-0.00085990
-0.00025723
-0.00155420
0.00210969
-0.03733660
0.00042186
-0.00079936
-0.00039684
0.00011190
0.00045184
0.00012554
-0.00137604
-0.00010064
0.00033153
-0.00055241
0.00044785
-0.00065165
0.00038031
0.00021804
0.00083496
0.00014171
-0.00092200
-0.00089892
0.00096757
0.00061667
0.00120916
-0.00056396
-0.00032656
0.00109395
0.00135477
-0.00152499
-0.00056946
-0.00081060
0.00066576
0.00038962
0.00043661
0.00020800
-0.00027458
0.00067708
0.00099860
0.00023239
-0.00007766
0.00127260
-0.00019882
0.00026906
0.00005438
-0.00012744
-0.00131432
0.00055842
0.00051391
-0.00069537
0.00008317
-0.00137479
0.00064684
0.00149553
0.00071893
-0.00020496
0.00066702
0.00051189
0.00157406
0.00118389
0.00097832
0.00057584
0.00086195
-0.00094162
-0.00025103
-0.00142918
0.00213524
-0.03650378
0.00043192
-0.00080935
-0.00036455
0.00015599
0.00042625
0.00015384
-0.00131916
-0.00006884
0.00031192
-0.00062882
0.00038333
-0.00073932
0.00041005
0.00017751
0.00086426
0.00018541
-0.00094796
-0.00090136
0.00088518
0.00059158
0.00115516
-0.00052288
-0.00034365
0.00114553
0.00139908
-0.00138721
-0.00061432
-0.00086984
0.00059608
0.00036172
0.00042329
0.00011530
-0.00020571
0.00064466
0.00110494
0.00025345
-0.00012271
0.00127246
-0.00017031
0.00028967
0.00004877
-0.00014992
-0.00135870
0.00060832
0.00049167
-0.00071899
0.00023845
-0.00141631
0.00066574
0.00149903
0.00068889
-0.00018330
0.00072066
0.00058490
0.00148801
0.00121019
0.00099857
0.00054173
0.00085825
-0.00089527
-0.00025322
-0.00142920
0.00209134
-0.03633626
0.00043509
-0.00085712
-0.00038527
0.00009827
0.00038254
0.00014871
-0.00131311
0.00004269
0.00028776
-0.00066637
0.00037981
-0.00076898
0.00038569
0.00024100
0.00086706
0.00022638
-0.00093750
-0.00096156
0.00083803
0.00062855
0.00110293
-0.00047380
-0.00038418
0.00106947
0.00137717
-0.00127634
-0.00062965
-0.00082394
0.00067268
0.00033424
0.00049650
0.00019561
-0.00022030
0.00066495
0.00102198
0.00024987
-0.00004130
0.00130343
-0.00018952
0.00033506
-0.00002563
-0.00011285
-0.00140547
0.00060984
0.00048699
-0.00069217
0.00041409
-0.00148708
0.00062222
0.00146776
0.00066361
-0.00014332
0.00073930
0.00065446
0.00141433
0.00119586
0.00096886
0.00055965
0.00079816
-0.00083529
-0.00022263
-0.00142680
0.00210875
-0.03660990
0.00036012
-0.00088160
-0.00035917
0.00009245
0.00032523
0.00018750
-0.00129970
0.00003529
0.00029603
-0.00066638
0.00032058
-0.00078906
0.00035145
0.00021083
0.00089737
0.00023561
-0.00097649
-0.00099633
0.00075768
0.00056706
0.00106667
-0.00040725
-0.00031633
0.00108736
0.00133007
-0.00125655
-0.00061202
-0.00079560
0.00066407
0.00039143
0.00054728
0.00027848
-0.00025039
0.00063645
0.00103741
0.00025831
-0.00016285
0.00139793
-0.00016112
0.00017494
-0.00005211
-0.00025207
-0.00156226
0.00054655
0.00037178
-0.00066496
-0.00013493
-0.00149564
0.00058588
0.00155978
0.00059077
-0.00023906
0.00077572
0.00054789
0.00136278
0.00140634
0.00099611
0.00058246
0.00097133
-0.00095705
-0.00029612
-0.00153091
0.00211455
-0.03566346
0.00055579
-0.00084412
-0.00037567
0.00014353
0.00045265
0.00037319
-0.00142426
-0.00004880
0.00029144
-0.00057365
0.00032518
-0.00084726
0.00040765
0.00019126
0.00092065
0.00031191
-0.00087282
-0.00092334
0.00079056
0.00049293
0.00107614
-0.00039050
-0.00040914
0.00110661
0.00129018
-0.00120339
-0.00063794
-0.00097677
0.00080675
0.00028113
0.00056397
0.00013941
-0.00024522
0.00059284
0.00096088
0.00025030
-0.00015217
0.00131200
-0.00021484
0.00023907
-0.00006619
-0.00018068
-0.00148079
0.00052690
0.00048643
-0.00062096
0.00003783
-0.00151933
0.00061808
0.00160449
0.00063554
-0.00022131
0.00066856
0.00062217
0.00139855
0.00122949
0.00104301
0.00056182
0.00093513
-0.00088590
-0.00029631
-0.00146801
0.00207463
-0.03594028
0.00045273
-0.00078452
-0.00042628
0.00017113
0.00037187
0.00033131
-0.00136276
0.00002406
0.00026458
-0.00061574
0.00033429
-0.00079904
0.00036054
0.00022310
0.00097200
0.00030092
-0.00094983
-0.00103325
0.00074023
0.00042091
0.00102125
-0.00039610
-0.00031220
0.00107300
0.00135672
-0.00119446
-0.00058065
-0.00094049
0.00070995
0.00034659
0.00053114
0.00018704
-0.00022699
0.00062087
0.00099203
0.00033782
-0.00001907
0.00153714
-0.00005439
0.00006061
-0.00032084
-0.00022305
-0.00174690
0.00056355
0.00070025
-0.00038945
0.00107368
-0.00158998
0.00045673
0.00166841
0.00018463
-0.00017830
0.00029026
0.00085456
0.00134792
0.00159028
0.00102632
0.00049869
0.00074113
-0.00124517
-0.00018420
-0.00167304
0.00188578
-0.03831825
0.00021096
-0.00082990
-0.00025136
0.00045994
0.00029244
-0.00006033
-0.00143326
-0.00008802
0.00034872
-0.00064365
0.00019999
-0.00080011
0.00011324
-0.00001587
0.00120436
0.00033844
-0.00091847
-0.00119245
0.00067086
0.00051206
0.00097710
-0.00025641
-0.00043404
0.00085723
0.00117749
-0.00111588
-0.00049844
-0.00076276
0.00075796
0.00064724
0.00060372
0.00035153
-0.00044734
0.00065743
0.00099866
0.00031136
-0.00007729
0.00136491
-0.00013189
0.00022109
-0.00010354
-0.00016672
-0.00151289
0.00061721
0.00054437
-0.00053135
0.00031651
-0.00151303
0.00063357
0.00160133
0.00050719
-0.00015322
0.00062404
0.00070403
0.00142378
0.00120401
0.00106214
0.00059625
0.00086439
-0.00096915
-0.00023415
-0.00147098
0.00202673
-0.03724780
0.00044774
-0.00082924
-0.00036141
0.00018946
0.00036160
0.00023741
-0.00138151
0.00003021
0.00026170
-0.00056861
0.00037042
-0.00077135
0.00033176
0.00024630
0.00103900
0.00031151
-0.00096808
-0.00103026
0.00079740
0.00045183
0.00103917
-0.00038954
-0.00030436
0.00109001
0.00132714
-0.00117171
-0.00055495
-0.00089950
0.00067943
0.00043315
0.00056918
0.00019897
-0.00026196
0.00062064
0.00100833
0.00034493
-0.00004680
0.00134459
-0.00012338
0.00024835
-0.00005076
-0.00011826
-0.00151345
0.00067219
0.00055070
-0.00051780
0.00061776
-0.00149221
0.00064578
0.00156489
0.00049223
-0.00008237
0.00059149
0.00074118
0.00140026
0.00117229
0.00106320
0.00060431
0.00082027
-0.00095674
-0.00016104
-0.00145549
0.00203046
-0.03789846
0.00035463
-0.00083846
-0.00030837
0.00014786
0.00032731
0.00018217
-0.00139291
-0.00002028
0.00028613
-0.00059584
0.00038887
-0.00073454
0.00030325
0.00026222
0.00103963
0.00028896
-0.00097296
-0.00106767
0.00078732
0.00046276
0.00101407
-0.00037337
-0.00033283
0.00102835
0.00131706
-0.00117750
-0.00056810
-0.00080553
0.00065444
0.00047898
0.00059832
0.00024833
-0.00026684
0.00060777
0.00101608
0.00043391
-0.00005224
0.00139456
-0.00007889
0.00024960
0.00001756
-0.00018214
-0.00147021
0.00064822
0.00053305
-0.00051986
0.00031829
-0.00142419
0.00066465
0.00159343
0.00053808
-0.00006462
0.00062379
0.00070115
0.00148890
0.00114893
0.00107244
0.00064846
0.00082438
-0.00092777
-0.00019169
-0.00136799
0.00205284
-0.03721390
0.00038251
-0.00080491
-0.00037219
0.00019876
0.00028948
0.00016353
-0.00142499
0.00006087
0.00028132
-0.00061380
0.00039394
-0.00070465
0.00037461
0.00025756
0.00097840
0.00030250
-0.00100504
-0.00103728
0.00075940
0.00043034
0.00109224
-0.00038670
-0.00034648
0.00103962
0.00136308
-0.00118290
-0.00056138
-0.00088279
0.00064716
0.00045642
0.00053201
0.00024271
-0.00028578
0.00057072
0.00094534
0.00049536
-0.00003230
0.00137634
-0.00016050
0.00026184
-0.00000006
-0.00017723
-0.00151370
0.00067274
0.00057439
-0.00054850
0.00030780
-0.00143789
0.00063729
0.00166606
0.00058898
-0.00010112
0.00061539
0.00066713
0.00145578
0.00115844
0.00107473
0.00063766
0.00087174
-0.00089286
-0.00020915
-0.00137339
0.00208916
-0.03698459
0.00039334
-0.00086027
-0.00035484
0.00017855
0.00026387
0.00015172
-0.00146949
0.00006539
0.00020898
-0.00060679
0.00036065
-0.00074389
0.00040909
0.00027997
0.00098308
0.00031613
-0.00099470
-0.00101903
0.00075347
0.00043112
0.00106523
-0.00041130
-0.00030362
0.00102534
0.00141982
-0.00125176
-0.00050869
-0.00083565
0.00062573
0.00043717
0.00055039
0.00026155
-0.00024019
0.00059388
0.00095061
0.00047924
-0.00006884
0.00142018
-0.00016374
0.00025024
-0.00001468
-0.00025108
-0.00154477
0.00065184
0.00057396
-0.00056447
0.00014055
-0.00140667
0.00075500
0.00166539
0.00056542
-0.00012416
0.00062753
0.00069769
0.00152405
0.00122371
0.00106978
0.00066680
0.00089976
-0.00091673
-0.00021112
-0.00136628
0.00209267
-0.03675304
0.00046063
-0.00084753
-0.00044750
0.00021894
0.00024112
0.00023680
-0.00156399
0.00009233
0.00021647
-0.00062093
0.00037815
-0.00076728
0.00047970
0.00027023
0.00098089
0.00033454
-0.00097245
-0.00100248
0.00073594
0.00040333
0.00113268
-0.00042301
-0.00025789
0.00103907
0.00143919
-0.00118688
-0.00052573
-0.00091044
0.00061545
0.00036626
0.00055941
0.00023585
-0.00027614
0.00062621
0.00079893
0.00065793
0.00000307
0.00143267
-0.00014787
0.00019030
-0.00008262
-0.00028827
-0.00175775
0.00065050
0.00053890
-0.00053005
0.00002741
-0.00136201
0.00064690
0.00189048
0.00042099
-0.00021790
0.00051190
0.00077423
0.00136849
0.00163485
0.00105949
0.00063464
0.00095951
-0.00103592
-0.00022095
-0.00153237
0.00213126
-0.03618059
0.00044707
-0.00087434
-0.00036674
0.00030802
0.00020099
0.00013707
-0.00171724
-0.00004695
0.00017077
-0.00056026
0.00037912
-0.00079123
0.00043483
0.00020059
0.00102219
0.00045556
-0.00086382
-0.00096721
0.00068603
0.00038130
0.00113160
-0.00032241
-0.00039473
0.00095571
0.00148706
-0.00123739
-0.00056388
-0.00091361
0.00066046
0.00040945
0.00062320
0.00025375
-0.00037660
0.00069901
0.00095235
0.00046240
-0.00001944
0.00133478
-0.00025779
0.00031858
-0.00003275
-0.00017672
-0.00147741
0.00068499
0.00060521
-0.00058859
0.00050428
-0.00143880
0.00077214
0.00163623
0.00058782
-0.00011468
0.00054662
0.00079983
0.00145855
0.00117776
0.00104735
0.00061535
0.00078398
-0.00086274
-0.00015726
-0.00135016
0.00212747
-0.03752107
0.00027396
-0.00088997
-0.00035499
0.00017555
0.00017307
0.00015689
-0.00142797
0.00010972
0.00019743
-0.00061685
0.00040946
-0.00079878
0.00037629
0.00028656
0.00093198
0.00020823
-0.00108828
-0.00104797
0.00075373
0.00039530
0.00107593
-0.00040814
-0.00015680
0.00096689
0.00142689
-0.00125512
-0.00058513
-0.00083742
0.00053350
0.00040621
0.00055033
0.00029823
-0.00032902
0.00069084
0.00094237
0.00042506
-0.00005951
0.00132407
-0.00026339
0.00019483
0.00000116
-0.00021046
-0.00148269
0.00067390
0.00055802
-0.00058672
0.00032826
-0.00140802
0.00073828
0.00170024
0.00054526
-0.00012559
0.00058263
0.00075274
0.00146741
0.00121739
0.00103651
0.00062157
0.00084823
-0.00084948
-0.00026057
-0.00130727
0.00209011
-0.03728430
0.00038613
-0.00085931
-0.00041698
0.00019686
0.00023594
0.00023387
-0.00145250
0.00013763
0.00018348
-0.00062470
0.00037708
-0.00082239
0.00043118
0.00019885
0.00094016
0.00025568
-0.00106362
-0.00102524
0.00081524
0.00031052
0.00107268
-0.00045252
-0.00018827
0.00103966
0.00142565
-0.00121341
-0.00055642
-0.00095792
0.00059331
0.00034573
0.00055894
0.00027357
-0.00031994
0.00069743
0.00092640
0.00037696
-0.00009759
0.00130723
-0.00029829
0.00014852
0.00001961
-0.00017045
-0.00145796
0.00067770
0.00052447
-0.00052343
0.00010812
-0.00144825
0.00072559
0.00171150
0.00054455
-0.00017646
0.00059874
0.00072001
0.00151332
0.00121535
0.00108123
0.00065725
0.00088861
-0.00084848
-0.00023563
-0.00133139
0.00211658
-0.03708850
0.00038078
-0.00085949
-0.00042121
0.00023001
0.00026683
0.00031527
-0.00140942
0.00014846
0.00018748
-0.00057374
0.00034803
-0.00082041
0.00040739
0.00021878
0.00098588
0.00023388
-0.00101474
-0.00100113
0.00081670
0.00031990
0.00115966
-0.00050759
-0.00020840
0.00105067
0.00143171
-0.00123570
-0.00057052
-0.00099502
0.00062714
0.00035817
0.00055562
0.00022263
-0.00037250
0.00072059
0.00102113
0.00038817
-0.00014120
0.00131284
-0.00027393
0.00017046
0.00001975
-0.00019440
-0.00150030
0.00071347
0.00050105
-0.00055074
0.00019124
-0.00147476
0.00074130
0.00171380
0.00052604
-0.00016605
0.00064915
0.00077388
0.00144700
0.00124301
0.00109303
0.00062973
0.00089532
-0.00081451
-0.00024809
-0.00133607
0.00207643
-0.03686958
0.00040042
-0.00089032
-0.00044442
0.00018027
0.00024648
0.00032446
-0.00141593
0.00023731
0.00016661
-0.00060036
0.00034901
-0.00084048
0.00039701
0.00027190
0.00099128
0.00027922
-0.00099683
-0.00104818
0.00078214
0.00035268
0.00111810
-0.00046274
-0.00024086
0.00099763
0.00141370
-0.00114963
-0.00058365
-0.00096585
0.00069581
0.00032692
0.00061132
0.00027686
-0.00037449
0.00073189
0.00102041
0.00037587
-0.00015190
0.00130843
-0.00026482
0.00018217
-0.00000675
-0.00018840
-0.00148184
0.00071135
0.00055097
-0.00055154
0.00036911
-0.00152835
0.00073551
0.00171168
0.00051957
-0.00011707
0.00063086
0.00077470
0.00142234
0.00124510
0.00111034
0.00062893
0.00086712
-0.00081311
-0.00024948
-0.00134080
0.00209799
-0.03713298
0.00037588
-0.00090537
-0.00046657
0.00018319
0.00019061
0.00030388
-0.00138665
0.00026042
0.00016783
-0.00059869
0.00037070
-0.00077465
0.00040002
0.00031408
0.00100956
0.00031846
-0.00099812
-0.00109272
0.00076866
0.00040073
0.00109028
-0.00048361
-0.00026580
0.00099609
0.00140311
-0.00112740
-0.00057662
-0.00090393
0.00071095
0.00039625
0.00068710
0.00031186
-0.00037254
0.00071233
0.00094116
0.00033139
-0.00011549
0.00130196
-0.00020512
0.00018687
-0.00000084
-0.00019012
-0.00139749
0.00067860
0.00053810
-0.00053153
0.00035133
-0.00148886
0.00079162
0.00170902
0.00056487
-0.00008701
0.00068623
0.00068479
0.00142784
0.00113575
0.00114778
0.00062579
0.00088394
-0.00079348
-0.00023378
-0.00131842
0.00208362
-0.03730446
0.00037951
-0.00087985
-0.00051749
0.00012256
0.00021365
0.00033795
-0.00137650
0.00027404
0.00019632
-0.00064359
0.00034981
-0.00079831
0.00043132
0.00032876
0.00100785
0.00028011
-0.00106532
-0.00112185
0.00074904
0.00035887
0.00106536
-0.00049172
-0.00025118
0.00104086
0.00146743
-0.00114324
-0.00056118
-0.00091427
0.00067849
0.00037863
0.00067003
0.00029862
-0.00032026
0.00067919
0.00096603
0.00028520
-0.00011427
0.00128904
-0.00025043
0.00025537
-0.00000219
-0.00023724
-0.00136851
0.00066422
0.00050142
-0.00050015
0.00033623
-0.00146851
0.00078249
0.00168960
0.00064289
-0.00009768
0.00071075
0.00062932
0.00143269
0.00110292
0.00114629
0.00066736
0.00086992
-0.00080397
-0.00023444
-0.00129222
0.00206723
-0.03734021
0.00039793
-0.00088253
-0.00051674
0.00008239
0.00023538
0.00035387
-0.00136455
0.00029528
0.00017321
-0.00060410
0.00035790
-0.00083133
0.00050098
0.00031913
0.00102083
0.00029799
-0.00104903
-0.00114210
0.00076447
0.00034422
0.00103300
-0.00048575
-0.00021526
0.00106071
0.00150416
-0.00115597
-0.00053590
-0.00092093
0.00066456
0.00034369
0.00070311
0.00027062
-0.00027419
0.00068069
0.00098840
0.00025599
-0.00028514
0.00137577
-0.00031027
0.00014709
-0.00002261
-0.00032684
-0.00149515
0.00059433
0.00039977
-0.00050165
-0.00027630
-0.00142428
0.00077120
0.00175650
0.00062762
-0.00029154
0.00071667
0.00054269
0.00145405
0.00127073
0.00119783
0.00072520
0.00099514
-0.00088796
-0.00036713
-0.00137003
0.00212494
-0.03617981
0.00051054
-0.00082440
-0.00055088
0.00011294
0.00034358
0.00047613
-0.00145712
0.00030815
0.00018150
-0.00053784
0.00034173
-0.00085369
0.00060096
0.00040956
0.00106284
0.00030765
-0.00095668
-0.00112952
0.00080651
0.00034426
0.00105022
-0.00052514
-0.00016237
0.00111732
0.00152386
-0.00108191
-0.00056612
-0.00116083
0.00076303
0.00023344
0.00064748
0.00016009
-0.00021113
0.00071312
0.00100298
0.00023834
-0.00017481
0.00132126
-0.00030771
0.00028625
-0.00006568
-0.00022755
-0.00138016
0.00064469
0.00051161
-0.00051402
0.00030213
-0.00143032
0.00077031
0.00161997
0.00065511
-0.00019255
0.00064634
0.00061615
0.00143541
0.00113665
0.00112173
0.00069349
0.00085682
-0.00081064
-0.00024577
-0.00134067
0.00205787
-0.03719481
0.00044525
-0.00085024
-0.00051413
0.00008499
0.00030889
0.00037510
-0.00136091
0.00027083
0.00021969
-0.00052282
0.00037404
-0.00084854
0.00050689
0.00040041
0.00104753
0.00031096
-0.00106099
-0.00112766
0.00080216
0.00042548
0.00104257
-0.00052492
-0.00005896
0.00111450
0.00152124
-0.00114672
-0.00052305
-0.00095784
0.00068706
0.00032184
0.00067478
0.00028859
-0.00025510
0.00066618
0.00100335
0.00020217
-0.00020329
0.00130386
-0.00034293
0.00030010
-0.00003549
-0.00027866
-0.00139373
0.00063786
0.00052382
-0.00056231
0.00012762
-0.00146944
0.00079892
0.00161235
0.00065895
-0.00024845
0.00072136
0.00061926
0.00148041
0.00110294
0.00118779
0.00069572
0.00094674
-0.00081777
-0.00030424
-0.00133693
0.00213294
-0.03677202
0.00047036
-0.00077372
-0.00059490
0.00011361
0.00033769
0.00042287
-0.00138964
0.00022886
0.00022171
-0.00054176
0.00039525
-0.00087991
0.00052351
0.00044092
0.00104153
0.00029773
-0.00108971
-0.00111914
0.00082624
0.00039876
0.00107507
-0.00052668
-0.00006024
0.00114052
0.00154713
-0.00115468
-0.00053848
-0.00098103
0.00070513
0.00031321
0.00070261
0.00023522
-0.00022045
0.00067258
0.00098964
0.00019819
-0.00017137
0.00145943
-0.00038549
0.00024733
-0.00022700
-0.00041393
-0.00161997
0.00072443
0.00086266
-0.00041164
0.00096842
-0.00170011
0.00072545
0.00154288
0.00030120
-0.00041431
0.00050971
0.00092395
0.00148847
0.00130599
0.00126662
0.00067604
0.00087271
-0.00097682
-0.00037555
-0.00134354
0.00211826
-0.03783957
0.00021996
-0.00068534
-0.00057760
0.00048824
0.00018710
0.00012470
-0.00134470
0.00014171
0.00032656
-0.00048639
0.00028909
-0.00101889
0.00028889
0.00048311
0.00124175
0.00044372
-0.00115318
-0.00121166
0.00071629
0.00056478
0.00112927
-0.00053616
0.00003178
0.00095626
0.00154255
-0.00107374
-0.00047383
-0.00067091
0.00081427
0.00066628
0.00094171
0.00050850
-0.00045114
0.00077372
0.00100235
0.00025602
-0.00018673
0.00130395
-0.00029309
0.00033460
-0.00009723
-0.00029386
-0.00138926
0.00070796
0.00056021
-0.00052215
0.00027811
-0.00148773
0.00079914
0.00159720
0.00056466
-0.00019990
0.00068536
0.00065280
0.00151386
0.00109169
0.00115023
0.00072325
0.00086450
-0.00080939
-0.00024359
-0.00137132
0.00214282
-0.03752850
0.00043647
-0.00082042
-0.00054811
0.00008954
0.00030337
0.00039085
-0.00140092
0.00017782
0.00026726
-0.00056312
0.00038430
-0.00083479
0.00047531
0.00043026
0.00105044
0.00028247
-0.00106869
-0.00113542
0.00079562
0.00038866
0.00106038
-0.00051584
-0.00008349
0.00110412
0.00147410
-0.00113211
-0.00057732
-0.00094284
0.00071607
0.00036733
0.00073931
0.00031500
-0.00024568
0.00068230
0.00099413
0.00024781
-0.00016979
0.00126880
-0.00029421
0.00033640
-0.00010220
-0.00030193
-0.00129891
0.00068560
0.00052590
-0.00055355
0.00024443
-0.00150890
0.00085323
0.00158107
0.00059939
-0.00022061
0.00073358
0.00061376
0.00154279
0.00100969
0.00112952
0.00068187
0.00091839
-0.00077880
-0.00024053
-0.00132961
0.00217629
-0.03718822
0.00044079
-0.00081068
-0.00053246
0.00011337
0.00035878
0.00032820
-0.00137729
0.00020551
0.00028765
-0.00056698
0.00035367
-0.00079740
0.00046565
0.00043730
0.00103174
0.00023156
-0.00107420
-0.00115868
0.00081569
0.00035474
0.00101594
-0.00050846
-0.00008454
0.00114247
0.00150630
-0.00117640
-0.00048480
-0.00092269
0.00066026
0.00030680
0.00069641
0.00028020
-0.00023344
0.00065765
0.00100399
0.00022673
-0.00023442
0.00129375
-0.00030811
0.00037906
-0.00006401
-0.00031133
-0.00136092
0.00068684
0.00047101
-0.00057816
0.00010618
-0.00154168
0.00084510
0.00156089
0.00058463
-0.00027843
0.00074243
0.00063893
0.00155678
0.00108455
0.00116017
0.00067034
0.00096683
-0.00084139
-0.00031896
-0.00129381
0.00220919
-0.03668747
0.00051180
-0.00079120
-0.00058307
0.00014791
0.00039553
0.00039870
-0.00139766
0.00018311
0.00032209
-0.00058600
0.00027616
-0.00073461
0.00044068
0.00042562
0.00104162
0.00028516
-0.00104821
-0.00120102
0.00080831
0.00027495
0.00104739
-0.00050738
-0.00005727
0.00115415
0.00152055
-0.00113113
-0.00049762
-0.00095740
0.00074393
0.00026279
0.00067688
0.00023984
-0.00018801
0.00065894
0.00101559
0.00021976
-0.00023985
0.00137683
-0.00038651
0.00037855
-0.00001905
-0.00029479
-0.00128967
0.00066644
0.00044902
-0.00058986
0.00008324
-0.00149134
0.00084230
0.00154554
0.00065344
-0.00024390
0.00072146
0.00061792
0.00160471
0.00100787
0.00118662
0.00070381
0.00104051
-0.00084172
-0.00040697
-0.00126168
0.00214317
-0.03647135
0.00049694
-0.00079467
-0.00056933
0.00020346
0.00039398
0.00028406
-0.00136031
0.00014803
0.00028712
-0.00065732
0.00030123
-0.00075237
0.00036543
0.00038532
0.00106814
0.00029315
-0.00108930
-0.00120911
0.00075768
0.00025334
0.00105178
-0.00045870
-0.00004045
0.00121056
0.00154943
-0.00116047
-0.00054017
-0.00094276
0.00071462
0.00027532
0.00067370
0.00024181
-0.00018089
0.00067922
0.00093818
0.00029611
-0.00030481
0.00139988
-0.00046717
0.00041799
-0.00008696
-0.00035322
-0.00137753
0.00070860
0.00036655
-0.00057152
-0.00012529
-0.00164234
0.00083157
0.00160825
0.00050880
-0.00043010
0.00066921
0.00078975
0.00158082
0.00120518
0.00125079
0.00067501
0.00116546
-0.00084174
-0.00053837
-0.00126052
0.00227919
-0.03550300
0.00053588
-0.00077369
-0.00061257
0.00037375
0.00039125
0.00031845
-0.00138392
0.00005270
0.00033118
-0.00063093
0.00021883
-0.00070642
0.00016147
0.00040769
0.00116667
0.00045248
-0.00102711
-0.00127131
0.00064990
0.00009637
0.00105166
-0.00038137
-0.00001665
0.00119900
0.00163112
-0.00111683
-0.00060918
-0.00095756
0.00088255
0.00029591
0.00080340
0.00028321
-0.00026385
0.00076456
0.00107982
0.00025927
-0.00014688
0.00132905
-0.00041224
0.00041691
0.00000618
-0.00019323
-0.00124357
0.00065170
0.00053420
-0.00057163
0.00048006
-0.00150069
0.00079185
0.00150303
0.00065427
-0.00015527
0.00071001
0.00071674
0.00153445
0.00097225
0.00116423
0.00065798
0.00092990
-0.00078947
-0.00028775
-0.00131313
0.00214600
-0.03707814
0.00039151
-0.00083167
-0.00049299
0.00015791
0.00035387
0.00018634
-0.00130261
0.00009719
0.00025713
-0.00070504
0.00034120
-0.00070986
0.00030992
0.00038894
0.00102837
0.00025243
-0.00110967
-0.00121174
0.00073824
0.00032925
0.00108271
-0.00040858
-0.00008011
0.00120830
0.00152862
-0.00122032
-0.00050393
-0.00082875
0.00065440
0.00037554
0.00064290
0.00033845
-0.00018206
0.00065266
0.00105105
0.00021962
-0.00012977
0.00132171
-0.00037612
0.00040055
0.00002871
-0.00019516
-0.00121319
0.00062093
0.00049030
-0.00061757
0.00038230
-0.00150685
0.00078667
0.00147738
0.00064607
-0.00019465
0.00076913
0.00060664
0.00151636
0.00094562
0.00115558
0.00064267
0.00095787
-0.00075840
-0.00038284
-0.00130259
0.00215316
-0.03699521
0.00038103
-0.00077935
-0.00052054
0.00016673
0.00033442
0.00013269
-0.00135221
0.00003862
0.00030715
-0.00076215
0.00032781
-0.00067565
0.00031539
0.00036905
0.00099865
0.00029457
-0.00104442
-0.00122362
0.00070615
0.00032719
0.00109574
-0.00043172
-0.00005853
0.00118193
0.00153984
-0.00124050
-0.00056281
-0.00083192
0.00071413
0.00033081
0.00059629
0.00033248
-0.00014678
0.00067265
0.00098763
0.00033548
-0.00018196
0.00128365
-0.00044718
0.00042201
-0.00002771
-0.00023249
-0.00124715
0.00064889
0.00043956
-0.00055873
0.00023797
-0.00164230
0.00074471
0.00151882
0.00051824
-0.00036587
0.00072774
0.00079642
0.00147851
0.00112233
0.00124443
0.00063800
0.00102874
-0.00076610
-0.00045343
-0.00130872
0.00229275
-0.03595893
0.00037369
-0.00077118
-0.00050559
0.00033395
0.00032514
0.00010209
-0.00130098
-0.00007439
0.00036106
-0.00074395
0.00024450
-0.00060915
0.00009509
0.00044662
0.00106065
0.00038829
-0.00099506
-0.00127457
0.00060136
0.00020082
0.00112584
-0.00036327
-0.00006826
0.00118057
0.00158131
-0.00116828
-0.00059230
-0.00082294
0.00081016
0.00040226
0.00068683
0.00040210
-0.00022492
0.00075972
0.00107923
0.00026993
-0.00012765
0.00132491
-0.00039056
0.00045641
0.00003632
-0.00010242
-0.00122645
0.00062545
0.00058729
-0.00064281
0.00043388
-0.00151422
0.00075944
0.00148472
0.00064399
-0.00018872
0.00073707
0.00064569
0.00149412
0.00099367
0.00111708
0.00054690
0.00088314
-0.00078757
-0.00036730
-0.00132860
0.00211784
-0.03722902
0.00028371
-0.00084685
-0.00045299
0.00015156
0.00030035
0.00000362
-0.00125887
0.00004067
0.00028126
-0.00076674
0.00031916
-0.00065593
0.00029975
0.00032594
0.00100120
0.00020590
-0.00106349
-0.00129532
0.00074033
0.00036095
0.00109659
-0.00038881
-0.00002461
0.00114895
0.00150267
-0.00130209
-0.00048057
-0.00077741
0.00061683
0.00038212
0.00055245
0.00034917
-0.00014845
0.00067728
0.00109859
0.00026934
-0.00018880
0.00132231
-0.00039168
0.00041527
0.00003497
-0.00014968
-0.00122841
0.00057720
0.00057392
-0.00070863
0.00031514
-0.00155720
0.00072268
0.00149594
0.00068997
-0.00018972
0.00072276
0.00057834
0.00146516
0.00096169
0.00109767
0.00054352
0.00092665
-0.00076479
-0.00038062
-0.00132500
0.00214023
-0.03688593
0.00031926
-0.00085326
-0.00051123
0.00013357
0.00032864
0.00013191
-0.00124765
0.00004807
0.00024303
-0.00078012
0.00034492
-0.00067806
0.00034511
0.00029184
0.00100056
0.00023236
-0.00104525
-0.00128318
0.00070158
0.00036150
0.00110378
-0.00045248
-0.00007690
0.00116621
0.00148478
-0.00125429
-0.00048550
-0.00081241
0.00066576
0.00035177
0.00053107
0.00027078
-0.00011743
0.00065490
0.00105819
0.00041774
-0.00042740
0.00128597
-0.00052390
0.00044537
-0.00006071
-0.00027560
-0.00139233
0.00053296
0.00053087
-0.00078832
-0.00006694
-0.00179306
0.00063838
0.00159664
0.00061495
-0.00038124
0.00067444
0.00070970
0.00132254
0.00120035
0.00115158
0.00051183
0.00106426
-0.00075640
-0.00045823
-0.00138191
0.00231030
-0.03515685
0.00038231
-0.00092627
-0.00061198
0.00022404
0.00034525
0.00040683
-0.00117737
-0.00000672
0.00020728
-0.00074903
0.00029971
-0.00066498
0.00019487
0.00031654
0.00108075
0.00035399
-0.00096460
-0.00137742
0.00055294
0.00023315
0.00115886
-0.00046349
-0.00015644
0.00117313
0.00150495
-0.00108319
-0.00050226
-0.00083983
0.00084374
0.00041451
0.00062294
0.00025514
-0.00016994
0.00070253
0.00112857
0.00027942
-0.00015698
0.00127366
-0.00037747
0.00043416
0.00002276
-0.00012283
-0.00124659
0.00056083
0.00059796
-0.00071704
0.00045950
-0.00157532
0.00074338
0.00146633
0.00070258
-0.00016809
0.00073767
0.00060239
0.00147287
0.00099348
0.00109904
0.00051199
0.00084019
-0.00080361
-0.00033189
-0.00132251
0.00216085
-0.03697431
0.00027174
-0.00086712
-0.00051843
0.00012566
0.00026873
0.00006862
-0.00122677
0.00009475
0.00027492
-0.00083092
0.00037390
-0.00073504
0.00032684
0.00028248
0.00098789
0.00023467
-0.00110390
-0.00123123
0.00071716
0.00039812
0.00107430
-0.00049502
-0.00007323
0.00111975
0.00141005
-0.00119961
-0.00048189
-0.00080212
0.00068635
0.00044708
0.00053475
0.00032413
-0.00011120
0.00065004
0.00111395
0.00027637
-0.00021713
0.00127287
-0.00034941
0.00038452
0.00002215
-0.00018729
-0.00128470
0.00057198
0.00060444
-0.00070698
0.00043519
-0.00150152
0.00069569
0.00144997
0.00073262
-0.00017264
0.00072682
0.00064602
0.00145402
0.00103810
0.00112050
0.00055687
0.00083526
-0.00087097
-0.00029557
-0.00129746
0.00217289
-0.03661563
0.00033112
-0.00085512
-0.00055991
0.00015325
0.00029465
0.00013368
-0.00123402
0.00006167
0.00025971
-0.00078346
0.00033319
-0.00077964
0.00028647
0.00030177
0.00101866
0.00023221
-0.00110103
-0.00121837
0.00073508
0.00043118
0.00105732
-0.00051189
-0.00011563
0.00109828
0.00142364
-0.00120338
-0.00049031
-0.00081669
0.00068609
0.00041338
0.00054796
0.00030605
-0.00014391
0.00062590
0.00106924
0.00035136
-0.00033410
0.00118713
-0.00042672
0.00043142
-0.00004577
-0.00023542
-0.00135216
0.00057912
0.00066466
-0.00072879
0.00054651
-0.00159727
0.00061139
0.00143459
0.00068661
-0.00025310
0.00064236
0.00088528
0.00135499
0.00119592
0.00115617
0.00052725
0.00078867
-0.00093169
-0.00023358
-0.00128232
0.00232641
-0.03597547
0.00032207
-0.00091093
-0.00063136
0.00025237
0.00025191
0.00019882
-0.00110836
-0.00001904
0.00025218
-0.00075170
0.00028337
-0.00084134
0.00004494
0.00032730
0.00111098
0.00028454
-0.00114953
-0.00126314
0.00067533
0.00041758
0.00103303
-0.00054099
-0.00014915
0.00106154
0.00145846
-0.00112424
-0.00052325
-0.00078350
0.00076903
0.00054243
0.00065959
0.00039529
-0.00024882
0.00064705
0.00109702
0.00030849
-0.00023745
0.00126009
-0.00041192
0.00041292
-0.00000303
-0.00018252
-0.00131102
0.00056371
0.00060475
-0.00072351
0.00041594
-0.00159880
0.00065078
0.00146014
0.00073799
-0.00021105
0.00064696
0.00077218
0.00146179
0.00108716
0.00117145
0.00051519
0.00084845
-0.00086211
-0.00024687
-0.00131261
0.00223696
-0.03659537
0.00035818
-0.00090573
-0.00062891
0.00022396
0.00031339
0.00017030
-0.00120488
0.00000831
0.00024695
-0.00074633
0.00027286
-0.00081524
0.00014976
0.00030018
0.00109101
0.00028324
-0.00109776
-0.00122112
0.00069186
0.00041546
0.00105804
-0.00051838
-0.00017306
0.00110148
0.00144648
-0.00115473
-0.00051514
-0.00082142
0.00076020
0.00048352
0.00057607
0.00036293
-0.00020833
0.00062461
0.00110500
0.00032974
-0.00002922
0.00123197
-0.00034264
0.00043794
0.00003451
-0.00003496
-0.00123335
0.00065106
0.00070920
-0.00069933
0.00119952
-0.00153190
0.00068380
0.00141609
0.00065753
0.00001295
0.00061155
0.00079355
0.00142188
0.00089506
0.00108412
0.00050565
0.00070323
-0.00078614
-0.00010877
-0.00134797
0.00212589
-0.03850094
0.00020861
-0.00093474
-0.00044193
0.00013287
0.00023143
0.00000547
-0.00122126
0.00006928
0.00024053
-0.00081890
0.00039825
-0.00072580
0.00022080
0.00029037
0.00096923
0.00021467
-0.00118858
-0.00122777
0.00068419
0.00055114
0.00103507
-0.00041552
-0.00014375
0.00107291
0.00148574
-0.00128833
-0.00050344
-0.00065958
0.00062918
0.00054813
0.00053792
0.00048027
-0.00023258
0.00061072
0.00106897
0.00031068
-0.00017295
0.00124861
-0.00031623
0.00035025
0.00003654
-0.00015118
-0.00126067
0.00058836
0.00066345
-0.00071503
0.00056153
-0.00156122
0.00063197
0.00148003
0.00072170
-0.00012673
0.00070855
0.00070116
0.00146278
0.00091196
0.00113164
0.00052854
0.00081881
-0.00082740
-0.00026987
-0.00133409
0.00214883
-0.03715862
0.00036368
-0.00085075
-0.00054107
0.00018997
0.00029711
0.00018674
-0.00125779
0.00009480
0.00029996
-0.00075355
0.00034627
-0.00074127
0.00029644
0.00027292
0.00098264
0.00025503
-0.00112443
-0.00119713
0.00065365
0.00047301
0.00101556
-0.00043221
-0.00014555
0.00107751
0.00146568
-0.00120380
-0.00050371
-0.00073149
0.00068152
0.00044253
0.00050726
0.00036326
-0.00016611
0.00062710
0.00103905
0.00027996
-0.00021600
0.00129550
-0.00030267
0.00033618
0.00002720
-0.00016362
-0.00133772
0.00056080
0.00061976
-0.00068018
0.00050628
-0.00153695
0.00062491
0.00150549
0.00074639
-0.00015429
0.00073409
0.00063947
0.00141746
0.00089628
0.00114296
0.00047338
0.00086553
-0.00087434
-0.00029468
-0.00132856
0.00214198
-0.03684607
0.00036574
-0.00084591
-0.00054520
0.00021730
0.00031552
0.00023944
-0.00120883
0.00016432
0.00021630
-0.00069054
0.00032901
-0.00076000
0.00033618
0.00028488
0.00094938
0.00024746
-0.00110345
-0.00117360
0.00063160
0.00048719
0.00101010
-0.00041968
-0.00016454
0.00106311
0.00145407
-0.00117146
-0.00046758
-0.00075974
0.00069928
0.00040187
0.00052591
0.00029597
-0.00013701
0.00062258
0.00102010
0.00025981
-0.00030943
0.00131709
-0.00029153
0.00029402
0.00002123
-0.00019732
-0.00141493
0.00054291
0.00055328
-0.00069910
0.00036512
-0.00157086
0.00061811
0.00152471
0.00076634
-0.00021182
0.00075654
0.00064213
0.00147422
0.00093893
0.00123218
0.00045620
0.00094794
-0.00089603
-0.00030535
-0.00136017
0.00215118
-0.03651569
0.00040583
-0.00084535
-0.00062396
0.00024941
0.00037256
0.00027546
-0.00124329
0.00017799
0.00025988
-0.00067099
0.00027631
-0.00077682
0.00035066
0.00019062
0.00091443
0.00026923
-0.00110555
-0.00117585
0.00060414
0.00046581
0.00097176
-0.00042854
-0.00024797
0.00106321
0.00145082
-0.00113498
-0.00045918
-0.00074941
0.00074345
0.00032421
0.00052822
0.00027089
-0.00011080
0.00061734
0.00104205
0.00030352
-0.00017478
0.00127775
-0.00028887
0.00033651
-0.00001443
-0.00012243
-0.00139910
0.00061761
0.00060040
-0.00069612
0.00092429
-0.00153573
0.00063697
0.00148206
0.00066851
-0.00008326
0.00068248
0.00074332
0.00146730
0.00091614
0.00119934
0.00047910
0.00083803
-0.00088609
-0.00014635
-0.00140222
0.00211695
-0.03797583
0.00030126
-0.00089217
-0.00053659
0.00018882
0.00031527
0.00013160
-0.00123351
0.00008350
0.00028898
-0.00067846
0.00032374
-0.00077130
0.00028604
0.00017793
0.00093030
0.00021181
-0.00113800
-0.00118305
0.00061105
0.00052453
0.00098798
-0.00041206
-0.00027064
0.00101220
0.00145183
-0.00119053
-0.00047579
-0.00062182
0.00068534
0.00041303
0.00053780
0.00041959
-0.00018615
0.00062167
0.00104496
0.00021257
-0.00019957
0.00131014
-0.00026980
0.00032241
-0.00002089
-0.00015575
-0.00141780
0.00063621
0.00059126
-0.00067772
0.00056909
-0.00154312
0.00066327
0.00150898
0.00071665
-0.00011561
0.00078350
0.00063378
0.00150191
0.00089993
0.00119487
0.00049755
0.00089952
-0.00087672
-0.00024101
-0.00136033
0.00209847
-0.03714005
0.00033411
-0.00085822
-0.00056124
0.00018676
0.00032915
0.00009773
-0.00123059
0.00008359
0.00032927
-0.00068976
0.00024814
-0.00079626
0.00035199
0.00021353
0.00092886
0.00018506
-0.00110091
-0.00114411
0.00065655
0.00045679
0.00103588
-0.00041573
-0.00026299
0.00101959
0.00145561
-0.00117832
-0.00048091
-0.00070994
0.00066677
0.00035250
0.00053889
0.00033245
-0.00014423
0.00060693
0.00108904
0.00029382
-0.00015324
0.00135040
-0.00024403
0.00030300
0.00000417
-0.00014272
-0.00143303
0.00068042
0.00056035
-0.00067041
0.00061414
-0.00155735
0.00061828
0.00149208
0.00068245
-0.00011744
0.00076215
0.00067050
0.00151908
0.00094736
0.00117102
0.00046722
0.00085313
-0.00085926
-0.00023816
-0.00140286
0.00214502
-0.03726081
0.00030353
-0.00086578
-0.00053656
0.00015257
0.00035318
0.00013367
-0.00120720
0.00006007
0.00033627
-0.00069815
0.00031718
-0.00079370
0.00033813
0.00019983
0.00091569
0.00023036
-0.00110646
-0.00110382
0.00069617
0.00047280
0.00106400
-0.00040099
-0.00029829
0.00101815
0.00146178
-0.00122254
-0.00050340
-0.00068495
0.00066539
0.00034704
0.00054504
0.00030665
-0.00017073
0.00057264
0.00111205
0.00032496
-0.00020697
0.00137026
-0.00020933
0.00026603
0.00000328
-0.00022428
-0.00152334
0.00068439
0.00045851
-0.00065218
0.00035322
-0.00156474
0.00060232
0.00150430
0.00066457
-0.00020452
0.00076061
0.00066594
0.00154312
0.00100077
0.00120504
0.00047132
0.00091272
-0.00086767
-0.00030905
-0.00143564
0.00216365
-0.03668054
0.00038871
-0.00080888
-0.00060193
0.00015727
0.00047057
0.00031075
-0.00124139
0.00001428
0.00035162
-0.00069477
0.00030729
-0.00077814
0.00036384
0.00016644
0.00092208
0.00030521
-0.00106655
-0.00106004
0.00068057
0.00041567
0.00109396
-0.00039172
-0.00035689
0.00106406
0.00144588
-0.00119837
-0.00052157
-0.00074732
0.00072903
0.00029905
0.00055196
0.00020399
-0.00013527
0.00054343
0.00116830
0.00031572
-0.00014296
0.00135756
-0.00024544
0.00029268
0.00002673
-0.00018101
-0.00139133
0.00068634
0.00049553
-0.00067735
0.00043694
-0.00152422
0.00069078
0.00150385
0.00068341
-0.00016883
0.00074109
0.00062562
0.00153341
0.00095954
0.00119830
0.00044988
0.00086458
-0.00080973
-0.00026441
-0.00139388
0.00214946
-0.03698641
0.00038852
-0.00085694
-0.00056002
0.00014427
0.00041899
0.00031504
-0.00129024
0.00004178
0.00030070
-0.00072052
0.00034005
-0.00073068
0.00040541
0.00015526
0.00094790
0.00022628
-0.00108150
-0.00111717
0.00071270
0.00043256
0.00108854
-0.00037228
-0.00026256
0.00105269
0.00147378
-0.00128335
-0.00055050
-0.00078009
0.00069318
0.00031753
0.00055210
0.00026197
-0.00011049
0.00057210
0.00155588
0.00050763
-0.00002852
0.00163906
-0.00020307
0.00023613
-0.00003799
-0.00020935
-0.00143758
0.00087619
0.00057732
-0.00063380
0.00168988
-0.00165285
0.00069182
0.00126175
0.00040633
-0.00010203
0.00048923
0.00081464
0.00170350
0.00095859
0.00124642
0.00023414
0.00060786
-0.00086352
-0.00010432
-0.00140836
0.00220339
-0.03919276
0.00014425
-0.00103390
-0.00047613
0.00028607
0.00046131
0.00023200
-0.00113763
-0.00012379
0.00035249
-0.00087174
0.00029292
-0.00058925
0.00022570
-0.00017310
0.00105900
0.00015870
-0.00114788
-0.00126064
0.00066539
0.00056992
0.00118091
-0.00029899
-0.00033749
0.00090127
0.00139994
-0.00143546
-0.00050072
-0.00043925
0.00073123
0.00052052
0.00061737
0.00048214
-0.00012577
0.00047989
0.00123305
0.00036402
-0.00001931
0.00132844
-0.00022612
0.00034738
0.00000443
-0.00008926
-0.00136442
0.00073660
0.00057071
-0.00063387
0.00110242
-0.00152765
0.00065003
0.00144941
0.00059481
-0.00001677
0.00066580
0.00075788
0.00152605
0.00089105
0.00115645
0.00045872
0.00071881
-0.00077327
-0.00011729
-0.00141777
0.00211690
-0.03855874
0.00027194
-0.00091124
-0.00043671
0.00011601
0.00029226
0.00015941
-0.00127309
0.00001615
0.00030567
-0.00073535
0.00038431
-0.00070740
0.00034841
0.00011677
0.00094850
0.00017063
-0.00110938
-0.00112581
0.00071038
0.00050876
0.00108429
-0.00033789
-0.00025890
0.00099335
0.00143868
-0.00132590
-0.00057774
-0.00064232
0.00064955
0.00043584
0.00055577
0.00039939
-0.00018918
0.00057884
0.00118373
0.00036468
-0.00011307
0.00133155
-0.00017808
0.00027320
-0.00003005
-0.00015675
-0.00138038
0.00071470
0.00050230
-0.00066435
0.00061750
-0.00154317
0.00064387
0.00143884
0.00061514
-0.00011230
0.00072089
0.00063896
0.00152267
0.00092786
0.00122766
0.00047971
0.00082796
-0.00079458
-0.00026658
-0.00140812
0.00212780
-0.03736591
0.00039371
-0.00082800
-0.00049051
0.00015864
0.00033963
0.00024283
-0.00127424
0.00000545
0.00035505
-0.00075925
0.00032020
-0.00074124
0.00034541
0.00015097
0.00093147
0.00019583
-0.00110501
-0.00107385
0.00074006
0.00044787
0.00108909
-0.00037025
-0.00022142
0.00100786
0.00138212
-0.00123940
-0.00057174
-0.00080646
0.00072232
0.00038209
0.00052074
0.00028664
-0.00019512
0.00057574
0.00118280
0.00036119
-0.00015079
0.00127238
-0.00018030
0.00029840
-0.00003340
-0.00016926
-0.00139199
0.00075914
0.00052058
-0.00063506
0.00051784
-0.00156248
0.00068469
0.00146837
0.00060778
-0.00013808
0.00070875
0.00063702
0.00152673
0.00091533
0.00120879
0.00049070
0.00085703
-0.00083453
-0.00026643
-0.00140772
0.00213050
-0.03703361
0.00039476
-0.00085137
-0.00044645
0.00016047
0.00035900
0.00019210
-0.00129813
0.00000136
0.00040333
-0.00076064
0.00032069
-0.00075026
0.00030464
0.00018668
0.00087104
0.00011645
-0.00114188
-0.00110297
0.00077964
0.00045242
0.00116056
-0.00040835
-0.00024814
0.00098799
0.00138383
-0.00121241
-0.00056281
-0.00079684
0.00069610
0.00040314
0.00045058
0.00026756
-0.00019786
0.00057275
0.00118921
0.00038304
-0.00022945
0.00127335
-0.00019354
0.00030491
-0.00001472
-0.00020123
-0.00146648
0.00068043
0.00046998
-0.00066379
0.00034510
-0.00154488
0.00065891
0.00149129
0.00063435
-0.00017397
0.00072386
0.00060300
0.00152898
0.00097237
0.00121662
0.00048799
0.00089856
-0.00086569
-0.00031797
-0.00145802
0.00214223
-0.03676594
0.00043400
-0.00084941
-0.00047456
0.00015493
0.00042241
0.00038792
-0.00132663
0.00003829
0.00039620
-0.00074941
0.00032308
-0.00073227
0.00034352
0.00013841
0.00089867
0.00010474
-0.00109014
-0.00112658
0.00081238
0.00043003
0.00119847
-0.00040472
-0.00023037
0.00102856
0.00137295
-0.00127005
-0.00053321
-0.00081257
0.00068001
0.00040691
0.00044571
0.00021808
-0.00019257
0.00057909
0.00117194
0.00036732
-0.00024147
0.00127610
-0.00020426
0.00032397
-0.00001609
-0.00021046
-0.00152420
0.00070451
0.00046962
-0.00066693
0.00030795
-0.00149518
0.00068299
0.00152425
0.00061945
-0.00015994
0.00073627
0.00060818
0.00152393
0.00098095
0.00121704
0.00051115
0.00089563
-0.00087589
-0.00031315
-0.00147672
0.00210146
-0.03685255
0.00042869
-0.00084618
-0.00044146
0.00014891
0.00042145
0.00042884
-0.00136091
0.00003425
0.00036720
-0.00074688
0.00033173
-0.00069544
0.00034652
0.00013468
0.00094130
0.00012722
-0.00105860
-0.00114275
0.00080903
0.00040826
0.00118314
-0.00037925
-0.00024545
0.00100981
0.00133041
-0.00130404
-0.00055165
-0.00083019
0.00069629
0.00043998
0.00042713
0.00022287
-0.00021149
0.00055466
0.00117939
0.00030798
-0.00017933
0.00127384
-0.00022421
0.00039051
0.00001525
-0.00015648
-0.00146286
0.00071312
0.00051641
-0.00063805
0.00059151
-0.00148821
0.00061175
0.00154135
0.00065882
-0.00009981
0.00066264
0.00066533
0.00149948
0.00097346
0.00116414
0.00049390
0.00081688
-0.00089841
-0.00023242
-0.00150274
0.00208014
-0.03745943
0.00035552
-0.00088650
-0.00040853
0.00015006
0.00040932
0.00026375
-0.00130637
0.00005414
0.00032829
-0.00071755
0.00035888
-0.00069701
0.00029342
0.00015055
0.00098256
0.00011300
-0.00109066
-0.00114718
0.00081450
0.00048048
0.00120051
-0.00037710
-0.00022981
0.00102082
0.00134339
-0.00132532
-0.00052411
-0.00077303
0.00064950
0.00045936
0.00044251
0.00027346
-0.00022393
0.00055537
0.00128211
0.00038352
-0.00030140
0.00124701
-0.00022137
0.00043597
0.00001654
-0.00019464
-0.00162986
0.00074864
0.00041878
-0.00066049
0.00063722
-0.00149786
0.00050188
0.00158828
0.00063607
-0.00013481
0.00059522
0.00073496
0.00150078
0.00107411
0.00121878
0.00038284
0.00079973
-0.00100456
-0.00020737
-0.00164750
0.00213420
-0.03719864
0.00034544
-0.00096659
-0.00036271
0.00023132
0.00051542
0.00043607
-0.00124519
-0.00000892
0.00032977
-0.00070361
0.00037120
-0.00063056
0.00016302
-0.00000944
0.00102776
0.00001176
-0.00106102
-0.00117347
0.00086659
0.00048792
0.00135181
-0.00033879
-0.00032498
0.00097298
0.00123904
-0.00143585
-0.00051028
-0.00073552
0.00066896
0.00056160
0.00039049
0.00025471
-0.00028598
0.00051601
0.00116161
0.00030131
-0.00015047
0.00130512
-0.00023633
0.00039636
0.00003126
-0.00011318
-0.00143054
0.00071201
0.00053339
-0.00062009
0.00064166
-0.00145791
0.00063655
0.00155906
0.00064334
-0.00008694
0.00066916
0.00066349
0.00150838
0.00100948
0.00111719
0.00050211
0.00079453
-0.00091296
-0.00022886
-0.00151398
0.00206848
-0.03755595
0.00033443
-0.00084545
-0.00039058
0.00016986
0.00037826
0.00014098
-0.00131590
0.00006656
0.00033650
-0.00072935
0.00038347
-0.00067091
0.00032429
0.00019610
0.00092625
0.00013450
-0.00110593
-0.00115003
0.00083757
0.00044121
0.00115655
-0.00036258
-0.00018515
0.00107682
0.00136470
-0.00132477
-0.00052301
-0.00077735
0.00060722
0.00047334
0.00047027
0.00027574
-0.00022152
0.00058320
0.00126833
0.00039947
-0.00026000
0.00130727
-0.00023673
0.00043902
0.00004167
-0.00011562
-0.00160995
0.00074584
0.00041666
-0.00064169
0.00075696
-0.00146848
0.00053212
0.00161363
0.00060058
-0.00011879
0.00062040
0.00075111
0.00148163
0.00115664
0.00115295
0.00037539
0.00076561
-0.00102834
-0.00018802
-0.00167426
0.00212786
-0.03724651
0.00032910
-0.00090883
-0.00034044
0.00023530
0.00048019
0.00030351
-0.00125056
0.00004097
0.00033897
-0.00071569
0.00041409
-0.00060024
0.00022012
0.00006192
0.00091559
0.00006616
-0.00109964
-0.00117959
0.00089062
0.00041495
0.00126250
-0.00029295
-0.00027276
0.00107093
0.00128694
-0.00139026
-0.00051960
-0.00073497
0.00062023
0.00056450
0.00045813
0.00024700
-0.00027276
0.00055621
0.00122482
0.00034295
-0.00019609
0.00133909
-0.00025085
0.00041263
0.00003676
-0.00011212
-0.00154579
0.00071627
0.00043734
-0.00063401
0.00057675
-0.00149829
0.00057980
0.00160914
0.00065787
-0.00011313
0.00061714
0.00069912
0.00154008
0.00107163
0.00117499
0.00042095
0.00082099
-0.00094969
-0.00019332
-0.00162644
0.00208607
-0.03746863
0.00038017
-0.00089639
-0.00040691
0.00021841
0.00047842
0.00027365
-0.00132729
0.00005174
0.00032578
-0.00069655
0.00036298
-0.00065061
0.00027295
0.00011671
0.00094736
0.00012088
-0.00107379
-0.00114041
0.00085836
0.00042412
0.00122353
-0.00032165
-0.00027183
0.00108403
0.00132254
-0.00134368
-0.00052837
-0.00079401
0.00065087
0.00051372
0.00043676
0.00025375
-0.00025228
0.00054593
0.00114554
0.00031809
-0.00003998
0.00130932
-0.00024812
0.00039918
0.00000436
0.00000125
-0.00138722
0.00073589
0.00055293
-0.00064787
0.00084087
-0.00146567
0.00061823
0.00154657
0.00066826
-0.00001057
0.00065166
0.00071410
0.00147919
0.00100890
0.00108872
0.00048696
0.00073548
-0.00085307
-0.00009713
-0.00153315
0.00205399
-0.03826448
0.00029213
-0.00088203
-0.00038227
0.00015741
0.00034148
0.00006301
-0.00135677
0.00008040
0.00029297
-0.00071462
0.00041962
-0.00068171
0.00024370
0.00020033
0.00092116
0.00012430
-0.00111214
-0.00110689
0.00085767
0.00048381
0.00113142
-0.00034483
-0.00023406
0.00108113
0.00136181
-0.00137934
-0.00054977
-0.00074219
0.00063245
0.00049160
0.00051088
0.00028392
-0.00027643
0.00055359
