1
-2
1
0
0
2
-1
-2
-1
0
1
0
1
1
-2
1
2
1
0
-1
-1
0
1
0
1
0
-1
1
-1
-1
1
0
1
1
2
1
0
-1
2
-1
1
-1
2
-2
-1
1
2
1
1
1
1
2
-3
0
-1
1
1
-1
-2
-1
-1
-1
0
-1
25
27
-2
-6
15
9
-14
3
-14
11
14
-12
19
12
4
10
22
34
29
-10
-8
-9
9
80
2
-8
-2
0
0
6
-1
2
-27
6
-23
-18
-6
11
-5
-13
-8
9
-3
-14
-15
8
13
-2
12
9
12
34
2
24
-50
5
-45
-4
2
-1
-1
1
2
1
38
11
19
14
20
1
-16
13
-18
18
21
-21
20
19
12
12
29
36
26
-10
-9
-14
11
74
0
6
10
3
10
6
-10
7
9
27
-16
-18
10
19
-15
-16
-18
20
-15
-17
-20
10
12
-9
12
10
14
53
5
31
-66
5
-32
-1
-1
11
-4
10
6
9
9
-4
10
10
13
4
-18
7
-18
16
19
-15
22
18
0
15
25
29
19
-13
-13
-14
13
64
8
3
5
8
6
6
-6
7
23
14
-3
-8
9
20
-13
-19
-14
16
-3
-20
-12
13
16
-2
16
14
15
48
-7
30
-62
10
-26
-7
-10
6
-8
6
7
6
-19
-14
9
18
10
0
-19
12
-18
18
25
-20
24
22
-1
19
27
29
22
-13
-15
-13
13
58
9
-6
-4
5
-3
-1
2
0
20
2
9
1
19
25
-19
-21
-20
23
-4
-22
-19
14
20
-3
19
17
16
52
-3
28
-62
11
-26
-5
-8
-3
-3
-2
1
-2
-40
-27
19
19
10
-4
-6
10
-8
7
12
-6
22
11
-1
11
20
31
25
-12
-8
-9
10
76
5
-9
-4
3
-2
3
1
2
-1
0
10
-4
13
15
-12
-9
-14
12
7
-18
-8
10
14
0
14
12
12
32
-3
21
-48
7
-41
-6
-2
-3
-2
-1
2
0
-39
-31
4
43
9
-21
9
34
-9
19
34
-34
15
19
48
9
35
56
57
-6
-10
-5
7
119
-9
-38
-26
-20
-20
-4
18
-15
-84
-62
65
29
41
8
-31
3
-31
36
-41
-8
-41
-1
11
-29
8
6
17
27
59
26
-48
1
-96
7
26
-23
17
-17
-15
-17
14
7
-10
4
-10
-16
-5
19
-11
10
24
-17
25
19
-4
18
21
23
18
-14
-15
-12
13
55
10
-2
-1
5
1
2
-1
3
-21
-12
8
18
20
18
-25
-13
-23
24
1
-24
-16
15
19
0
18
17
16
45
-6
27
-57
12
-23
-6
-8
0
-4
1
3
1
48
23
-18
11
-6
-13
3
13
-1
2
9
-1
22
9
1
9
20
33
28
-11
-6
-9
10
86
2
-5
1
2
3
6
-4
4
-7
-28
23
21
17
5
-11
0
-17
12
11
-18
0
11
13
0
14
12
12
37
-1
24
-56
5
-45
-4
0
2
-3
4
4
4
9
7
-6
-2
-11
-19
-3
19
-11
9
24
-15
29
20
-6
19
25
28
19
-16
-17
-17
16
54
13
5
6
12
7
7
-8
9
13
2
-1
11
11
14
-27
-15
-21
23
3
-29
-17
20
21
4
22
20
19
51
-10
32
-61
14
-19
-11
-14
7
-11
7
9
8
-18
11
-14
-17
-22
-25
11
24
-2
6
24
-12
25
17
3
17
29
34
26
-14
-14
-13
13
70
8
-15
-12
0
-10
-6
9
-6
35
20
-14
13
5
0
-23
-1
-26
27
3
-23
-13
14
18
-5
19
17
17
45
5
25
-57
11
-39
-2
-3
-11
2
-10
-5
-9
-12
-2
0
-9
-12
-17
5
16
-5
5
18
-8
21
13
-1
13
17
21
13
-12
-11
-14
12
54
5
10
11
11
12
10
-12
11
2
7
-6
3
1
1
-19
-7
-17
18
3
-23
-6
17
13
3
15
13
14
44
-10
29
-59
8
-17
-8
-11
12
-11
12
11
12
-26
-10
-10
-13
-12
-10
4
8
3
-1
1
4
19
6
-6
7
13
24
20
-10
-4
-8
8
69
3
-2
3
5
5
8
-5
6
-20
23
-18
10
3
-2
-6
1
-11
6
14
-16
4
11
11
4
12
11
10
28
-10
19
-46
5
-33
-6
-4
4
-6
5
6
6
7
-30
7
-21
-16
-11
10
11
6
-1
3
4
21
7
-4
9
17
29
23
-12
-6
-10
10
78
3
-5
0
4
2
5
-3
4
-43
8
-24
-1
-5
-9
-6
5
-14
10
15
-17
5
12
13
2
14
13
12
34
-7
21
-52
6
-39
-5
-3
1
-4
3
4
3
32
-22
14
-19
-19
-18
14
18
0
1
16
-6
27
12
0
14
24
39
34
-14
-12
-11
13
82
8
-20
-14
0
-10
1
8
-3
-14
-10
-14
-5
-6
-10
-14
1
-18
17
7
-21
-10
13
17
-2
19
17
17
33
8
24
-49
10
-52
-7
0
-12
1
-8
-3
-7
16
5
9
0
-5
-13
27
24
8
-4
26
-11
30
19
-2
21
26
27
20
-16
-18
-14
16
56
11
-9
-8
2
-6
-4
6
-3
18
-11
9
-18
-21
-22
-11
10
-26
29
10
-30
-15
19
21
-1
23
20
19
47
-2
27
-57
15
-28
-4
-6
-7
0
-6
-2
-5
-7
15
9
6
1
-6
29
21
11
-6
24
-7
30
17
-2
19
29
34
24
-17
-17
-15
16
66
11
-12
-9
1
-7
-4
6
-4
35
-13
14
-20
-23
-26
-4
15
-26
29
11
-28
-10
18
20
-2
23
21
20
48
3
27
-58
14
-36
-4
-5
-8
1
-7
-3
-6
-84
70
15
22
1
8
25
1
23
-14
58
-30
34
22
48
16
43
65
62
-8
-13
-11
10
127
-9
-44
-32
-22
-25
-8
22
-19
42
-6
67
-48
-43
-15
18
32
-23
41
-15
-29
-40
8
22
-29
14
12
22
39
64
33
-57
3
-104
9
27
-28
20
-22
-19
-21
-23
16
-8
14
12
6
21
11
16
-11
23
-6
31
15
1
15
26
32
22
-15
-12
-18
15
69
4
9
13
7
13
9
-12
10
-13
12
16
-9
-12
-16
6
16
-18
23
10
-31
-9
21
16
0
19
16
17
56
-4
35
-69
9
-26
-5
-6
13
-8
12
10
12
2
-2
-10
16
17
9
29
18
16
-11
22
-5
31
16
-6
21
27
29
22
-17
-18
-14
16
55
12
-9
-8
4
-6
-4
6
-3
-23
10
1
1
-12
-25
7
20
-23
28
15
-31
-10
21
20
1
24
22
20
47
-2
26
-56
15
-26
-5
-9
-7
-1
-6
-2
-5
33
-13
-18
20
22
17
23
10
21
-14
19
-1
31
15
-4
19
26
31
23
-18
-16
-15
16
71
10
-7
-4
5
-2
1
1
1
-20
18
-1
7
-7
-20
15
24
-19
25
17
-30
-3
21
20
0
24
21
20
50
-2
29
-64
13
-35
-6
-7
-3
-3
-2
1
-1
7
-1
2
6
12
12
26
18
12
-9
14
0
29
12
-10
17
19
20
12
-16
-16
-14
15
41
13
1
1
9
2
2
-2
4
6
-2
-2
4
-4
-20
9
18
-19
19
16
-29
-5
22
17
7
22
20
18
41
-12
25
-50
15
-14
-8
-13
1
-7
2
5
3
14
-59
-31
25
42
22
0
-20
32
-27
53
-21
33
18
43
15
33
55
55
-8
-13
-6
8
119
-8
-38
-26
-20
-20
-4
18
-15
92
-35
-57
45
6
6
33
27
-8
31
1
-28
-29
6
24
-26
13
13
22
27
58
26
-48
3
-97
6
26
-23
17
-17
-15
-17
-19
4
7
-4
14
23
16
6
21
-16
12
1
28
12
-6
18
21
23
18
-15
-15
-10
14
47
10
-13
-12
0
-11
-8
10
-7
9
-9
-6
14
12
-7
23
24
-14
19
19
-27
-4
20
18
3
22
20
18
41
-3
20
-48
14
-25
-2
-6
-11
3
-11
-6
-10
-36
1
0
4
11
10
2
-3
12
-5
-9
13
14
1
-7
6
11
22
18
-12
-4
-9
10
73
3
-1
4
6
5
8
-6
7
-4
-29
-23
17
6
1
7
9
-1
4
12
-10
15
12
9
4
13
13
11
28
-12
19
-48
6
-34
-6
-4
5
-6
6
7
6
-26
65
60
-36
19
12
-16
-29
33
-33
52
-17
36
17
42
16
33
55
55
-8
-13
-6
9
119
-7
-38
-26
-20
-20
-4
18
-15
-89
-24
-24
37
37
19
28
17
2
24
10
-30
-25
7
26
-25
14
14
23
27
58
26
-48
4
-96
6
26
-23
17
-17
-15
-17
-5
-8
-7
-1
2
22
11
6
18
-16
10
5
32
10
-17
17
15
16
12
-17
-16
-14
16
31
13
9
8
12
9
7
-9
10
4
-2
0
1
9
0
23
23
-10
13
20
-32
-4
26
14
11
23
20
18
42
-14
26
-48
15
-3
-11
-15
9
-11
9
10
9
28
2
5
-17
-9
20
-5
-10
27
-24
12
7
32
11
-7
19
26
30
21
-19
-16
-15
16
62
11
-11
-9
3
-7
-4
6
-3
7
13
11
-5
20
17
28
23
-3
15
23
-29
0
23
19
2
26
23
20
48
-1
26
-58
15
-31
-5
-8
-8
0
-7
-2
-6
39
-22
17
-46
-19
-3
-29
-34
31
-37
50
-13
38
17
40
17
32
54
55
-8
-14
-6
9
119
-7
-38
-26
-20
-20
-4
18
-15
84
65
63
-23
38
22
16
4
11
16
19
-32
-22
8
28
-25
15
15
24
27
58
26
-48
4
-97
6
26
-23
17
-17
-15
-17
-14
-12
-4
-8
-15
9
-12
-14
25
-22
4
11
26
8
-9
17
18
21
14
-18
-14
-14
16
53
10
3
4
9
5
3
-5
6
19
5
9
-13
11
22
24
20
1
10
21
-24
6
22
16
6
23
21
19
43
-12
25
-56
14
-19
-7
-12
5
-8
5
6
5
-31
-16
-14
-1
-22
1
-19
-20
25
-27
8
9
28
10
-9
18
18
24
19
-18
-16
-15
16
60
11
-8
-5
4
-4
-1
3
0
-1
-7
7
-19
4
25
18
13
8
7
23
-26
4
21
17
3
24
21
20
42
-2
26
-54
14
-29
-6
-6
-4
-2
-3
0
-3
-50
-37
-64
8
-42
-17
-33
-33
26
-40
46
-9
40
16
39
18
32
54
54
-9
-15
-7
9
119
-7
-38
-26
-20
-21
-3
18
-15
-78
-58
9
-51
6
15
-1
-9
20
7
27
-33
-18
9
30
-24
16
17
24
27
58
26
-48
5
-97
6
26
-23
17
-17
-15
-17
22
4
-41
16
-29
-12
-22
-21
18
-28
25
1
39
11
18
16
27
47
46
-11
-12
-8
10
105
-3
-23
-13
-10
-9
3
7
-5
-58
-47
-14
-31
-4
11
0
-4
15
1
24
-31
-9
15
24
-11
18
18
23
36
35
28
-53
6
-74
0
15
-11
8
-6
-6
-6
8
3
1
6
-8
-8
-17
-15
17
-18
-3
14
20
4
-11
13
12
17
13
-16
-10
-12
13
47
8
7
7
10
8
7
-8
8
0
-2
-2
-2
-7
18
12
12
7
3
18
-19
10
20
12
7
19
18
16
41
-13
24
-55
11
-13
-8
-12
7
-9
7
8
8
32
31
-7
22
-14
-15
-18
-18
14
-19
-3
13
23
5
-4
13
18
30
25
-17
-11
-12
14
78
6
-13
-8
-1
-6
-1
5
-2
33
-3
-25
-7
-15
9
-3
-4
16
-2
17
-16
10
17
15
2
21
20
19
34
2
22
-50
11
-45
-3
1
-7
1
-5
-2
-4
-12
14
9
19
-7
-23
-28
-25
20
-27
-2
17
27
5
-8
17
24
32
22
-21
-15
-17
18
72
10
-10
-7
4
-5
-2
4
-1
36
15
-14
7
-22
12
-1
1
18
0
23
-22
12
23
17
4
28
25
21
47
-2
27
-61
15
-37
-6
-8
-6
-2
-4
0
-3
-46
6
22
23
-5
-20
-20
-19
14
-23
4
13
33
7
0
17
25
41
37
-18
-14
-13
15
91
6
-21
-15
-5
-11
-1
9
-5
17
33
-19
11
-23
4
-7
-5
17
-4
22
-22
7
18
20
-2
25
24
23
37
16
26
-53
12
-59
-3
5
-12
5
-9
-5
-8
-34
-26
31
7
14
-20
-20
-20
12
-32
10
14
33
9
8
17
28
37
27
-17
-12
-17
16
81
0
5
10
2
10
6
-9
6
-31
24
6
27
-23
-10
-18
-16
28
-9
31
-28
5
22
21
-5
24
21
21
55
8
32
-69
9
-38
0
1
10
-3
9
5
9
-1
-11
9
7
2
-17
-18
-17
11
-15
-6
19
19
-1
-11
11
15
23
15
-18
-10
-16
16
60
8
5
7
9
8
8
-9
9
-19
8
-2
8
-11
1
-4
0
12
-2
14
-14
15
21
10
8
22
20
17
39
-11
26
-55
12
-23
-8
-9
8
-9
9
9
9
33
-14
3
-12
22
-22
-17
-20
9
-27
-5
20
27
4
-11
18
19
25
18
-21
-16
-17
18
66
11
-6
-3
5
-2
1
1
1
-15
-15
18
18
-11
-13
-21
-15
26
-12
25
-22
14
25
16
5
27
24
21
47
-2
29
-60
15
-33
-7
-7
-2
-3
-1
2
-1
43
-12
1
-14
19
-10
-7
-10
4
-18
0
16
26
3
2
14
21
39
34
-17
-12
-14
15
95
3
-15
-8
-3
-4
4
3
-1
22
-34
30
22
-11
-14
-17
-15
20
-10
20
-17
12
18
19
0
23
23
23
37
17
28
-56
11
-61
-3
6
-6
2
-3
-1
-2
1
8
-8
-14
19
-16
-14
-19
8
-23
-8
23
25
1
-12
16
20
28
19
-23
-15
-19
20
71
11
-1
2
9
4
5
-4
6
29
-15
11
7
-2
-18
-22
-14
24
-11
22
-18
17
25
15
7
29
26
22
48
-7
32
-66
16
-31
-9
-10
3
-7
4
6
5
-78
69
-65
-53
43
3
11
5
-5
-35
25
11
53
14
34
25
38
62
59
-13
-18
-13
12
127
-6
-44
-32
-22
-25
-8
22
-18
52
-13
20
2
3
-17
-28
-32
32
-25
55
-40
-4
19
41
-22
24
24
30
38
63
32
-57
7
-104
8
27
-28
20
-22
-19
-21
-31
20
-17
-14
10
3
2
-5
-4
-17
-6
22
22
1
-4
13
22
29
20
-19
-8
-17
15
71
3
3
7
3
7
3
-6
4
-14
12
-8
-13
17
-18
-20
-18
23
-17
21
-15
16
21
14
1
23
20
17
53
-2
29
-66
9
-30
-1
-2
7
-3
6
4
6
-6
8
-11
-10
11
3
3
-7
-2
-18
-9
21
16
0
-8
14
18
25
18
-21
-12
-17
18
69
8
-1
2
6
3
4
-3
4
-32
19
-11
-13
14
-20
-22
-20
23
-15
18
-12
18
22
13
5
25
23
20
44
-4
28
-61
13
-32
-6
-7
3
-5
3
5
4
23
-9
3
-1
4
6
6
-7
-4
-18
-13
25
29
1
-16
17
17
22
17
-22
-17
-15
18
53
13
-10
-8
4
-6
-2
5
-1
-16
9
-13
-17
20
-24
-26
-23
25
-21
22
-18
16
26
14
9
29
26
22
42
-3
24
-51
16
-27
-7
-8
-7
-2
-5
-1
-4
35
-17
5
1
2
11
10
-5
-6
-17
-13
26
33
1
-12
19
23
34
28
-23
-18
-17
19
74
14
-19
-15
1
-12
-3
10
-5
10
8
-15
-19
22
-23
-25
-23
25
-21
23
-18
19
25
18
6
33
30
25
43
5
27
-55
17
-45
-7
-4
-13
1
-10
-4
-9
16
-37
27
16
-9
20
20
10
-15
-12
-12
21
26
2
-2
18
26
41
36
-19
-14
-13
15
98
6
-32
-24
-10
-20
-9
18
-13
58
-14
-21
-25
24
-9
-13
-21
21
-22
19
-12
18
19
21
-1
29
28
25
39
20
23
-54
13
-69
1
9
-22
11
-18
-13
-17
-9
0
3
8
-6
14
12
-6
-5
-11
-17
29
24
-4
-17
14
12
17
11
-22
-15
-17
18
46
12
4
4
9
5
4
-5
6
8
-5
2
-5
12
-17
-23
-22
22
-18
15
-13
20
27
11
13
27
24
21
43
-13
27
-55
16
-16
-8
-12
5
-8
5
6
5
-92
25
55
51
-31
21
33
30
-25
-16
2
16
43
11
27
23
28
51
51
-11
-18
-8
11
119
-5
-39
-27
-20
-21
-3
18
-14
-14
-64
34
-6
29
9
3
-15
21
-37
53
-31
6
15
41
-19
22
24
30
26
57
25
-47
8
-97
5
26
-23
17
-17
-15
-17
-8
7
4
10
-11
19
17
2
-9
-8
-16
26
13
-6
-15
11
12
18
10
-22
-11
-18
19
54
9
8
10
11
10
8
-10
10
-14
-7
5
1
5
-5
-14
-20
18
-16
8
-5
22
23
8
11
25
23
19
44
-14
28
-59
14
-17
-8
-12
10
-10
10
10
10
51
66
-7
38
-42
14
30
33
-29
-10
-4
19
43
10
26
24
28
51
51
-11
-18
-8
11
118
-5
-39
-27
-20
-21
-3
18
-14
-78
20
65
35
5
17
14
-7
15
-39
53
-29
9
16
42
-18
22
24
30
26
57
25
-47
8
-97
5
26
-23
17
-17
-15
-17
62
27
-24
17
-29
11
20
21
-21
-3
-11
24
37
3
9
18
23
44
43
-14
-15
-9
12
105
-1
-23
-14
-10
-9
3
7
-5
-4
38
36
31
-6
12
9
-6
10
-28
33
-20
16
18
29
-6
23
25
28
34
34
27
-53
9
-74
0
15
-11
7
-6
-6
-6
13
-1
-8
1
-11
18
23
11
-17
-3
-19
31
20
-7
-14
14
17
25
16
-23
-14
-19
19
59
9
4
6
9
7
5
-7
7
17
11
4
12
-9
9
-2
-17
14
-22
11
-6
24
26
12
11
30
27
22
49
-7
29
-61
15
-23
-7
-10
7
-8
7
7
7
-14
-11
-9
-7
-9
16
24
16
-20
-4
-19
24
15
-4
-13
15
17
23
16
-21
-12
-14
16
57
10
-9
-8
4
-7
-4
6
-3
23
5
-4
12
-15
17
5
-15
13
-24
8
-3
21
21
11
7
28
25
19
42
-6
21
-53
14
-28
-4
-8
-7
-1
-6
-2
-5
-40
-31
-24
-8
-8
4
9
11
-15
1
-12
16
0
-7
-11
6
8
23
19
-18
-5
-12
15
78
4
0
5
5
6
8
-7
7
12
8
-7
18
-12
12
6
-3
2
-9
-8
8
22
13
7
7
19
21
18
30
-8
21
-52
11
-38
-6
-3
6
-6
7
7
7
-18
-11
-3
-15
1
5
20
20
-22
1
-19
24
7
-7
-15
13
12
19
13
-24
-13
-18
20
62
11
-3
-1
6
0
1
-1
2
-22
-13
-13
4
-18
22
14
-9
8
-22
3
2
23
21
9
9
27
25
21
41
-8
25
-57
16
-28
-6
-8
0
-4
0
3
1
9
-6
1
-23
1
0
13
17
-19
3
-17
23
18
-4
-8
14
15
33
31
-20
-13
-13
16
87
7
-17
-10
-3
-7
2
5
-2
-43
-32
-27
5
-21
19
14
-3
3
-19
9
-2
24
17
16
5
27
29
26
31
11
24
-50
14
-55
-5
4
-8
2
-5
-2
-5
45
27
27
-21
21
-15
6
24
-30
9
-25
30
22
-3
0
18
22
34
24
-22
-12
-18
18
81
1
5
10
1
10
6
-9
6
-12
-23
-17
-19
-16
16
26
9
-3
-32
21
-7
24
23
23
0
29
27
24
53
7
31
-68
12
-38
0
1
10
-3
9
5
9
27
25
20
-7
22
-15
4
20
-24
8
-20
24
10
-6
-7
13
18
27
18
-22
-9
-18
17
73
4
-2
2
1
2
0
-2
1
26
1
1
-21
-6
14
22
6
-4
-24
8
2
24
19
13
4
27
24
19
50
0
27
-66
11
-34
0
-2
2
-1
2
1
2
-3
19
15
-7
10
-7
6
13
-15
1
-10
15
-7
-10
-7
4
9
18
7
-20
-1
-19
17
65
2
16
19
12
18
13
-17
15
26
10
2
-12
-7
10
12
-1
0
-13
-3
11
19
12
6
6
18
17
13
40
-20
27
-62
9
-20
-6
-10
19
-13
17
14
17
-31
4
11
0
15
-13
3
17
-18
3
-12
16
-7
-10
-13
7
10
18
10
-22
-4
-17
18
62
7
2
4
9
4
4
-4
6
11
19
11
-16
-3
11
17
2
-3
-15
-9
12
21
14
5
8
23
22
16
37
-17
22
-56
13
-25
-6
-11
4
-7
4
6
5
-11
-2
2
2
15
-17
4
23
-22
7
-21
26
12
-11
-17
12
11
18
12
-24
-15
-18
20
55
13
-8
-7
6
-5
-1
4
0
-7
4
3
-9
-1
15
25
1
0
-21
1
5
26
21
8
12
30
27
22
36
-9
24
-51
18
-28
-8
-10
-6
-3
-4
1
-3
-3
-26
-6
13
17
-16
-5
13
-17
11
-19
25
13
-8
-11
13
13
30
28
-21
-14
-14
17
83
8
-16
-10
-2
-6
2
4
-2
-39
11
23
-17
6
4
17
9
-8
-14
1
4
28
18
14
7
28
29
26
34
9
25
-52
15
-52
-5
3
-8
1
-4
-1
-4
20
-6
-11
16
8
-24
-12
20
-23
18
-26
31
14
-10
-17
14
10
15
11
-24
-16
-17
20
48
11
-1
0
5
1
0
-1
2
-10
-10
-2
5
19
-2
25
15
-12
-21
1
4
28
24
9
13
29
26
22
42
-7
25
-53
17
-20
-5
-7
1
-3
1
2
1
24
1
-11
15
4
-24
-15
17
-21
16
-22
25
8
-10
-15
14
12
21
17
-24
-13
-14
18
58
11
-11
-10
4
-8
-4
7
-3
15
-13
-6
10
21
-7
22
16
-13
-20
-3
8
27
20
10
10
30
28
22
41
-2
22
-54
16
-30
-5
-9
-9
-1
-7
-2
-6
7
-2
-10
13
8
-18
-7
15
-14
8
-10
18
0
-13
-18
6
4
16
14
-21
-9
-13
17
61
11
-1
2
9
4
7
-5
7
20
-13
3
-1
10
-2
16
7
-6
-10
-11
13
25
14
2
13
23
24
20
28
-15
21
-47
15
-26
-10
-9
3
-8
5
7
5
-17
11
-1
3
-9
-18
-21
13
-18
20
-23
28
8
-14
-20
12
9
18
14
-27
-14
-18
21
57
13
1
3
10
4
5
-5
6
15
-3
-10
15
18
-16
16
19
-17
-16
-6
12
31
22
5
14
31
29
23
43
-10
27
-57
17
-22
-10
-12
4
-8
5
7
5
-44
31
11
-7
-21
-1
-27
-3
-13
29
-32
31
14
-8
-4
18
19
31
23
-24
-12
-19
19
81
2
5
10
1
10
5
-9
6
-15
18
-30
27
16
-22
1
26
-27
-17
5
6
30
22
22
2
31
29
25
52
7
31
-68
13
-38
0
1
10
-3
9
5
9
-10
10
15
-10
-18
-4
-25
2
-13
21
-20
21
-1
-12
-13
14
12
22
15
-26
-13
-19
21
66
9
-1
2
6
2
2
-3
3
-40
24
-15
19
12
-23
2
24
-22
-14
-7
12
25
18
11
8
30
29
23
41
-3
25
-58
17
-30
-5
-7
2
-5
2
4
3
28
-11
20
-19
-23
2
-26
-2
-9
25
-23
23
4
-11
-14
15
13
23
19
-25
-14
-16
19
69
11
-15
-12
0
-10
-6
9
-6
-28
20
0
10
2
-24
-3
23
-25
-11
-8
12
28
19
11
9
32
30
24
40
2
23
-55
17
-39
-3
-4
-11
2
-10
-5
-9
33
-17
13
-18
-19
6
-23
-2
-7
22
-16
20
-4
-15
-18
11
9
19
13
-28
-12
-19
21
67
11
-1
2
8
3
3
-3
5
6
8
7
2
-5
-23
-5
22
-24
-8
-14
17
27
18
5
12
31
29
23
45
-10
27
-63
17
-28
-7
-10
3
-6
3
5
4
24
-39
26
-29
-24
10
-17
-10
-3
23
-24
24
10
-8
-7
15
14
35
34
-21
-14
-14
17
93
4
-13
-6
-4
-3
4
2
-1
44
-6
23
1
-5
-14
-11
16
-22
-6
-3
9
32
16
20
4
28
32
30
34
18
25
-53
14
-59
-2
8
-4
2
-1
-1
-1
-15
-2
-2
-11
-14
11
-27
-2
-9
25
-22
29
7
-18
-20
14
12
21
15
-28
-16
-19
22
57
12
-8
-7
2
-6
-5
5
-3
17
-10
9
-9
-11
-22
-10
26
-25
-7
-14
18
36
22
8
15
36
33
26
46
-6
25
-57
19
-28
-3
-7
-6
0
-6
-2
-5
-94
17
-28
-33
-31
17
-7
-31
7
43
-59
42
31
-3
7
31
29
54
52
-18
-25
-16
16
126
-3
-44
-32
-22
-26
-8
22
-18
1
-68
62
-41
-30
-2
-30
9
-32
-5
11
2
42
23
52
-10
35
38
40
36
61
31
-56
12
-104
7
26
-28
20
-22
-19
-22
-23
18
-14
-10
-8
13
-9
-9
2
15
-10
13
-2
-10
-11
7
8
24
22
-19
-8
-13
15
79
6
-8
-2
0
0
6
-1
2
-29
-21
18
-17
-14
-5
-11
11
-16
0
-10
14
24
11
8
7
23
26
22
29
0
22
-49
13
-45
-5
2
-1
-1
1
2
2
15
29
-25
10
7
19
-5
-19
8
27
-24
21
1
-13
-8
14
13
25
18
-25
-10
-19
20
73
2
6
11
3
10
6
-10
7
-36
4
-2
-21
-21
4
-22
9
-24
2
-10
17
28
17
15
5
29
27
23
47
3
28
-64
13
-32
-1
0
11
-4
10
6
9
24
11
-9
9
7
20
-8
-15
5
23
-13
15
-7
-16
-15
9
8
17
11
-27
-11
-19
21
63
10
3
6
8
6
5
-6
7
-5
10
-5
-10
-14
2
-21
14
-22
1
-15
20
24
15
3
11
29
27
22
42
-10
27
-59
16
-25
-7
-9
6
-8
6
7
6
16
-5
0
18
17
24
-5
-20
10
28
-17
21
-3
-18
-19
13
7
16
13
-29
-14
-17
21
56
11
-5
-4
5
-3
-1
2
0
22
13
-13
-3
-13
7
-27
13
-25
5
-19
22
30
19
4
14
32
30
24
45
-6
25
-59
17
-25
-5
-9
-3
-3
-2
1
-2
-8
-14
-6
17
11
13
2
-13
9
13
0
6
-10
-12
-14
6
6
20
18
-21
-7
-13
16
74
8
-9
-4
3
-2
4
1
2
40
24
-21
-7
-12
8
-14
4
-14
4
-15
18
21
9
2
9
24
27
21
27
-5
19
-47
14
-40
-6
-3
-3
-2
-1
2
0
-90
-69
42
48
39
2
25
-30
24
38
-53
34
19
-2
2
29
20
44
45
-14
-23
-9
13
118
-2
-39
-27
-19
-21
-3
18
-14
24
-4
-50
20
-15
22
-21
-17
-22
14
-7
8
39
19
49
-8
29
35
38
24
55
25
-47
13
-97
5
25
-23
17
-17
-15
-17
-18
-7
13
8
21
13
10
-23
16
24
-11
17
-6
-18
-19
10
3
11
9
-27
-13
-17
20
54
11
-2
0
5
1
1
-1
2
-17
-12
1
16
7
21
-24
3
-20
11
-21
24
29
16
0
15
28
26
22
39
-10
24
-54
17
-22
-6
-8
0
-4
1
3
1
1
-13
29
15
17
2
9
-12
15
10
5
2
-15
-13
-13
6
5
22
20
-22
-6
-13
17
86
5
-5
1
2
3
6
-4
4
-48
-34
-4
18
3
14
-8
-5
-9
7
-14
18
16
7
4
8
23
28
23
31
-2
22
-54
13
-45
-4
0
2
-3
4
4
4
14
5
3
0
13
9
12
-24
14
22
-10
16
-8
-24
-21
8
4
14
10
-31
-15
-22
24
52
14
5
6
12
7
7
-8
9
-6
-5
5
11
9
22
-24
6
-19
11
-22
29
33
16
-1
18
33
32
25
43
-13
28
-58
20
-18
-11
-14
7
-10
8
9
8
32
22
0
-14
9
-6
23
-22
23
22
-10
12
-8
-16
-17
14
9
20
17
-27
-14
-17
20
68
11
-15
-12
0
-10
-6
9
-5
24
0
20
17
21
24
-13
-9
-13
16
-22
23
27
14
7
11
33
32
26
39
1
22
-54
18
-39
-3
-4
-11
2
-10
-5
-9
0
6
-4
-8
3
-3
14
-18
14
15
-7
9
-10
-19
-13
5
3
11
6
-25
-8
-19
20
52
7
10
12
11
12
10
-12
11
13
5
4
5
12
16
-13
-1
-12
10
-16
23
20
10
2
12
23
22
18
38
-12
26
-57
14
-17
-7
-11
12
-11
12
11
12
-25
15
-6
-11
4
-5
7
-7
11
4
12
-4
-16
-12
-12
1
1
15
14
-19
-2
-11
14
68
5
-1
3
5
5
8
-5
6
22
21
20
12
11
9
-3
-4
-2
5
-9
16
11
3
-3
8
18
22
18
24
-10
18
-45
12
-33
-6
-4
4
-6
5
6
6
-41
-7
-22
-20
-3
-11
11
-8
16
6
11
-4
-18
-13
-13
4
3
18
16
-22
-4
-14
17
77
6
-4
1
4
2
5
-3
4
-14
30
12
4
16
8
1
-10
-1
8
-11
18
12
5
0
8
22
26
20
28
-8
19
-51
14
-38
-5
-3
2
-4
3
4
3
-9
-20
-20
-20
-3
-15
19
-16
16
12
-3
6
-12
-15
-17
9
5
24
24
-24
-14
-15
19
81
12
-19
-14
0
-10
1
8
-3
-34
14
0
-1
19
14
-4
-8
-8
12
-17
21
27
9
4
11
30
35
30
27
5
22
-47
18
-51
-8
-1
-12
1
-8
-2
-7
21
-7
0
-4
-20
-24
28
-17
27
16
-5
12
-10
-22
-21
12
4
13
11
-30
-17
-19
23
54
13
-9
-8
2
-6
-4
6
-3
-13
-10
-13
-17
8
7
6
-20
-5
25
-27
30
32
15
3
17
34
32
26
40
-6
24
-54
20
-27
-4
-7
-7
0
-6
-2
-5
34
-4
3
1
-23
-26
26
-12
28
15
-3
7
-14
-20
-20
12
6
18
14
-31
-17
-20
23
64
14
-12
-9
2
-7
-4
6
-4
13
-19
-16
-21
3
-1
13
-23
-1
25
-26
28
28
13
3
15
37
35
28
40
-1
24
-55
20
-35
-5
-6
-8
1
-7
-3
-6
26
29
36
11
-43
-13
10
12
31
17
-43
30
5
-12
-9
33
22
49
48
-20
-28
-17
17
126
-1
-44
-33
-22
-26
-8
23
-18
90
-64
-58
-51
6
-12
28
-29
11
40
-41
29
52
20
52
-2
39
45
45
35
59
30
-56
15
-104
6
26
-28
20
-22
-19
-22
-17
18
17
12
-13
-13
14
-2
23
8
-4
6
-15
-23
-15
9
6
19
13
-31
-11
-24
24
68
6
10
13
7
13
9
-12
10
20
-8
-6
-11
-10
-10
16
-19
6
25
-25
31
28
11
5
13
32
31
25
48
-7
31
-67
16
-26
-5
-5
13
-8
13
9
12
-22
8
8
16
-15
-22
20
-7
27
10
1
6
-14
-24
-21
11
3
13
12
-31
-17
-18
23
53
14
-8
-8
4
-6
-4
6
-2
-6
7
6
-2
-15
-15
23
-26
4
28
-27
30
30
12
0
18
36
34
27
40
-6
23
-53
21
-25
-6
-9
-7
-1
-6
-2
-5
-14
9
13
21
-10
-15
11
1
26
6
5
1
-19
-23
-20
10
3
16
13
-32
-15
-20
24
69
12
-7
-4
5
-2
1
1
1
-36
20
14
2
-21
-21
26
-26
11
28
-25
30
25
11
1
16
35
35
27
42
-6
26
-61
20
-34
-7
-7
-3
-3
-2
1
-1
7
-2
-2
6
-6
-16
16
-8
22
6
7
1
-16
-24
-19
4
-1
7
4
-28
-13
-18
22
39
14
1
1
9
2
2
-3
4
-5
0
0
3
-11
-17
22
-24
2
21
-20
29
24
8
-5
18
29
28
21
34
-16
22
-48
19
-13
-8
-13
2
-7
2
5
3
93
-60
-18
34
-1
12
-18
30
21
1
-27
22
-3
-9
-12
30
16
40
42
-15
-26
-10
15
118
0
-39
-27
-19
-21
-3
18
-14
2
34
63
39
-42
-19
27
-16
25
41
-46
27
44
17
48
-2
32
40
42
23
54
24
-46
15
-97
4
25
-23
17
-17
-15
-17
6
-6
-9
-1
9
-1
1
5
22
1
10
-1
-16
-22
-19
8
1
9
9
-27
-14
-14
20
45
12
-13
-12
1
-11
-8
10
-7
20
-8
0
15
-15
-24
28
-24
13
25
-20
27
23
8
-2
17
31
29
23
34
-6
18
-46
18
-24
-2
-6
-11
2
-11
-6
-10
-11
-25
-16
7
4
4
-3
6
6
-1
15
-13
-20
-12
-11
0
-1
12
12
-20
-1
-12
16
72
5
0
4
5
6
8
-6
7
34
-15
16
16
-12
-9
7
-7
10
6
2
10
0
-1
-5
7
17
23
18
23
-12
17
-47
13
-34
-6
-4
5
-6
6
6
6
-92
11
-60
-27
34
21
-29
34
13
-8
-19
18
-7
-10
-15
30
15
39
41
-16
-27
-11
15
118
0
-39
-27
-19
-21
-3
18
-14
11
-68
-25
44
-25
-7
14
-3
30
40
-50
30
43
16
47
0
32
41
43
23
54
24
-46
16
-97
4
25
-23
17
-17
-15
-17
3
-6
5
-1
8
6
-4
4
17
-4
11
-5
-20
-27
-18
0
-4
3
3
-29
-12
-19
22
29
14
10
9
12
9
7
-9
10
5
6
5
1
-4
-22
25
-23
11
21
-19
32
26
5
-13
20
27
26
21
35
-17
23
-46
18
-2
-11
-15
9
-11
9
10
9
12
12
4
-18
21
22
-20
19
14
-8
13
-6
-22
-24
-20
9
2
13
12
-33
-16
-19
23
60
14
-11
-9
3
-7
-4
6
-3
-27
5
-11
-2
5
-15
21
-17
23
28
-22
29
23
7
-2
17
37
36
27
40
-5
23
-55
21
-30
-6
-8
-8
-1
-7
-2
-6
90
46
32
-50
40
21
-33
32
3
-17
-10
14
-11
-11
-17
30
14
38
40
-16
-27
-11
15
118
0
-39
-27
-19
-21
-3
18
-14
-24
51
-57
-13
13
9
-3
10
32
37
-52
32
42
15
46
1
33
42
44
23
53
24
-46
16
-97
4
25
-23
17
-17
-15
-17
16
-1
10
-10
13
23
-23
21
10
-9
16
-10
-23
-23
-18
4
-2
7
5
-30
-11
-18
23
51
12
4
5
9
5
3
-5
6
17
13
-4
-11
13
-3
13
-12
23
22
-14
25
14
4
-5
17
29
29
23
36
-15
22
-54
19
-18
-7
-12
5
-8
5
6
5
-6
-14
15
-5
8
24
-26
23
4
-15
16
-8
-23
-23
-19
7
-2
9
9
-30
-15
-19
23
58
13
-7
-5
4
-4
-1
3
0
30
11
5
-19
21
5
4
-4
26
23
-19
26
18
6
-4
17
30
31
26
34
-6
23
-52
20
-28
-7
-7
-4
-2
-3
0
-3
-85
-69
53
-3
13
10
-27
26
-7
-25
-1
10
-15
-12
-20
30
13
37
40
-16
-28
-11
15
118
0
-39
-27
-19
-21
-3
18
-14
36
3
38
-52
40
20
-19
22
32
32
-53
33
41
14
45
2
33
43
44
23
53
24
-46
16
-97
4
25
-23
17
-17
-15
-17
-54
-38
19
10
0
8
-18
17
-6
-20
7
0
-21
-17
-18
17
7
30
33
-21
-20
-13
17
104
3
-23
-14
-10
-9
3
7
-5
-32
-27
39
-34
29
15
-12
13
23
19
-34
31
34
8
24
7
32
40
39
30
31
26
-52
16
-74
-1
14
-11
7
-6
-5
-6
1
0
-2
6
-6
15
-21
19
1
-12
16
-13
-22
-21
-15
2
-4
5
5
-27
-7
-16
20
46
9
7
8
10
8
7
-8
8
-8
-4
1
-4
10
12
1
-5
18
14
-7
19
8
0
-7
14
22
24
20
34
-15
22
-52
15
-12
-7
-12
8
-9
8
8
8
38
13
-13
20
-12
5
-13
14
-8
-16
16
-13
-23
-17
-16
6
-1
15
15
-26
-11
-16
20
77
9
-13
-8
-1
-6
-1
5
-2
-26
-29
23
-12
16
16
-12
11
19
11
-6
17
9
2
0
12
28
33
27
27
0
20
-48
19
-45
-3
0
-7
1
-5
-2
-4
34
20
-16
20
-20
6
-22
23
-7
-20
20
-17
-27
-24
-19
6
-1
14
11
-34
-14
-21
26
70
13
-10
-7
5
-5
-1
4
-1
18
-5
4
2
10
25
-17
10
26
18
-11
22
11
1
-3
17
37
38
28
38
-6
24
-58
22
-36
-6
-8
-6
-2
-5
0
-3
9
32
-29
25
-22
-1
-13
15
-10
-19
17
-12
-28
-19
-19
10
1
22
24
-28
-18
-17
22
89
11
-21
-15
-4
-11
-1
9
-5
48
11
-2
6
9
20
-17
13
20
12
-15
22
19
3
5
13
35
42
36
30
13
23
-51
21
-59
-4
5
-13
4
-9
-5
-8
-37
8
-18
13
-24
-15
-6
11
-19
-30
21
-13
-26
-23
-18
14
5
21
16
-33
-13
-22
25
80
3
5
10
1
10
5
-9
6
28
35
-26
25
-10
16
-26
23
23
14
-25
28
20
4
13
12
36
38
30
47
5
29
-66
17
-38
0
1
10
-3
9
5
9
-19
2
-8
9
-11
-3
-12
15
-6
-13
15
-19
-24
-21
-13
0
-4
9
7
-30
-7
-21
23
59
10
5
7
9
8
8
-9
9
-2
14
-5
6
0
16
-13
7
16
8
-2
14
3
-4
-8
13
26
29
22
32
-13
23
-52
18
-23
-8
-9
8
-9
9
9
9
-9
-20
11
-8
-14
-19
-3
11
-20
-28
24
-20
-28
-25
-18
5
-4
9
8
-35
-15
-22
26
64
13
-6
-3
5
-1
1
1
1
-35
5
-15
20
-20
17
-27
22
20
9
-9
22
10
0
-7
18
33
34
27
38
-6
25
-58
21
-32
-7
-7
-2
-3
-1
2
-1
29
-36
20
-9
-14
-16
3
3
-16
-20
17
-16
-27
-18
-18
8
0
21
22
-27
-16
-18
22
94
8
-15
-8
-3
-4
4
3
-1
-39
-7
-23
24
-17
6
-19
18
13
5
-10
18
11
0
7
11
31
40
35
30
13
25
-54
20
-60
-4
6
-6
2
-2
-1
-2
29
-9
13
-12
-5
-22
1
11
-18
-25
23
-23
-30
-25
-17
3
-4
10
9
-37
-13
-25
28
69
14
0
3
9
4
5
-5
6
4
-14
-2
10
-18
11
-26
21
18
7
-5
18
6
-3
-8
18
35
37
28
39
-11
28
-63
23
-30
-9
-10
4
-7
4
6
5
38
22
61
-51
-4
-16
25
-18
-31
-43
34
-10
-34
-21
-31
32
12
40
41
-24
-32
-19
20
126
2
-45
-33
-21
-26
-8
23
-18
86
-67
31
13
-43
-7
-18
26
10
5
-50
41
41
10
43
9
44
53
51
33
57
29
-55
19
-104
6
25
-29
20
-22
-18
-22
-19
20
7
-16
15
-16
13
-4
-23
-24
21
-21
-27
-21
-14
6
0
14
11
-34
-8
-22
24
69
5
3
7
2
7
3
-6
4
28
-11
18
-10
-13
-8
-15
18
6
-1
-6
16
5
-3
-1
12
32
33
24
45
-4
26
-64
16
-30
-1
-2
7
-3
6
4
6
-32
20
0
-13
12
-19
15
-2
-21
-24
20
-21
-24
-21
-15
4
-4
10
8
-33
-11
-22
25
67
10
-1
2
6
3
4
-4
4
1
2
16
-10
-13
-8
-17
21
8
1
-2
12
-1
-4
-5
14
30
33
25
35
-6
25
-58
20
-31
-6
-7
3
-5
3
5
4
-12
3
-11
-5
19
-22
20
-3
-25
-27
25
-25
-32
-25
-17
2
-7
5
7
-34
-16
-19
24
51
15
-9
-8
4
-6
-2
5
-1
-25
13
7
-16
-7
-12
-18
24
7
-3
0
19
9
-4
-12
19
33
33
27
34
-6
21
-48
22
-26
-8
-8
-6
-2
-5
-1
-4
16
-2
-14
-3
21
-19
22
-6
-25
-27
26
-26
-36
-25
-20
6
-5
13
15
-35
-19
-21
26
72
17
-18
-15
1
-12
-3
10
-5
-33
19
7
-19
-6
-16
-15
23
6
-4
0
18
11
-3
-8
19
40
44
35
34
1
23
-52
25
-44
-8
-5
-13
1
-10
-4
-9
60
-31
-34
10
25
-4
24
-18
-26
-24
22
-21
-31
-19
-21
11
-1
20
23
-30
-19
-16
22
96
11
-32
-24
-10
-20
-8
18
-13
-6
25
-4
-28
5
-22
0
14
-4
-8
0
13
6
-1
4
14
39
46
37
32
17
21
-52
23
-69
-1
8
-22
11
-18
-12
-17
6
-4
-1
6
12
-13
22
-4
-21
-20
21
-28
-31
-26
-15
-3
-9
2
2
-34
-12
-21
25
44
13
4
5
9
5
4
-5
6
10
-2
-4
-7
4
-18
-12
23
5
-5
6
14
3
-9
-14
19
28
29
23
34
-16
23
-52
20
-15
-8
-11
5
-8
5
6
5
-29
-44
-16
49
33
14
25
-34
-30
-37
44
-16
-35
-17
-33
29
6
31
35
-18
-31
-12
17
117
2
-39
-28
-19
-21
-3
18
-14
88
-53
-63
-16
26
-18
20
1
-14
-17
-29
31
27
8
37
9
35
47
48
22
51
24
-46
19
-97
3
25
-24
17
-17
-15
-17
-15
-2
0
10
7
0
22
-10
-20
-17
15
-26
-25
-22
-12
-4
-8
4
2
-34
-8
-23
26
52
11
9
10
11
11
8
-10
10
5
-9
-6
-1
10
-19
-2
17
-1
-7
9
5
-6
-11
-12
15
26
29
22
35
-16
24
-56
20
-17
-8
-12
11
-10
10
10
10
-68
50
50
45
11
21
17
-33
-26
-34
47
-18
-36
-17
-34
29
6
30
34
-18
-31
-12
17
117
2
-39
-28
-19
-21
-3
18
-14
-63
-47
-42
26
41
-9
28
-8
-19
-22
-24
29
25
7
36
10
35
48
48
21
51
24
-46
20
-97
3
25
-24
17
-17
-15
-17
7
47
43
23
-1
15
12
-21
-19
-21
33
-23
-37
-19
-25
15
1
24
28
-24
-22
-14
19
103
4
-23
-14
-9
-9
3
7
-5
-62
-5
-9
27
29
-7
19
-4
-15
-19
-8
20
15
0
16
12
32
44
43
29
30
25
-51
19
-74
-1
14
-11
7
-6
-5
-6
19
9
8
3
-7
13
20
-18
-21
-17
20
-30
-31
-24
-15
-1
-7
7
6
-37
-12
-23
27
57
11
4
7
8
7
5
-7
7
-10
6
3
12
13
-15
11
11
-9
-14
10
6
-2
-12
-11
17
34
36
26
40
-10
25
-58
21
-22
-6
-10
7
-8
7
7
7
