0
0
0
0
-1
0
0
-1
0
0
-2
3
-1
-3
-1
-2
-1
-1
-1
4
1
5
-7
-1
-1
1
1
0
1
1
-1
1
0
-1
1
1
0
0
1
0
1
-1
1
1
2
0
-1
1
-1
-1
-1
-3
-1
-4
3
-2
1
0
0
1
-1
1
1
1
0
0
0
0
2
-1
0
1
0
0
2
-9
1
12
0
3
2
2
1
-9
-5
-9
15
0
4
2
2
2
2
2
-2
2
0
0
-1
-2
0
1
-1
0
-1
3
-2
-2
-7
3
2
0
4
4
5
7
1
15
-8
5
1
-3
-3
2
-2
2
2
2
-1
0
-1
-1
1
1
0
0
-1
2
-1
-8
-1
11
2
4
2
2
2
-10
-5
-9
18
1
3
1
1
1
1
2
-1
1
0
-3
0
1
0
1
0
-1
0
2
-2
1
-6
0
2
-1
5
4
4
5
2
16
-6
5
0
-2
-1
1
-1
1
1
1
1
3
-1
-1
0
1
-1
0
-1
1
-2
-3
-2
3
1
1
0
0
0
-1
-5
2
2
-2
3
3
3
3
3
3
-3
3
-1
-1
-1
0
-1
1
0
-1
0
1
-2
3
-3
-1
1
-1
3
3
4
0
0
6
0
3
3
-4
-3
3
-3
3
3
3
2
2
-1
-1
1
1
-1
1
-1
2
-3
0
-4
-1
1
0
-1
0
-1
3
-6
8
-4
-3
4
3
3
4
3
4
-3
4
1
2
-2
-1
-2
1
0
-1
0
0
-2
5
-1
-2
0
-1
1
2
4
-3
0
1
3
3
3
-4
-4
3
-4
3
4
3
0
0
1
0
1
0
-1
0
0
-1
-1
-2
1
5
-2
0
0
0
-1
-4
-4
0
4
-2
3
3
4
3
3
3
-3
3
0
1
-2
-2
-2
0
1
-1
1
0
0
0
-2
2
1
1
2
1
4
2
0
7
-3
3
3
-3
-3
3
-3
3
3
3
2
5
-7
6
-7
-8
10
6
3
-2
26
-44
23
54
6
25
16
15
12
-52
-18
-75
99
7
11
-1
-1
-1
-1
-1
1
-1
-5
-14
14
17
17
-3
-8
10
-11
14
-5
-32
-30
18
12
-5
22
17
25
41
7
67
-47
24
-3
-2
0
-1
1
-1
-1
-1
-1
-1
1
0
1
0
-1
1
-1
1
-4
1
-4
-1
1
-1
-1
0
-1
2
-4
7
-4
-2
2
3
3
3
3
3
-3
3
-1
0
0
0
-1
1
0
-1
0
0
-2
5
0
-2
-1
-1
0
2
3
-3
0
0
4
2
2
-3
-3
3
-3
3
3
3
