-33
-1050
-1294
-1181
-1338
-964
-1557
-1172
-855
-1257
-1378
-944
-667
-836
-1212
-1365
-1379
-1944
-1195
-1317
-1295
-1000
-1602
-1060
-531
-1529
-819
-1143
-1521
-840
-975
-1437
-1201
-645
-906
-1055
-1170
-1057
-693
-937
-967
-936
-1666
-904
-911
-917
-1121
-1193
-691
-1176
-638
-1141
-979
-750
-777
-595
-776
-870
-905
-886
-569
-693
-781
-884
-696
-791
-554
-698
-871
-829
-911
-814
-851
-860
-1228
-702
-852
-817
-897
-801
-1179
-735
-762
-754
-932
-630
-595
-757
-919
-882
-969
-1361
-841
-869
-951
-659
-1095
-799
-607
-1151
-567
-1029
-1395
-825
-949
-1289
-1056
-681
-898
-1078
-1121
-1104
-821
-1047
-1081
-1061
-1450
-1023
-1013
-1001
-1217
-1352
-847
-1351
-839
-1272
-1112
-929
93
2283
3281
3155
3211
2122
2146
3013
2063
3603
2681
2898
1659
1896
2306
3066
2966
2674
3386
2924
2968
2711
2102
2158
1482
1986
2763
2540
1885
2484
2383
1891
2100
2174
1812
2383
2024
2719
2162
2349
1949
2590
1962
2258
2254
2019
2099
1562
2099
1271
2156
1075
1418
2190
1634
1590
1981
1642
2418
2081
2149
1882
1821
1695
1866
1662
1645
2027
2188
1996
1611
2107
1613
1820
1286
1566
2270
2223
2031
1647
1233
1905
1874
2349
1820
2157
1573
1794
1716
1986
2128
1578
2611
1980
2263
1930
1137
1553
1708
1369
2047
2195
1594
2301
2157
1585
1856
2153
1902
2447
2039
2772
2392
2492
2221
2876
1898
2677
2611
2244
2418
2054
2423
1771
2626
1632
1955
2648
77
2083
2728
2705
2869
1947
2743
2673
1974
3045
2424
2382
1430
1644
2143
2592
2582
2817
2776
2466
2497
2228
2432
1991
1510
2319
2232
2219
1869
2107
2155
2240
2143
1794
1694
2119
1937
2387
1857
2190
2127
2417
2506
2069
2051
1814
2019
1812
1931
1983
2045
1655
1689
2123
1783
1739
2103
1964
2341
1997
1921
1774
1835
1805
1864
1789
1637
2057
2330
2058
1799
2116
1961
2019
2475
1816
2290
2163
2042
1655
1992
2036
2056
2352
2080
2086
1592
1847
1960
2072
2242
2365
2577
2080
2305
1911
1837
1777
1817
2522
1940
2297
1878
2158
2137
2056
2254
2035
2054
2480
2257
2695
2269
2455
2390
2764
2678
2614
2509
2134
2378
2162
2236
2335
2483
2340
2319
2599
6
331
639
598
336
-102
-780
524
166
819
-76
661
86
-4
-164
138
1
-1001
542
99
118
379
-1079
-166
127
-690
615
-16
-1212
314
23
-985
-324
465
-59
-16
-454
80
373
113
-214
333
-1087
212
279
21
-238
-882
380
-1147
591
-831
-403
466
1
214
335
16
512
209
749
329
176
-149
317
69
395
516
470
442
-19
459
-132
182
-831
271
733
700
366
117
-996
418
302
846
139
777
315
235
37
313
297
-574
824
326
441
609
-633
109
287
-291
871
481
-139
720
344
-871
-183
772
268
520
153
648
730
477
210
742
-502
554
562
364
230
-339
641
-661
765
-348
153
774
-26
-530
-317
-348
-803
-967
-2390
-675
-836
-361
-1114
-272
-559
-791
-1149
-1009
-1151
-2600
-701
-1040
-988
-550
-2179
-1178
-588
-2367
-317
-1104
-2184
-607
-1064
-2619
-1695
-321
-844
-969
-1402
-1103
-424
-928
-1208
-677
-2528
-763
-604
-793
-1102
-1682
-410
-2584
-228
-2063
-1228
-262
-640
-315
-433
-829
-373
-480
219
-198
-445
-856
-349
-567
-72
-153
-453
-318
-709
-183
-763
-523
-2133
-483
-61
85
-164
-248
-1655
-280
-545
157
-577
182
-178
-404
-651
-409
-444
-1424
8
-387
-380
41
-1147
-458
-274
-1262
402
-282
-633
162
-253
-1574
-1119
120
-607
-333
-574
-207
11
-416
-668
-169
-1554
-390
-344
-374
-592
-1069
-52
-1414
-81
-1619
-920
-153
45
539
1038
1083
786
397
-1162
754
287
1261
297
1155
532
518
243
714
607
-751
1242
727
803
1004
-681
381
515
-667
1316
631
-682
1035
738
-661
17
1082
434
797
336
1058
1048
816
244
1041
-719
857
899
738
504
-177
1046
-750
1116
-844
-155
1036
497
589
798
309
1032
730
1195
802
672
300
742
386
689
899
823
727
261
809
204
514
-843
330
886
917
687
440
-468
613
438
990
139
970
442
426
144
536
528
-435
1187
622
767
861
-549
334
522
-512
1170
666
-206
1029
691
-451
-7
972
228
581
150
950
960
761
404
1005
-569
852
843
611
454
-65
949
-353
1099
-435
78
993
586
13051
17228
16907
19164
13527
22159
19446
15762
20890
18742
16030
10247
12106
16406
19992
19827
23355
20045
19469
19513
16601
19021
15847
9428
19860
15802
17526
17730
14641
15521
19009
17404
12068
12356
15087
14459
16853
12129
15557
15270
15782
20260
13738
13239
12968
14622
13325
12367
17216
12196
17574
14763
12862
10756
8956
11382
11582
13591
11856
9396
9277
10689
11631
11766
11733
9143
11939
13884
12315
11716
12063
11668
11748
15390
10131
12183
11305
10853
8475
10395
10925
11599
12359
12913
10751
8959
10491
11507
11871
12752
13207
13027
11678
12948
9995
11971
9800
9717
12431
8825
11967
10181
10525
11028
11539
12884
10476
13138
14922
13982
15268
12225
14204
14126
15698
16824
14835
14450
12682
14672
14309
12677
13433
13845
15281
15015
15162
-39
-800
-673
-620
-890
-742
-1536
-829
-940
-694
-1346
-444
-540
-730
-1208
-1254
-1340
-2458
-841
-1202
-1214
-777
-2184
-1226
-446
-2058
-532
-1322
-2292
-716
-1028
-2098
-1632
-462
-1125
-1108
-1318
-848
-409
-929
-1173
-804
-2564
-804
-686
-906
-1242
-1595
-478
-1847
-258
-1966
-1427
-457
-698
-209
-391
-748
-562
-668
53
-180
-438
-645
-384
-652
-140
-225
-450
-329
-730
-330
-706
-563
-1638
-412
-276
-188
-394
-402
-1031
-180
-282
8
-752
27
-231
-338
-572
-494
-608
-1536
-86
-391
-351
-84
-1069
-559
-247
-969
242
-446
-1087
-91
-347
-911
-568
9
-635
-609
-853
-358
-83
-363
-573
-317
-1565
-470
-400
-442
-717
-1267
-211
-1338
-158
-1208
-838
-337
83
950
1530
1690
1436
1041
-660
1270
916
1869
893
1702
1031
1034
791
1439
1455
244
2149
1543
1699
1772
103
1234
1185
105
2114
1567
254
1884
1618
32
689
1795
1199
1821
1344
2185
1867
1876
1278
2183
629
1860
1839
1706
1589
910
2051
530
2032
205
798
1988
1328
1227
1581
993
1912
1626
1895
1538
1494
1143
1575
1192
1327
1764
1789
1510
1046
1598
1068
1396
319
943
1561
1570
1419
1003
458
1301
1040
1668
854
1561
985
991
707
1118
1154
401
1977
1338
1553
1432
242
996
1131
212
1760
1364
233
1661
1417
390
736
1489
824
1251
835
1647
1543
1369
984
1693
332
1692
1620
1257
1187
721
1634
481
1887
426
868
1832
23
384
1011
991
947
321
392
1263
702
1539
574
1179
317
359
448
887
651
-516
1075
777
764
958
-347
305
179
-360
1100
412
-609
617
309
-504
-6
625
-55
73
-374
361
515
402
104
489
-1037
197
289
171
-41
-662
469
-826
617
-513
-170
515
-2
242
296
5
466
162
632
275
215
38
552
300
528
635
427
504
105
588
63
196
-1004
172
529
601
300
48
-990
473
453
919
297
836
358
326
207
480
474
-642
815
404
497
700
-253
177
433
-412
870
413
-358
703
402
-520
112
827
502
715
292
841
828
750
554
1062
-146
714
723
576
491
-21
903
-349
987
-237
288
985
17
126
674
685
535
72
-190
690
265
949
-207
694
-83
-80
-101
229
29
-1223
488
92
96
422
-1153
-258
-14
-1004
623
-122
-1244
240
-83
-1094
-490
391
-323
-237
-725
35
339
170
-141
257
-1722
-97
51
-55
-315
-913
317
-1123
499
-1069
-666
289
-232
28
139
-212
328
59
617
248
117
-99
363
80
454
427
68
241
-148
416
-115
32
-1217
80
424
532
229
-49
-1107
426
412
853
79
719
210
75
-58
257
253
-908
689
222
328
575
-558
-2
320
-802
870
279
-662
654
337
-635
20
761
344
467
-52
352
652
436
219
813
-518
485
477
336
200
-397
706
-684
791
-523
44
740
58
1289
1886
1842
1964
1205
1625
1990
1337
2373
1952
1864
963
1130
1625
2229
2162
2309
2193
2001
1916
1845
1660
1521
773
1579
1817
1681
1554
1541
1494
1408
1406
1232
1081
1389
1206
1493
1124
1284
1180
1457
1470
1165
1141
1065
1160
905
1140
1046
1137
908
959
1188
874
788
988
870
1222
997
1033
846
853
744
897
839
811
1075
1174
1045
846
1117
963
970
887
824
1060
1061
918
773
490
873
908
1179
1043
1126
865
958
936
1168
1324
1265
1528
1217
1312
1134
764
951
965
968
1129
1198
887
1225
1177
938
1044
1154
1116
1473
1331
1708
1339
1468
1359
1737
1692
1624
1586
1310
1426
1184
1434
1206
1550
1155
1258
1623
12
-70
197
338
72
-42
-1225
137
104
382
-470
406
147
-72
-529
-351
-399
-1801
347
-167
13
208
-1240
-235
321
-1345
592
-49
-1223
403
131
-1112
-502
549
-31
147
-291
406
606
472
66
691
-867
586
586
416
161
-449
801
-906
881
-791
-208
754
264
464
465
-46
432
333
823
513
419
165
635
313
601
712
485
404
-23
459
-68
259
-943
150
532
566
371
130
-808
458
197
747
24
716
328
253
-42
108
13
-1061
608
154
262
465
-538
78
365
-468
827
290
-687
642
386
-665
-129
683
118
297
-39
434
578
218
-123
406
-1153
337
319
182
-20
-408
504
-643
639
-705
-234
520
19
105
455
617
349
117
-1156
442
277
758
-199
677
357
90
-372
-253
-345
-1988
490
-50
157
349
-1190
-160
436
-1337
786
108
-1163
593
298
-1050
-382
726
128
348
-119
583
792
616
150
883
-751
785
808
613
365
-337
1008
-857
1100
-590
46
1021
468
690
669
118
603
461
1002
668
606
311
865
529
775
993
821
691
176
668
72
421
-916
241
716
765
541
274
-723
581
262
950
139
908
454
412
121
193
86
-1030
721
198
330
530
-453
86
460
-327
916
414
-476
816
553
-589
-32
894
277
594
247
806
866
478
87
647
-1267
436
464
302
110
-326
649
-655
815
-715
-145
707
163
2390
3469
3552
3456
2269
1130
3465
2416
4374
2938
3639
2008
2419
2763
4059
3911
2839
4526
3897
3950
3861
1979
2975
1874
2061
4149
3560
2003
3567
3306
2072
2629
3117
2277
3131
2406
3649
2934
3205
2465
3453
2015
2834
2804
2730
2701
1715
2967
1585
2920
1310
1739
2938
2006
1658
2389
1903
3164
2430
2545
1999
2073
1718
2233
1781
1804
2409
2571
2284
1812
2549
1891
2183
1158
1670
2484
2434
2074
1456
374
1850
1777
2494
1523
2268
1421
1536
1323
1949
2117
1072
2871
2002
2309
2111
541
1491
1778
496
2333
2127
727
2427
2095
743
1398
2316
1824
2388
1658
2738
2485
2592
2191
3193
1758
2953
2864
2302
2398
1762
2745
1188
3088
1132
1770
3148
-2
-291
131
61
-159
-415
-900
42
-329
271
-516
255
-272
-245
-394
-108
-318
-1451
81
-173
-184
113
-1313
-505
-400
-1334
275
-450
-1340
-133
-490
-1455
-928
-47
-735
-740
-1088
-488
-151
-511
-809
-470
-2297
-577
-417
-497
-780
-1283
-227
-1736
-76
-1531
-1051
-251
-650
-338
-393
-707
-333
-526
93
-250
-455
-628
-257
-516
-107
-182
-425
-194
-505
-51
-543
-477
-1899
-399
-132
4
-274
-363
-1503
-188
-197
151
-526
175
-190
-278
-470
-173
-204
-1303
132
-198
-123
162
-852
-365
-122
-1354
420
-201
-828
182
-136
-1015
-562
236
-269
-188
-578
-82
126
-50
-199
163
-1068
-108
-62
-92
-249
-683
235
-1043
265
-1048
-485
215
-22
-909
-544
-510
-870
-946
-2106
-620
-922
-338
-1309
-176
-592
-659
-1072
-974
-1234
-3191
-683
-1026
-978
-432
-2076
-1149
-606
-2488
-94
-1146
-2427
-548
-1041
-2531
-1789
-359
-1279
-1324
-1820
-1074
-457
-996
-1381
-890
-3577
-1059
-869
-945
-1348
-1916
-526
-2867
-364
-2916
-1975
-613
-1046
-508
-733
-1189
-860
-1038
-72
-552
-848
-1203
-574
-889
-268
-413
-881
-579
-1010
-353
-987
-907
-3135
-864
-676
-354
-658
-652
-2236
-487
-528
-98
-1067
6
-434
-599
-921
-573
-632
-2157
-186
-670
-657
-56
-1730
-686
-259
-1974
377
-572
-1582
44
-366
-1672
-1116
125
-716
-573
-1097
-399
-51
-322
-558
-77
-1918
-495
-460
-475
-792
-1346
72
-1520
104
-1848
-1168
-80
930
16261
20063
20078
21540
16177
18660
19996
16476
22923
20919
18235
12524
14885
19077
25425
26207
32720
26725
26120
26567
22111
24275
21306
12017
23776
21618
24058
24327
20711
21840
24341
22532
17031
17629
22153
21555
23543
16766
20544
19278
20929
27775
18291
17799
17744
19980
17984
16531
21845
15562
22168
19476
17244
14688
10940
14894
14989
18748
16474
12315
12553
14532
15644
13951
13335
10608
13552
16311
13996
13945
14290
14492
15078
21200
12709
16338
14558
14622
11842
15771
12399
12440
13774
13962
11730
9949
11669
12723
13610
14862
17209
16074
15001
16792
12237
16501
12541
11209
14591
11123
14902
13697
12927
13424
14454
14334
11406
13663
15751
15317
16680
13263
14995
14838
16634
19299
17295
17029
14958
17758
18436
14097
16896
15500
16968
16368
16990
76
1616
2386
2345
2361
1523
1743
2300
1611
2807
2021
2242
1165
1429
1898
2505
2406
2177
2608
2289
2328
2221
1958
1725
1105
1626
2272
2013
1651
1960
1836
1484
1652
1674
1363
1786
1477
2093
1652
1888
1713
2048
1447
1539
1587
1501
1610
1235
1624
1097
1649
880
1159
1712
1223
1201
1490
1311
1889
1501
1580
1289
1308
1201
1421
1268
1281
1590
1649
1533
1295
1750
1516
1459
1062
1178
1595
1642
1461
1161
848
1354
1420
1760
1318
1591
1115
1202
1195
1458
1649
1414
2013
1475
1675
1502
1194
1239
1403
1217
1637
1649
1202
1769
1656
1273
1446
1628
1474
1884
1561
2105
1795
1948
1878
2364
2020
2096
2012
1655
1817
1545
1906
1542
2085
1294
1556
2151
-36
-1119
-945
-832
-1042
-1086
-1994
-850
-1186
-661
-1372
-448
-799
-1117
-1520
-1227
-1340
-2481
-897
-1320
-1517
-794
-2771
-1329
-759
-2420
-532
-1583
-2859
-911
-1295
-2685
-2126
-689
-1498
-1506
-1860
-1479
-831
-1512
-1863
-1233
-3253
-1230
-1179
-1394
-1884
-2375
-797
-2502
-607
-2829
-2234
-986
-1246
-740
-1013
-1542
-1352
-1318
-310
-634
-1055
-1488
-943
-1161
-520
-569
-895
-730
-1272
-746
-1393
-952
-2548
-781
-799
-579
-867
-833
-2318
-590
-798
-344
-1177
-214
-427
-677
-1134
-863
-981
-2319
-364
-673
-742
-293
-2348
-885
-537
-1779
54
-868
-2048
-374
-680
-1747
-1202
-158
-938
-824
-1117
-542
-261
-631
-1092
-540
-1929
-579
-480
-576
-1030
-1861
-231
-1793
-171
-1461
-1131
-400
51
503
1010
1098
976
457
-199
1106
511
1549
584
1305
488
428
365
1127
1052
312
1670
1224
1177
1366
-301
754
478
16
1623
856
-433
1147
851
-285
166
1037
263
667
241
931
911
661
169
900
-495
657
712
485
222
-547
890
-419
1012
-414
-95
846
285
431
581
110
658
389
959
635
487
198
585
269
606
828
764
737
185
714
64
487
-647
454
864
897
593
338
-745
680
530
1100
277
1000
577
542
251
534
517
-674
1202
778
943
953
-441
398
589
-234
1217
742
-372
1002
701
-347
251
1040
498
808
427
1134
1094
921
512
1160
-140
1059
1144
903
781
81
1158
-160
1344
209
573
1320
26
-372
-110
-42
-323
-552
-1657
-61
-404
165
-746
149
-180
-297
-705
-405
-610
-2124
149
-60
76
216
-1172
-339
-248
-1342
575
-223
-1538
105
-261
-1536
-897
203
-630
-500
-949
-249
78
-284
-831
-293
-2285
-434
-242
-356
-731
-1577
-104
-2234
11
-1568
-965
-128
-592
-279
-385
-780
-550
-728
-21
-357
-473
-684
-237
-560
-148
-204
-440
-207
-622
-182
-884
-609
-2486
-517
-109
52
-207
-330
-1733
-128
-271
228
-617
179
-172
-240
-488
-372
-511
-2272
-125
-344
-223
139
-1034
-374
-122
-1468
463
-179
-1057
180
-230
-1669
-951
268
-366
-208
-623
-34
179
-41
-304
52
-1787
-289
-142
-60
-217
-629
252
-1144
317
-1088
-486
325
779
12804
15683
16542
17877
13332
13338
16759
13545
19146
16713
14927
10841
12435
15138
17891
18187
18468
19098
18788
19681
17019
22158
17698
12000
21543
17889
19858
18328
17554
18410
19203
18303
14758
15034
19118
18026
20306
14814
18595
17062
19092
23356
16228
15633
16027
17878
16369
15004
18011
13759
15333
14526
15049
13133
10134
13654
14014
16436
13674
10260
9977
12587
12196
13076
12639
9596
13093
15485
12544
11730
11831
12315
12282
15435
9273
11877
11170
11862
9379
15160
11394
11309
12241
12131
10375
8035
9481
10909
11347
12163
15095
12651
10871
11573
9470
10204
10203
9173
14570
9011
12602
12069
11123
11505
11499
11196
9879
10562
12965
12213
13923
11070
12756
12940
13895
14786
13035
12448
10487
12328
12909
10971
15651
12661
15631
13618
13618
-58
-1523
-1328
-1274
-1596
-1495
-2540
-1494
-1546
-1327
-1813
-993
-1161
-1420
-1792
-1721
-1863
-3127
-1648
-1928
-1966
-1328
-2436
-1872
-1193
-3364
-1147
-2073
-2657
-1422
-1886
-3253
-2653
-1172
-1819
-2034
-2385
-2120
-1336
-1962
-2023
-1786
-3845
-1931
-1829
-1920
-2272
-2459
-1408
-3420
-1258
-3468
-2444
-1390
-1522
-921
-1476
-1913
-1834
-1654
-674
-1046
-1520
-1865
-1429
-1540
-812
-1200
-1776
-1450
-1682
-1067
-1418
-1430
-3197
-1278
-1347
-971
-1128
-894
-2439
-1051
-1215
-806
-1435
-578
-694
-1033
-1444
-1222
-1265
-2516
-922
-1194
-1346
-656
-1947
-1077
-611
-2186
-304
-1372
-2158
-703
-987
-1918
-1672
-595
-1336
-1229
-1425
-1011
-737
-1078
-1312
-883
-1880
-1031
-1042
-1027
-1423
-1834
-601
-1740
-700
-2466
-1898
-947
19
547
1045
1129
880
533
-536
1013
712
1460
537
1339
706
641
380
783
685
-771
1329
756
851
1029
-851
284
668
-1155
1262
474
-1054
935
655
-707
47
1069
470
752
278
977
1127
932
494
1206
-482
1031
1038
832
635
-12
1291
-475
1442
-283
379
1461
881
1031
1186
643
1290
1026
1455
1101
1038
711
1216
848
1086
1350
1207
1058
605
1190
558
979
-135
715
1320
1299
1077
686
-214
1015
678
1435
543
1309
676
668
469
768
703
-418
1321
756
861
967
-220
373
710
-197
1137
561
-438
912
640
-433
194
1033
507
849
494
1265
1153
1006
604
1259
-336
1069
1062
826
668
118
1125
-314
1256
-503
96
1109
796
13181
16000
16328
17080
12711
11527
16699
13580
19154
16618
15030
10994
12741
15332
17765
17725
18746
18844
17839
18545
16113
15391
16452
10284
22139
17147
20762
21415
17775
18395
18359
17992
14998
15120
19191
18167
20689
15186
19025
16853
19219
23279
17166
16813
17138
18684
15854
15548
18303
14401
19008
16687
15553
12901
9026
13388
13696
17558
14769
11039
10688
13031
12894
12974
12231
9091
13128
16251
13871
13449
12858
13145
12653
16373
9844
12492
11365
11184
8264
11373
10588
10260
12183
12755
10502
8479
9986
11292
11692
12154
14407
12596
11094
12314
9243
10186
9011
7466
10255
8795
12764
14407
11317
11645
11824
11385
9822
10980
13068
12036
13243
10954
12601
12454
13749
14782
13058
12795
10749
12797
12400
10303
9924
11594
13784
14211
13700
7
-129
30
41
-31
-232
-459
116
-273
220
-359
183
-171
-254
-406
-145
-232
-549
205
-46
-126
135
-689
-39
-94
212
386
-50
-726
136
-87
-728
-533
103
-568
-401
-629
-199
-76
-374
-680
-324
-1272
-407
-358
-563
-863
-1331
-326
-1067
-185
-1196
-1072
-444
-649
-390
-381
-561
-413
-587
-55
-277
-479
-680
-487
-650
-283
-300
-321
-215
-598
-339
-718
-556
-1369
-252
-222
-140
-367
-392
-1165
-9
12
162
-325
142
6
-80
-302
-262
-367
-1368
-5
-201
-147
27
-1304
-338
-170
-715
256
-41
-574
130
-101
-729
-326
214
-214
-178
-470
-72
133
42
-190
94
-658
9
105
4
-184
-768
135
-789
237
-68
51
243
-63
-1072
-970
-1092
-1429
-1403
-1904
-1100
-1329
-1068
-1970
-769
-1058
-1301
-1841
-1596
-1766
-2903
-1002
-1389
-1470
-929
-2522
-1541
-879
-2194
-708
-1978
-3636
-1389
-1855
-3043
-2299
-1017
-1992
-2225
-2547
-1909
-1201
-1977
-2294
-1888
-3998
-1734
-1615
-1964
-2564
-3171
-1436
-3266
-1074
-3206
-2694
-1519
-1813
-1112
-1362
-1738
-1564
-1733
-613
-1066
-1515
-1855
-1354
-1665
-865
-1205
-1533
-1237
-1892
-1323
-2169
-1731
-3761
-1117
-964
-820
-1228
-1133
-2805
-811
-740
-592
-1621
-496
-729
-1001
-1478
-1304
-1473
-3336
-812
-1182
-1114
-553
-2735
-1201
-743
-2135
-138
-1052
-2166
-625
-1165
-2714
-1735
-359
-1187
-1292
-1732
-1087
-571
-967
-1288
-873
-2705
-961
-837
-806
-1245
-2015
-411
-2015
-322
-1481
-1137
-536
824
11703
14765
16149
17247
13274
11121
16097
12986
18967
16605
15130
11083
12780
15341
18043
18055
18370
18585
17447
18191
15690
15118
15223
9692
15402
17065
20039
22069
18533
19752
21431
18960
15176
15288
19573
18312
20735
15485
19330
17343
19855
23241
17376
16955
17809
19722
17632
16612
18438
14924
17687
16914
16496
14030
10580
13797
13264
16280
14336
10869
11148
13548
14157
13511
12616
9870
13254
14991
12844
13240
13451
14670
13967
19536
10320
12602
11485
11624
9162
12504
10011
8986
11614
11805
10355
8190
10327
11658
12139
12789
15063
12699
11487
12220
9472
12596
9231
8717
10327
8815
11354
10378
10884
12052
14396
13005
9842
11177
13282
12581
13698
11173
12426
12016
13611
13719
12898
12625
10846
12852
13492
10361
11317
11412
9586
10375
12502
-1
-247
178
92
-226
-477
-1432
-128
-337
154
-591
130
-301
-460
-668
-363
-475
-1371
40
-340
-252
38
-1062
-416
-304
-884
282
-276
-871
-36
-500
-1921
-1174
40
-571
-511
-882
-415
-112
-468
-722
-313
-1863
-497
-407
-569
-828
-1366
-265
-1871
-135
-1522
-940
-231
-655
-378
-498
-832
-287
-366
260
-169
-467
-767
-360
-552
-105
-171
-354
-244
-625
-146
-609
-590
-2203
-488
-174
33
-190
-233
-1554
-114
-223
260
-302
298
65
-199
-532
-351
-382
-1509
109
-304
-233
88
-1110
-361
-106
-1406
454
-132
-519
313
-42
-1173
-820
240
-376
-153
-444
-17
153
-175
-387
113
-933
1
-8
-139
-318
-762
227
-1007
271
-865
-276
312
26
-9
509
508
297
-115
-1021
339
-95
696
-162
541
-76
-207
-317
163
36
-847
549
164
197
482
-648
-19
-104
-682
766
127
-607
407
10
-1247
-686
362
-309
-133
-548
-23
173
-152
-493
38
-1465
-183
-120
-243
-489
-1055
82
-1427
163
-1344
-791
51
-391
-182
-231
-640
-101
-219
394
8
-234
-556
-120
-351
61
50
-153
-79
-499
23
-479
-345
-1861
-315
12
204
-25
-94
-1387
37
-92
415
-225
446
150
-34
-381
-146
-158
-1377
336
-87
-29
271
-1141
-211
107
-1277
601
7
-785
478
157
-1006
-597
462
-158
110
-247
247
419
82
-216
380
-937
254
270
99
-79
-545
490
-729
603
-728
-210
583
703
12476
14178
15217
16004
12255
10806
16183
13846
18641
15850
14755
10811
12738
15275
18091
18084
17223
18495
17788
18323
15773
14686
14714
10716
15214
16464
18262
15468
16956
18852
22086
21199
15365
16959
20053
18532
20371
15802
19674
17450
20093
23194
17707
17413
18296
19906
17382
17234
19662
15896
19317
17359
16949
14229
10329
14703
15048
17752
14558
10662
10467
13793
13893
14456
13487
10358
13846
15880
13163
12938
12924
12977
14196
20100
11147
14442
12378
12222
9056
13217
10324
9987
11822
11105
9886
6850
8739
10828
12564
13404
17257
13339
11958
12717
9926
11856
9476
8282
12542
8443
11351
10283
9808
10302
10201
11531
9719
11964
13775
13044
13880
11086
12685
12502
13750
13235
12435
12314
10764
12782
13099
10369
12348
11508
12139
11513
12217
425
7572
9031
9450
9562
7082
4985
9742
8276
11570
9506
9215
6506
7565
8960
11069
11026
9443
11537
10971
11372
10026
8160
8939
6484
8513
10324
10927
8179
10112
10764
10682
11484
9442
10220
12187
11029
12341
9737
11857
10258
12255
12837
10664
10578
11058
11894
9947
10625
10573
9898
10996
10347
10650
8632
6174
8963
8854
11221
9242
7114
6633
8498
8063
8992
8290
6501
8802
10014
8332
7887
8144
7592
8570
10229
6401
8957
7944
7854
5691
7431
6495
6038
7664
6856
6403
4293
5077
6123
7532
8060
9802
8515
7366
7916
6333
6710
5817
4935
6652
5635
7060
6580
6326
6267
4904
5885
6015
6828
8336
7772
8738
6902
7763
7476
8641
7714
7768
7642
6600
7724
7567
6685
6795
7340
6936
7061
7837
-11
-142
-56
-154
-160
-258
197
-9
-216
-75
-389
-101
-276
-255
-253
-274
-424
-489
-207
-254
-277
-220
-225
-385
-383
-108
-162
-441
-519
-389
-444
-268
-276
-320
-634
-728
-748
-465
-414
-546
-599
-705
-1132
-702
-631
-687
-851
-1003
-665
-858
-559
-695
-724
-690
-733
-496
-600
-573
-664
-780
-485
-598
-693
-652
-623
-695
-480
-686
-789
-579
-691
-589
-765
-850
-1382
-504
-589
-509
-690
-556
-1090
-497
-252
-471
-691
-401
-353
-398
-517
-615
-653
-1392
-618
-651
-573
-407
-786
-572
-260
-885
-315
-504
-764
-372
-507
-861
-514
-187
-292
-420
-602
-471
-234
-232
-220
-232
-804
-414
-337
-281
-358
-497
-200
-641
-181
-420
-267
-178
62
523
1029
1274
1113
715
-540
1214
763
1719
706
1537
822
808
582
1156
1079
-439
1748
1224
1290
1528
-466
910
870
-500
1939
1171
-385
1562
1248
-218
309
1386
528
997
441
1273
1364
1253
688
1568
-141
1313
1304
1200
997
224
1621
-137
1635
-372
265
1560
926
987
1249
664
1360
1058
1451
1153
1178
844
1407
983
1171
1571
1397
1243
772
1352
758
1191
79
777
1243
1278
1068
622
-274
1139
740
1574
690
1429
760
837
656
1004
926
-267
1494
968
1019
1175
-421
584
776
-179
1414
851
-513
1180
942
-67
454
1166
567
847
400
1146
1173
976
563
1275
-260
1200
1204
940
800
248
1296
-19
1522
-140
309
1411
18
-365
-20
141
-174
-549
-1946
194
-161
549
-710
455
-246
-396
-703
-251
-496
-2306
194
-357
-311
202
-1810
-552
-213
-1851
693
-310
-1827
269
-115
-1463
-719
409
-483
-460
-1198
-415
134
-209
-732
-13
-2301
-307
-250
-343
-777
-1615
145
-2026
252
-1870
-1190
17
-588
-311
-277
-772
-170
-469
321
-235
-374
-836
-39
-426
95
43
-435
-329
-855
-142
-876
-534
-2346
-442
-143
-6
-431
-567
-2540
-270
-382
234
-698
314
-174
-373
-751
-295
-344
-2009
141
-402
-412
176
-1966
-534
-60
-1881
505
-429
-1879
179
-279
-2061
-1081
410
-262
-111
-664
-136
245
-182
-578
204
-1755
-65
-47
-200
-514
-1149
333
-1397
450
-1475
-800
337
202
2333
3288
3729
3656
2734
681
3634
2689
4633
3096
3899
2610
2878
2890
3934
3832
1661
4705
4169
4339
4196
1683
3345
2578
1888
4597
3960
1790
4077
3896
2043
2834
3800
2995
4318
3694
5202
4098
4699
3592
4888
3345
4142
4158
4252
4251
2932
4497
2830
4251
2710
3136
4471
3361
2647
3675
3026
4281
3429
3191
2877
3447
3024
3669
2998
2646
3727
4035
3439
2901
3372
2790
3261
2465
2135
3257
3105
3052
2010
2390
2855
2321
3392
2292
2859
1745
2007
2068
2562
2527
1559
3348
2698
2984
2598
1666
1995
1934
1423
2708
2516
1159
2590
2346
1265
1751
2408
1804
2471
1883
3165
2701
2930
2494
3272
1549
2932
2936
2415
2551
1922
2719
1313
3123
1517
2012
3169
150
2893
3557
3700
3733
2688
2190
3736
3083
4484
3604
3539
2341
2671
3318
4178
4182
3955
4419
4066
4209
3807
3395
3420
2398
3575
4002
4188
3543
3891
4010
3824
4043
3472
3568
4337
3874
4407
3502
4277
3817
4546
4889
3821
3775
3832
4152
3425
3773
3679
3547
3661
3570
3831
3060
2326
3267
3186
4144
3430
2804
2554
3105
2907
3211
2962
2475
3263
3639
3051
2810
3078
2938
3155
3765
2456
3308
3035
2952
2201
2597
2580
2372
3118
2793
2660
1894
2115
2427
2806
3011
3508
3287
2702
2893
2403
2345
2184
2012
2727
2282
2795
2726
2631
2629
2290
2486
2425
2658
3267
3057
3453
2770
3048
2916
3526
3474
3285
3210
2692
3090
2915
2757
2815
3024
2778
2834
3211
72
529
1023
1241
1035
630
-1026
1136
576
1719
718
1496
808
704
491
1077
962
-490
1617
1137
1153
1392
-532
730
687
-266
1699
968
-310
1346
1095
-316
322
1371
749
1316
905
1685
1427
1347
644
1569
76
1255
1292
1205
968
79
1521
-83
1463
-106
376
1397
765
703
948
431
1110
785
1212
874
873
461
963
590
804
1171
1158
978
429
881
294
652
-650
362
863
922
720
460
-312
716
469
1107
289
1036
585
557
269
557
508
-694
1165
744
858
915
-634
325
549
-610
1110
551
-491
890
592
-565
-68
913
261
667
343
1203
1078
953
527
1153
-408
984
1066
817
679
32
1104
-263
1273
-50
372
1204
48
135
585
705
536
192
-1040
631
-9
1075
173
937
359
226
-8
447
276
-889
927
534
503
742
-829
137
121
-533
1021
278
-610
673
445
-618
-200
731
75
521
248
988
772
549
-100
651
-821
454
547
417
98
-729
662
-889
653
-824
-386
496
-3
153
185
-270
163
-59
549
263
130
-160
197
-135
212
391
352
365
-167
231
-352
-87
-1548
-141
222
334
99
32
-887
178
74
489
-286
514
249
235
-125
42
-31
-1454
567
277
423
516
-930
-38
228
-1053
770
181
-789
536
227
-846
-379
596
-102
217
-100
738
721
585
194
667
-990
457
592
470
296
-338
700
-678
807
-392
38
745
251
3408
4216
4853
4788
3635
1320
4767
4074
5974
4527
4932
3475
3781
4095
5430
5526
3365
6161
5597
5821
5608
2879
4890
3742
3079
6023
5701
3332
5525
5365
3359
4267
4921
4461
5841
5010
6400
5231
6522
5599
7097
6993
6209
6040
6209
6519
5132
6427
5053
5982
4851
5193
6493
5213
3890
5461
4834
6519
5485
4566
4259
5228
4656
5441
4777
4009
5485
5875
4838
4418
4905
4571
5247
5718
3612
4928
4545
4584
3056
3785
4144
3155
4879
4066
4086
2705
3015
3375
3870
3913
4005
4638
3766
3936
3456
2926
3141
2758
3715
3519
3906
2998
3719
3641
2848
3098
3232
3049
3838
3412
4266
3531
3742
3309
4421
3787
4437
4280
3535
3893
3447
3728
2937
4175
2719
3058
4265
80
394
931
1167
969
516
-877
1107
509
1653
480
1382
585
609
511
1012
792
-897
1369
984
1034
1301
-411
542
448
-549
1614
809
-303
1163
881
-322
244
1164
427
882
422
1412
1187
1233
633
1316
-376
860
978
1011
788
-60
1282
-387
1225
-400
140
1166
528
490
725
269
860
451
932
532
571
213
707
319
613
782
553
571
151
698
204
304
-1141
86
481
641
401
186
-768
436
353
856
10
803
338
289
39
324
314
-1105
821
390
516
745
-612
181
560
-983
1016
367
-853
809
472
-803
-230
848
200
506
11
757
894
787
487
1101
-575
740
802
595
481
-61
997
-446
1154
-553
53
1095
868
14030
15469
17146
17466
13998
8700
17289
15339
20621
18320
16678
13455
15122
17032
20225
20730
16286
21424
21335
22121
19615
14348
18795
13550
16376
20087
21930
17435
19553
20312
18753
19641
16952
18097
22220
20986
23926
18517
24549
22006
25933
33004
24314
23911
24884
27074
23296
23268
23657
21153
24118
22849
23501
20273
14350
20489
20094
24459
20794
15024
15350
19824
19248
19738
18228
13933
18941
21628
17895
17595
17077
17612
19182
26201
13960
18382
16022
16701
11914
18832
14513
11696
16406
16146
13466
9703
12017
14962
15175
15383
20329
15614
14097
14750
11721
15335
12128
9242
18266
10938
15686
18210
13163
13895
15678
14556
10900
12769
14962
14961
16054
12336
14198
13970
15548
17302
15807
15597
14187
16822
17339
12906
15172
13865
14408
13887
14695
73
652
1037
1238
1351
901
1313
1325
1076
1639
974
1187
414
535
1069
1516
1474
1596
1421
1227
1246
1279
2004
984
601
1208
1328
1085
1508
1125
1153
1526
1372
1004
911
1219
1009
1566
980
1508
1576
1505
1423
622
617
757
857
680
881
1076
704
487
566
682
372
326
348
402
615
334
419
151
220
215
336
336
466
394
182
107
55
448
690
267
417
284
194
329
249
265
279
324
651
498
358
472
412
228
135
240
486
281
656
374
416
524
478
482
945
449
579
293
-491
514
445
257
454
558
617
703
546
651
647
707
830
1171
1464
1022
914
574
632
552
883
1128
1029
626
623
979
85
762
1195
1527
1399
884
-408
1541
1056
2140
1031
1794
904
878
867
1630
1564
209
2092
1587
1581
1876
99
1224
1015
111
2213
1416
64
1741
1517
425
913
1602
960
1462
941
1854
1576
1812
1299
2130
1209
1675
1610
1595
1442
602
1973
749
1846
358
743
1795
1108
893
1314
872
1633
1135
1380
981
1144
738
1310
909
1060
1445
1358
1037
558
1113
738
1055
481
735
1158
1110
885
477
-139
922
644
1342
571
1218
654
606
405
723
737
-119
1346
784
824
988
-486
516
811
105
1203
723
-558
1026
763
-297
264
1042
555
832
456
1077
1100
895
543
1313
120
1287
1283
893
774
201
1257
136
1517
43
372
1374
32
-177
55
263
19
-315
-1749
284
-288
725
-357
657
23
-273
-621
-7
-161
-1631
590
58
-89
449
-1826
-271
-85
-1245
776
-357
-1678
193
-129
-1242
-733
294
-519
-265
-651
304
260
122
-488
414
-685
354
338
97
-382
-1421
498
-1319
499
-1411
-970
198
-350
-180
-119
-657
-157
-476
343
-94
-287
-756
-237
-631
-67
-3
-161
-200
-920
-357
-1041
-564
-1955
-356
-125
-109
-534
-544
-2092
-307
-435
66
-818
206
11
-106
-679
-578
-675
-2352
119
-313
-216
134
-2064
-429
5
-1191
567
-140
-1524
280
-185
-1743
-943
389
-460
-271
-652
102
371
-61
-582
165
-1751
215
355
154
-178
-1039
445
-1359
609
-999
-541
404
66
318
832
1024
702
274
-1761
853
230
1455
176
1298
557
454
64
714
521
-1487
1397
864
905
1240
-1341
380
388
-1196
1688
644
-1074
1127
737
-893
-119
1122
188
608
69
1096
1083
882
92
1122
-711
1007
1059
985
620
-474
1333
-891
1296
-770
-108
1187
428
402
689
69
883
450
1010
571
580
153
756
211
562
835
710
608
8
599
-148
318
-1361
90
728
746
436
101
-1230
390
41
864
-239
815
228
209
-153
146
25
-1641
729
192
317
590
-1331
-115
250
-1380
968
254
-1052
758
327
-1283
-573
793
-78
222
-304
543
776
392
-98
650
-1760
472
594
410
194
-466
803
-1137
999
-1131
-397
856
97
1227
1930
2219
1925
1294
-770
2091
1556
2869
1435
2487
1482
1485
1212
2007
1913
-127
2850
2100
2281
2445
-235
1552
1533
-157
2980
2117
-96
2565
2189
153
1156
2475
1576
2282
1501
2520
2483
2365
1557
2756
552
2298
2279
2160
1965
830
2720
471
2736
645
1393
2815
1795
1667
2188
1520
2654
2074
2367
1877
2079
1614
2428
1823
1903
2627
2656
2221
1612
2309
1539
2158
879
1445
2416
2318
2086
1268
378
1928
1318
2572
1343
2224
1188
1228
1084
1658
1569
350
2402
1630
1763
1787
151
988
1168
142
1986
1377
-5
1759
1400
-123
645
1763
1058
1601
1050
2043
1868
1637
1109
2024
-37
1749
1745
1284
1177
462
1731
-70
2037
-10
706
1989
58
-115
359
618
519
234
-1060
393
44
793
23
633
89
15
-37
425
358
-930
583
363
375
745
-346
304
207
-1019
998
348
-481
662
385
-841
-368
571
84
353
15
511
465
431
157
624
-521
331
347
528
448
215
843
54
747
-520
-76
756
397
215
360
-76
406
249
528
265
299
-90
373
147
350
414
96
25
-237
205
32
54
-1008
-258
-84
150
128
35
-447
90
-63
312
-228
306
31
-163
-381
-103
-40
-574
350
-15
-50
215
-644
-39
292
-812
516
-22
-917
470
354
-299
-208
454
-49
220
-52
272
392
141
-73
421
-516
263
226
63
-82
-342
506
-21
624
-492
-251
506
660
9485
11015
12671
13249
11047
8353
13599
12899
15708
13233
12705
10005
11288
12600
15272
15962
13262
16654
15982
16551
15145
7832
14458
11121
11855
15997
17340
10571
16024
16419
12403
14500
14488
14534
18111
16671
17964
15223
17820
16036
18710
18974
16937
16707
17667
19262
17491
18389
22058
18006
22960
20105
19922
16919
12216
17530
16723
20606
17691
13223
13603
17436
16658
18159
16655
12799
17899
19979
16745
16255
15751
15698
17552
22828
12487
15980
14166
14685
9669
16074
13511
11156
15123
14037
11929
8010
9188
11868
13787
13869
18646
14961
13817
14385
10886
14735
9978
7417
13392
9491
11795
11755
9985
10852
12553
12917
9499
11567
13369
13089
13930
10628
12251
11834
12913
14940
12151
11934
10164
11902
11101
9787
10251
11035
13906
13389
12606
38
-53
311
503
330
160
-1098
335
-57
701
-215
676
196
127
-163
180
70
-1275
644
245
260
613
-828
74
248
-993
963
113
-1038
558
283
-750
-335
521
-204
38
-263
455
463
215
-187
393
-997
328
339
330
99
-369
684
-422
698
-945
-489
544
102
190
281
-145
270
-20
505
179
120
-180
215
-141
229
294
121
50
-383
96
-271
-121
-1260
-170
61
166
-17
-94
-783
110
19
338
-483
353
3
-64
-358
-151
-207
-1229
322
-119
-79
201
-1250
-280
163
-1093
514
-120
-1264
342
96
-778
-353
438
-231
-101
-481
108
359
55
-208
229
-1314
95
132
-24
-244
-677
391
-554
585
-652
-371
422
671
9282
10748
12366
12359
9924
5528
13058
12529
15521
13642
12571
10445
11585
12522
14678
15062
10743
16027
15775
17002
14807
8385
13734
10292
9232
15713
17374
11593
15925
15964
10740
13430
14458
14546
18197
16414
17673
15351
18063
16139
18701
18454
16465
16548
17272
18969
16302
17587
16956
17153
21996
21140
20372
17353
13137
17595
16679
20298
17677
13253
13606
17545
16863
18447
16992
12963
18057
19934
17109
17116
16707
16402
17873
21496
12106
16377
14795
15405
10445
15304
13167
10045
15360
14566
12316
8376
9888
12658
13959
13937
16980
14396
13747
14342
11294
17437
10629
7709
13543
9817
11914
13080
10106
10561
10772
10992
9106
10701
13272
13356
14720
10661
12527
12224
13123
14314
11733
11600
10289
12360
12365
9613
9038
10361
10132
11513
12329
408
5447
6569
7761
7595
6036
2014
7766
7123
9641
8206
8003
6499
7173
7475
8827
9003
5166
9767
9395
10222
9125
5276
8200
6457
4271
9914
10380
6491
9999
9846
5904
7569
9014
8604
11099
9716
10867
9612
11125
9716
11750
10463
10085
10120
10479
11422
9605
10850
8512
10457
10722
11524
12443
10537
8414
10850
9968
12248
10676
8439
8483
10704
10055
11276
10259
8151
11232
12064
10345
10228
10496
10161
11117
12348
7274
9975
9267
9738
6763
9373
8305
6094
9746
8714
7980
5249
6255
7778
8698
8671
9865
9125
8395
8601
7224
9845
6708
5104
8294
6578
7385
7400
6632
6812
6574
6482
5820
6035
7887
7752
9227
6745
7835
7455
8338
8259
7402
7234
6361
7425
7335
6216
5798
6663
4974
5927
7467
49
254
503
673
533
186
-688
784
483
1060
154
810
243
167
98
565
445
-673
874
569
553
839
-1087
329
258
-485
1092
534
-702
720
492
-562
53
747
237
387
-31
498
636
621
228
753
-300
587
639
651
445
-188
950
84
1005
354
377
933
436
226
603
250
778
483
719
446
566
212
676
370
529
679
466
455
105
438
-43
295
-549
224
514
528
270
-27
-1011
361
214
721
179
594
256
140
-1
266
229
-664
595
316
398
500
-569
67
221
-672
677
335
-501
579
337
-729
-90
676
418
571
209
413
622
402
98
654
-477
475
547
405
318
-193
634
-629
743
-124
304
809
10
-535
-168
-219
-483
-734
-1679
-235
-450
-64
-952
-135
-584
-814
-1015
-628
-843
-1831
-305
-661
-642
-267
-1875
-839
-785
-1490
-30
-701
-1234
-471
-880
-1936
-1223
-325
-904
-1055
-1385
-842
-598
-903
-1177
-867
-2118
-842
-785
-788
-1136
-1704
-519
-1635
-440
-1056
-908
-632
-1081
-1031
-1127
-1468
-967
-1058
-404
-876
-1126
-1408
-998
-1236
-741
-1019
-1281
-1107
-1464
-1062
-1516
-1539
-3117
-1148
-971
-809
-1161
-1041
-2799
-1059
-997
-753
-1224
-543
-545
-915
-1421
-1284
-1332
-2761
-911
-1219
-1125
-724
-1986
-1215
-626
-2809
-384
-1093
-1795
-467
-864
-2323
-1662
-274
-767
-738
-1100
-946
-435
-996
-1243
-724
-2359
-848
-770
-843
-1097
-1501
-418
-2136
-357
-1755
-969
-319
29
516
1047
1146
924
607
-308
1119
897
1495
532
1366
730
757
498
858
764
-656
1458
884
1054
1135
-784
507
785
-497
1443
947
-341
1277
1007
-287
347
1322
701
1066
510
1335
1478
1372
841
1595
-529
1299
1376
1220
1028
207
1623
-417
1710
-218
391
1542
787
963
1125
595
1211
1055
1518
1174
1118
942
1421
1048
1273
1625
1489
1448
1081
1638
969
1387
131
1008
1625
1648
1467
889
-95
1541
1153
2023
1182
1747
1007
1079
990
1497
1398
207
1920
1440
1580
1574
366
948
904
-63
1768
1260
124
1495
1261
199
808
1442
992
1317
824
1475
1404
1299
906
1565
127
1294
1259
1070
996
422
1366
-124
1456
53
659
1458
25
-391
48
266
0
-239
-1865
148
-279
603
-415
590
50
-258
-676
-204
-352
-1821
433
-167
-148
316
-1612
-386
-126
-1735
766
-253
-1309
349
-69
-1592
-996
370
-544
-256
-684
81
225
-205
-693
50
-1604
-82
-103
-277
-660
-1406
246
-1521
310
-1433
-772
211
-329
-44
-206
-811
-280
-453
381
-66
-293
-707
-175
-573
-24
22
-214
-269
-859
-247
-783
-591
-2189
-541
-285
-133
-454
-422
-1899
-329
-548
45
-829
232
-6
-188
-775
-657
-756
-2435
-6
-485
-426
-38
-1765
-661
3
-1813
347
-592
-1937
89
-289
-1700
-1107
267
-621
-343
-708
47
296
-214
-696
-1
-2127
-128
-23
-276
-637
-1311
180
-1703
358
-1744
-1010
184
130
1808
2480
2845
2471
1805
-778
2666
2309
3562
2117
3071
2017
2277
2091
2971
2935
207
3648
3071
3341
3405
7
2534
2337
427
3866
3311
394
3532
3125
382
1838
3451
2689
3589
2574
3632
3641
3958
2979
4377
1857
3630
3698
3763
3736
2410
4213
1515
4114
1835
2663
4382
3174
2541
3698
3047
4617
3841
3521
3108
3720
3140
4131
3449
3101
4227
4270
3707
3301
3908
3122
3964
3005
2563
3948
3738
3723
2224
2093
3380
2359
4169
2979
3387
1796
1932
2316
3271
3166
2654
3800
3028
3098
2942
1747
2193
1605
1581
2998
2739
1914
2764
2473
1206
1741
2414
1934
2576
1965
2858
2447
2551
2091
3082
1806
2759
2647
2200
2306
1638
2516
900
2721
944
1626
2777
152
2201
2761
3176
3171
2575
1363
3032
2484
3764
2953
3124
2388
2654
2828
3378
3422
2258
3851
3647
3894
3509
2392
3075
2430
2061
3811
3742
2520
3708
3715
2701
3002
3287
3029
4029
3705
4325
3615
4130
3548
4355
3902
3766
3856
3964
4271
3577
4054
3463
3869
3539
3759
4353
3595
2999
3869
3536
4306
3681
3060
3100
3834
3715
3963
3511
2955
3952
4236
3690
3479
3663
3523
3838
4172
2638
3591
3390
3543
2589
3798
3168
2550
3623
2974
2960
1988
2414
2911
3150
3145
3398
3464
3117
3291
2735
3312
2453
2054
3037
2644
2922
2709
2721
2823
2996
2877
2402
2364
2972
2843
3505
2742
3111
2976
3281
2933
2932
2953
2655
3053
2950
2630
2853
2863
2585
2617
3028
48
704
676
838
881
704
1028
1171
731
1285
627
1040
741
944
983
812
584
-20
1023
984
1045
956
1231
656
605
1028
1212
725
227
821
949
1805
1515
728
325
440
488
1186
724
887
746
656
818
588
652
675
627
331
628
1056
675
997
749
709
510
565
779
965
716
-9
90
-79
289
348
390
112
159
178
266
199
-43
34
54
-226
-98
96
69
-33
-308
-186
51
-56
418
-2
-479
8
-114
124
158
-126
-139
-774
-118
-287
-120
-6
-196
-212
401
221
6
-36
-642
17
-162
-579
73
358
247
122
-157
231
442
587
750
538
-634
17
197
132
170
99
283
144
544
237
259
518
74
1354
1575
1807
1609
1245
218
1857
1535
2350
1419
2011
1406
1670
1632
1856
1748
183
2222
1945
2113
2067
775
1520
1556
894
2351
1926
306
2081
2028
1310
1867
2085
1728
2193
1759
2505
2282
2566
2050
2672
1589
2216
2312
2334
2344
1574
2486
1385
2454
1469
1772
2593
1919
1672
2366
2235
2813
2055
1889
1617
2145
1903
2402
1974
1782
2401
2509
2175
1879
2171
1812
2128
1864
1541
2226
2047
1928
1226
1500
1831
1586
2242
1446
1808
934
1155
1469
1854
1836
1623
2120
1668
1788
1697
1172
1283
1121
1486
1696
1658
1164
1568
1360
614
1158
1503
1273
1575
1198
1788
1588
1799
1706
2016
1055
1534
1559
1328
1449
1093
1505
903
1690
962
1189
1700
-4
15
237
239
-179
-408
-1782
212
23
643
-277
621
19
-31
-212
85
-98
-1496
372
-146
-133
373
-1002
-319
51
-880
637
-251
-1442
139
-225
-1295
-387
375
-127
-191
-636
-3
161
-89
-332
116
-1141
-80
-108
-215
-491
-1039
195
-1064
321
-1042
-564
249
-269
-187
-35
-240
354
-194
421
-301
-395
-975
-291
-588
-98
-128
-263
-410
-913
-326
-749
-745
-2082
-502
-244
-176
-574
-527
-1887
-481
-340
-76
-808
97
-230
-535
-929
-519
-458
-1346
109
-565
-543
-56
-1942
-605
-68
-1462
203
-511
-1282
9
-502
-2261
-1417
185
-508
-289
-688
-111
139
-164
-372
218
-1232
-83
-98
-423
-725
-1346
138
-1410
284
-1311
-710
157
56
-201
255
607
370
176
-1977
333
-31
857
-158
837
328
90
-393
311
280
-1556
947
447
457
888
-1821
210
370
-1907
1321
361
-1408
996
590
-1548
-769
1006
59
613
43
699
980
629
-103
968
-1176
683
680
631
295
-552
1143
-880
1067
-1016
-263
1027
418
471
653
-42
899
727
1082
891
925
543
1198
705
887
1327
1091
882
379
886
257
901
-456
284
808
866
755
263
-523
647
-14
1005
-3
868
279
170
-98
218
69
-1185
781
394
372
582
-972
-40
176
-1072
860
33
-1254
516
277
-654
-320
521
-221
34
-275
398
545
132
-395
357
-1486
410
493
309
42
-600
628
-1019
759
-1175
-621
523
127
1456
2200
2729
2538
1982
-110
2639
2308
3395
1931
2951
2050
2217
1863
2649
2671
-170
3565
3035
3376
3288
79
2459
2461
-122
3846
3166
118
3587
3261
779
1856
3428
2514
3520
2557
3639
3757
3914
2901
4352
1364
3651
3763
3823
3797
2514
4373
1662
4267
1767
2634
4420
3181
2865
3706
2939
4196
3638
3421
3256
3911
3666
4596
3888
3474
4704
4673
4118
3670
4257
3447
4460
3551
2863
4242
4031
4128
2534
2845
3850
2677
4576
3186
3654
1973
2294
2797
3636
3448
2842
4081
3472
3537
3283
2587
2510
1876
2182
3349
2955
1658
2936
2814
2126
2610
2673
2271
2857
2332
3242
2687
2739
2277
3077
1559
2729
2668
2408
2551
2014
2695
1682
2922
1499
1895
2924
21
-314
-88
-17
-205
-335
-1180
2
-381
231
-607
222
-166
-296
-572
-230
-420
-1384
181
-141
-198
124
-1409
-444
-398
-1045
386
-444
-1236
-92
-355
-1077
-718
0
-776
-632
-840
-109
-118
-382
-794
-412
-1410
-433
-398
-497
-870
-1528
-282
-1157
-225
-900
-779
-359
-718
-554
-510
-778
-324
-665
-174
-470
-538
-736
-428
-799
-443
-490
-610
-546
-986
-686
-1104
-1010
-2093
-753
-621
-589
-957
-883
-1936
-793
-714
-594
-1266
-420
-492
-623
-1044
-1107
-1202
-2752
-728
-972
-850
-538
-1894
-1041
-405
-2089
-276
-939
-1947
-493
-869
-2040
-1360
-251
-813
-882
-1240
-760
-232
-575
-829
-440
-2326
-537
-355
-442
-695
-1218
-165
-1922
-17
-1581
-956
-131
23
-434
-180
-96
-333
-385
-1475
-136
-450
90
-785
170
-184
-228
-598
-310
-533
-1778
99
-214
-191
91
-1472
-502
-379
-1320
387
-421
-1311
-42
-340
-1269
-812
91
-784
-610
-891
-39
-24
-288
-756
-409
-1883
-502
-428
-470
-848
-1494
-241
-1453
-182
-1172
-868
-291
-675
-523
-470
-773
-331
-671
-158
-493
-558
-749
-457
-867
-465
-590
-789
-660
-997
-642
-1041
-1051
-2303
-829
-638
-562
-858
-844
-1812
-681
-632
-498
-1212
-359
-540
-667
-1029
-970
-1096
-2768
-688
-923
-815
-467
-1726
-1000
-413
-2321
-229
-986
-2016
-504
-889
-2057
-1413
-282
-906
-994
-1434
-882
-338
-589
-808
-462
-2374
-670
-524
-576
-838
-1308
-262
-2089
-160
-1937
-1203
-285
34
0
423
681
423
135
-1312
632
499
1050
48
949
375
291
-36
485
429
-1607
1018
625
778
1058
-940
397
660
-1460
1403
531
-1429
981
579
-1242
-320
1052
323
602
-95
586
1045
877
375
1206
-1017
820
876
843
626
-146
1350
-834
1365
-789
10
1306
608
715
890
344
1057
824
1208
850
950
594
1416
1037
1182
1554
1243
1090
656
1263
597
1160
-315
589
1204
1287
1181
575
-325
1131
594
1613
659
1330
530
440
395
900
828
-186
1332
838
807
1119
-225
574
588
-183
1359
671
-520
1000
712
-530
90
972
440
749
367
896
889
627
284
976
-470
778
738
618
475
-5
1078
-54
1179
-382
70
1053
40
-341
-19
213
2
-213
-1450
199
3
515
-468
408
-90
-170
-380
72
-95
-1785
377
122
216
534
-860
-96
-38
-1590
869
-18
-1171
378
34
-1126
-528
419
-334
-211
-739
-8
257
192
-190
275
-1295
-104
-57
37
-221
-865
327
-1202
250
-1109
-543
211
-283
-193
-132
-469
131
-173
182
-174
-80
-327
287
-75
177
161
-268
-262
-573
-69
-446
-324
-1610
-472
-198
-68
-276
-450
-1476
-267
-425
52
-662
77
-302
-493
-716
-519
-549
-1840
-238
-598
-627
-102
-1266
-534
-26
-1565
154
-611
-1740
-86
-413
-1615
-1029
37
-431
-414
-799
-475
-58
-422
-606
-51
-1690
-218
-181
-261
-455
-728
212
-1025
316
-1587
-989
124
131
1949
2370
2817
2760
2230
1094
2831
2531
3467
2597
2863
2122
2502
2703
3161
3186
1565
3394
3225
3473
3237
1595
2757
2362
1460
3531
3499
1901
3503
3465
2334
2832
3172
2943
3706
3139
3672
3481
4028
3508
4311
3148
3572
3712
3920
4219
3488
4072
3038
3888
3083
3421
4243
3394
2851
3780
3540
4378
3738
3073
3056
3858
3768
4234
3810
3217
4271
4383
3899
3831
4084
3907
4337
4739
2964
3902
3681
3817
2581
3563
3450
2703
4038
3352
3215
1958
2346
3094
3662
3662
4235
3776
3384
3429
3017
3458
2654
1981
3192
2870
3097
2923
2831
2934
3146
3140
2475
2647
3136
2909
3317
2625
3026
2969
3354
3429
2946
2876
2624
3032
2903
2657
2842
2793
2521
2577
2961
39
54
332
667
448
150
-1296
681
482
1113
53
958
321
201
-39
586
531
-1246
1065
637
695
1061
-834
392
625
-1302
1430
464
-1452
980
689
-744
-4
1051
374
630
-43
604
963
858
375
1188
-523
764
752
721
476
-283
1242
-459
1227
-617
-24
1158
521
546
826
349
1053
688
1029
650
830
395
1207
785
973
1262
919
686
199
795
225
804
-223
425
922
907
720
243
-575
728
306
1152
238
983
281
161
39
536
497
-441
1027
527
465
825
-749
294
467
-270
1011
297
-1114
643
333
-1005
-260
740
241
464
80
552
692
355
-33
732
-809
613
617
395
182
-353
843
-326
1015
-641
-289
781
41
-6
180
502
299
54
-1506
518
171
947
-51
820
298
45
-276
312
261
-1250
887
439
389
848
-1170
273
464
-930
1258
270
-1471
801
514
-805
-184
843
118
428
-73
504
718
490
-85
843
-431
617
568
466
129
-713
920
-430
877
-680
-299
718
168
207
434
6
660
264
684
350
462
1
723
316
543
880
739
440
-202
244
-325
262
-697
87
431
393
126
-154
-975
218
-123
555
-329
519
67
-70
-353
-115
-202
-1207
440
2
-34
293
-1630
-264
67
-721
527
-128
-1388
235
-106
-1404
-698
391
-235
-64
-358
149
398
-60
-499
181
-1617
179
314
59
-230
-905
425
-938
671
-735
-463
421
-8
-461
-331
-409
-678
-745
-1699
-349
-604
-189
-887
-123
-350
-656
-1048
-704
-870
-1772
-141
-457
-511
-178
-1469
-671
-537
-913
44
-876
-1796
-581
-887
-1569
-996
-360
-952
-1016
-1163
-643
-566
-983
-1425
-917
-1580
-676
-717
-877
-1335
-2064
-729
-1576
-710
-1235
-1210
-987
-1340
-1130
-1213
-1405
-923
-1216
-631
-1035
-1168
-1454
-941
-1248
-888
-952
-955
-1026
-1676
-1470
-2082
-1802
-3352
-1343
-1197
-1169
-1591
-1342
-2716
-1433
-1287
-1299
-1916
-960
-861
-1128
-1723
-1819
-1924
-3412
-1359
-1644
-1536
-1109
-3025
-1586
-909
-2686
-813
-1445
-2245
-978
-1467
-3143
-2293
-681
-1325
-1399
-1656
-1243
-681
-1266
-1570
-1187
-3533
-1160
-917
-964
-1326
-1837
-589
-2394
-412
-1795
-1291
-619
129
2213
2732
3441
3196
2608
91
3186
2878
4177
2980
3719
2711
3062
2896
3678
3889
1342
4382
3738
4023
4003
463
3318
3427
693
4538
4293
991
4708
4493
1576
2679
4402
3811
5053
3960
4700
4917
5252
4343
6008
3076
5036
5170
5134
5364
4234
5936
2875
5926
2521
3719
6270
5026
4465
5695
4808
5895
5356
5019
4884
5593
5051
5808
5175
4785
6335
6392
5726
5491
6240
5574
6825
6907
4759
6284
6001
6318
4252
5122
5949
4288
6887
5504
5529
3362
3874
4794
6124
5968
6462
6623
5906
5869
5238
4762
4541
3045
5215
5183
5198
4301
4778
4903
4840
4864
4135
3822
4877
4406
5474
4206
4810
4177
5169
5420
4748
4518
4022
4320
3508
4012
3628
4132
3409
3464
4265
27
-781
-313
-110
-496
-694
-2738
-358
-673
74
-1016
130
-371
-549
-997
-654
-882
-3005
-265
-714
-617
-45
-2059
-776
-468
-2506
419
-577
-1744
-3
-553
-2489
-1622
72
-904
-764
-1366
-576
-126
-551
-1043
-381
-2832
-655
-575
-543
-922
-1634
-88
-2443
-92
-2342
-1386
-201
-761
-514
-659
-1216
-567
-750
48
-495
-690
-1125
-403
-793
-278
-283
-657
-573
-965
-314
-820
-794
-2861
-943
-657
-349
-609
-698
-2358
-596
-885
-187
-1115
-45
-457
-755
-1201
-912
-995
-2702
-475
-984
-1026
-346
-2169
-981
-355
-2740
103
-981
-2225
-168
-589
-2233
-1693
-75
-1001
-802
-1305
-716
-209
-716
-1055
-370
-2533
-637
-603
-742
-1105
-1610
-90
-2121
22
-2543
-1578
-123
429
9277
9624
11579
11225
9272
4067
11135
10891
13572
11765
11562
9375
11163
11745
13913
14923
9917
14597
14071
14939
13292
3699
12032
11468
4719
13872
15590
6566
15588
16023
10015
12530
14537
15254
18457
15641
15611
16562
18849
16736
20915
15472
17954
18796
19087
20798
17789
20418
12945
20146
14240
16618
21963
18710
15763
20410
18978
21313
19838
16257
17148
20358
20134
20777
19525
16692
21968
23373
21172
22204
23092
22246
26435
33216
19386
25181
22954
24757
16886
23670
22130
16051
24905
22368
19217
11982
14454
19730
23666
23241
29300
23061
22311
21978
18484
23251
17222
10156
23281
16672
19219
21047
15767
17012
20973
19831
13207
15229
18036
18108
19243
13741
16748
16126
17475
24606
16668
15883
15087
17576
16941
13144
16941
12901
16029
14923
14288
71
1072
1484
1829
1574
1222
-604
1608
1378
2213
1301
1990
1349
1506
1282
1824
1874
69
2355
1930
2126
2148
-308
1557
1642
-202
2505
2147
77
2456
2209
252
1098
2366
1814
2494
1798
2397
2595
2636
1977
3020
914
2522
2635
2603
2613
1763
3068
880
3082
966
1750
3256
2428
2158
2828
2247
3065
2714
2662
2481
2833
2501
3007
2542
2446
3225
3176
2871
2646
3161
2599
3343
2784
2266
3267
3141
3235
2090
2098
2988
2041
3590
2588
2868
1621
1826
2223
2981
2847
2538
3316
2866
2884
2663
2011
2099
1419
1858
2732
2501
1812
2443
2373
1860
2081
2132
1765
2337
1956
2651
2128
2325
1886
2561
1968
2275
2198
1991
2084
1543
2064
1256
2109
1123
1447
2157
94
1136
1463
1884
1812
1514
364
1790
1550
2324
1673
1984
1458
1716
1778
2127
2164
734
2312
2186
2360
2309
959
1916
1690
632
2529
2339
1048
2432
2303
1000
1476
2189
1865
2538
2138
2622
2476
2818
2447
3046
1870
2397
2529
2693
2891
2372
2943
1869
2807
1716
2205
3094
2463
2122
2724
2444
2991
2563
2235
2181
2710
2569
2919
2578
2259
3056
3132
2790
2758
3034
2956
3202
3320
2083
2763
2713
2909
1950
2818
2664
1975
3073
2422
2426
1440
1661
2167
2598
2564
2822
2778
2466
2479
2238
2515
1974
1494
2284
2217
2215
1928
2100
2170
2297
2163
1773
1673
2114
1913
2380
1885
2223
2138
2450
2518
2109
2051
1825
2051
1851
1927
1884
2023
1535
1643
2105
48
-103
69
439
275
102
-1283
512
215
856
-168
802
288
226
-108
360
262
-1336
832
404
392
822
-1394
266
428
-996
1254
404
-1228
875
596
-697
-182
865
-36
314
-206
612
793
667
137
854
-808
557
553
534
218
-565
1004
-407
996
-629
-245
828
257
288
542
134
679
264
673
343
452
145
717
273
506
843
721
555
159
613
184
563
-192
306
570
548
313
-136
-881
469
115
783
-138
640
76
-8
-182
112
-29
-1161
515
115
111
405
-1127
-150
144
-814
644
-25
-1391
311
37
-994
-333
464
-90
-40
-496
44
359
122
-232
344
-1107
246
310
65
-189
-823
408
-1119
627
-862
-439
496
33
-348
-304
-94
-364
-521
-1771
65
-163
299
-703
249
-151
-315
-649
-256
-440
-1811
170
-213
-242
202
-2056
-406
-252
-1253
579
-262
-1540
100
-223
-1233
-615
206
-590
-554
-988
-281
-11
-215
-677
-132
-1415
-238
-210
-242
-659
-1558
94
-1160
114
-713
-601
-114
-650
-613
-498
-748
-258
-689
-160
-603
-594
-853
-336
-722
-387
-276
-312
-371
-776
-436
-880
-674
-1511
-473
-291
-338
-771
-961
-2327
-655
-797
-341
-1107
-278
-535
-776
-1117
-1064
-1203
-2626
-740
-1067
-1017
-587
-2151
-1184
-564
-2190
-334
-1043
-2099
-587
-1022
-2531
-1597
-281
-773
-891
-1299
-1038
-390
-884
-1147
-651
-2515
-744
-559
-750
-1039
-1626
-388
-2477
-163
-1871
-1114
-218
22
105
450
645
295
60
-1598
504
300
943
-28
962
404
288
-148
337
262
-1244
1005
350
471
740
-1424
64
446
-1338
1192
466
-1006
1027
702
-742
-103
1080
304
616
-41
702
1020
692
121
1023
-1015
811
812
574
273
-566
1097
-1046
1209
-864
-141
1087
408
640
727
134
842
615
1236
797
669
320
898
486
864
1132
943
846
359
1022
303
846
-532
573
1094
1099
786
395
-1145
742
331
1263
240
1178
550
508
200
650
547
-786
1250
684
762
977
-696
321
547
-666
1297
579
-739
1015
708
-673
45
1095
437
781
314
1059
1057
799
244
1061
-700
898
905
692
461
-223
1026
-723
1131
-797
-133
1025
296
6102
7804
9210
9500
8298
6063
8956
8200
10540
8475
8971
7095
8610
8849
9728
10412
4072
10711
10893
11769
10714
6131
10219
10213
6277
10835
11313
2737
11238
11062
4157
6925
10866
10506
13944
12216
13535
13347
15005
13106
15996
8662
13098
14151
14478
15765
14321
15699
10568
15837
8505
10620
16821
14468
12841
16601
15039
16478
15489
13334
14198
16792
15851
17235
16165
14142
17918
17829
16654
16366
17153
15898
18705
18844
12943
17135
16810
19097
13444
21963
19317
15716
20878
18598
16106
10247
12143
16349
19922
19538
23172
19932
19331
19257
16550
18839
15712
9255
19742
15648
17354
17727
14492
15418
18695
17197
11911
12237
14982
14289
16726
12140
15526
15111
15740
20389
13829
13034
12812
14520
13307
12188
17008
11997
17535
14840
12736
15
-563
-331
-140
-349
-447
-1881
-263
-610
61
-650
120
-185
-430
-791
-481
-627
-1803
-114
-478
-513
-79
-1312
-593
-375
-1652
264
-615
-1326
-93
-383
-1300
-955
-54
-740
-595
-857
-337
-235
-623
-993
-478
-1568
-550
-590
-636
-966
-1489
-305
-1489
-357
-1595
-1087
-456
-771
-553
-747
-1077
-724
-944
-336
-701
-827
-1110
-679
-994
-601
-593
-665
-796
-1200
-828
-1080
-1054
-2032
-943
-816
-735
-976
-846
-1726
-944
-1085
-792
-1464
-519
-641
-836
-1306
-1301
-1382
-2632
-905
-1230
-1279
-777
-2305
-1247
-517
-2245
-524
-1385
-2496
-771
-1107
-2320
-1833
-520
-1277
-1226
-1468
-974
-500
-1027
-1305
-891
-2861
-929
-792
-980
-1341
-1723
-541
-2050
-328
-2277
-1689
-573
14
398
773
873
473
259
-1274
648
519
1141
385
1173
611
646
349
748
701
-793
1264
739
925
1066
-486
415
735
-857
1357
774
-633
1198
906
-531
183
1279
772
1109
476
1120
1373
1146
654
1485
-559
1161
1233
993
839
164
1407
-797
1547
-685
181
1522
881
1124
1293
724
1430
1246
1773
1347
1248
808
1450
1134
1424
1744
1431
1454
995
1704
833
1460
-523
910
1452
1643
1396
1021
-660
1220
931
1814
787
1650
992
1007
780
1379
1399
225
2075
1469
1625
1740
108
1239
1203
193
2113
1612
361
1921
1669
104
740
1802
1200
1812
1301
2160
1879
1962
1380
2268
743
1892
1836
1726
1631
973
2067
613
2047
229
804
1988
37
-79
214
552
384
207
-1353
579
161
930
-147
867
408
346
-123
235
102
-1992
774
434
471
821
-1502
261
592
-1090
1212
363
-1640
873
565
-1181
-444
991
78
557
47
903
1089
924
207
1038
-1156
705
823
784
447
-436
1244
-730
1270
-823
-224
1156
559
595
930
445
905
517
910
657
842
497
1044
531
746
1105
1011
853
424
820
337
752
-123
423
1023
968
933
311
378
1208
664
1500
566
1165
339
379
451
853
611
-518
1066
779
742
934
-399
291
184
-250
1046
408
-585
585
292
-518
-18
613
-47
114
-299
433
537
447
133
533
-912
283
365
220
20
-621
463
-816
617
-465
-147
499
42
-105
112
429
166
82
-1613
320
-60
699
-435
691
275
315
-137
126
-43
-2173
584
303
377
720
-1308
58
452
-1371
1120
155
-1834
711
418
-1036
-344
844
-47
304
-172
661
886
637
-19
696
-1602
368
536
587
282
-515
974
-884
985
-1112
-477
856
290
365
658
291
709
192
628
308
495
200
726
220
489
739
619
529
153
591
139
442
-600
169
709
714
609
112
-47
709
336
987
-149
706
-94
-106
-60
291
107
-1061
528
158
143
484
-920
-180
31
-915
662
-70
-1156
252
-76
-1073
-473
373
-311
-235
-726
-24
289
165
-64
290
-1513
-89
29
-71
-279
-812
300
-994
489
-999
-610
296
40
535
743
987
857
643
-335
1011
910
1338
795
1148
787
920
840
1078
1075
-316
1283
1168
1307
1363
-87
1077
1047
39
1603
1437
51
1538
1345
17
624
1438
1103
1446
965
1244
1549
1639
1270
1854
507
1484
1606
1686
1730
1229
1939
625
1921
752
1202
2086
1569
1329
1856
1575
2043
1769
1598
1515
1936
1679
2131
1830
1654
2167
2025
1833
1726
1956
1694
2065
1830
1326
1935
1853
1974
1202
1638
1961
1343
2364
1950
1882
986
1170
1645
2249
2165
2384
2224
2037
1949
1862
1703
1535
764
1599
1801
1725
1628
1560
1519
1395
1412
1255
1107
1425
1232
1506
1153
1295
1179
1460
1458
1205
1154
1069
1182
963
1134
1012
1141
960
1027
1224
5
-10
310
328
17
-4
-1052
48
5
329
-392
464
108
33
-335
-62
-97
-974
535
8
129
317
-758
-163
237
-715
534
-82
-921
297
11
-1015
-473
478
-110
148
-168
598
532
298
-36
429
-1007
265
255
22
-220
-712
383
-854
505
-952
-500
332
-123
152
125
-259
333
144
722
294
26
-206
146
-126
258
331
280
248
-180
330
-193
16
-1433
-16
269
414
162
41
-1137
197
168
451
-432
460
196
-15
-460
-328
-377
-1743
381
-158
31
237
-1232
-191
368
-1231
643
37
-1092
485
204
-1072
-456
602
-4
191
-235
454
646
510
118
727
-848
611
595
432
195
-392
814
-766
919
-664
-110
797
11
-23
354
414
107
22
-1070
163
84
479
-385
557
81
-36
-383
43
11
-939
684
97
194
437
-1066
-134
215
-854
657
-38
-1004
358
22
-1228
-603
539
-149
166
-225
639
600
411
25
573
-980
324
318
75
-212
-858
503
-922
622
-932
-490
425
-119
120
141
-326
385
212
827
383
106
-159
227
-89
332
424
317
304
-156
419
-174
130
-1358
70
412
553
276
44
-1320
334
190
654
-305
607
285
18
-457
-312
-391
-2015
451
-106
89
310
-1321
-188
386
-1381
753
65
-1251
548
241
-1171
-471
668
50
255
-233
450
718
529
35
818
-869
752
748
550
284
-439
928
-1015
1036
-801
-126
912
39
532
1048
1452
1010
696
-1727
1296
938
2012
767
2025
1236
1415
831
1323
1257
-1922
2037
1419
1635
1928
-1757
1002
1583
-1675
2440
1618
-1485
2330
1881
-908
214
2334
1317
2007
934
1943
2674
2413
1425
2970
-988
2496
2749
2531
2315
1120
3252
-789
3440
-871
606
3376
2336
2512
3097
2084
2911
2647
3248
2923
3074
2451
3359
2754
3014
3787
3256
3282
2745
3685
2456
3628
1462
2390
3448
3523
3450
2276
1158
3453
2440
4383
2883
3677
2049
2464
2785
4045
3864
2790
4540
3908
3936
3884
1975
2969
1885
2088
4173
3553
2028
3563
3327
2152
2686
3107
2245
3082
2347
3637
2954
3253
2505
3532
2169
2966
2866
2792
2775
1776
3025
1579
2959
1274
1721
2922
19
-391
-184
51
-155
-205
-1670
73
-293
369
-505
424
128
-8
-511
-196
-360
-2104
302
-30
-44
322
-1894
-262
17
-1599
687
-191
-1660
327
32
-1204
-718
377
-468
-222
-585
132
353
39
-582
152
-1495
134
201
155
-221
-1023
486
-1161
474
-1113
-658
311
-164
-49
63
-366
28
-279
219
-31
37
-218
210
-270
37
198
95
0
-425
-108
-539
-247
-1098
-287
90
13
-189
-426
-852
1
-357
226
-553
235
-258
-225
-386
-173
-386
-1577
21
-212
-239
66
-1323
-568
-370
-1401
218
-527
-1533
-187
-518
-1449
-930
-60
-758
-767
-1108
-542
-155
-548
-842
-497
-2439
-602
-423
-515
-791
-1286
-250
-1809
-72
-1638
-1135
-281
11
-720
-450
-245
-577
-609
-2410
-271
-633
56
-1023
204
-108
-327
-1011
-719
-972
-3087
-34
-494
-436
-10
-2352
-747
-332
-2260
476
-644
-2115
-14
-438
-1888
-1267
116
-1001
-782
-1238
-211
31
-368
-1078
-308
-2304
-309
-257
-370
-888
-1895
-8
-2244
0
-1921
-1247
-190
-746
-462
-524
-1039
-537
-878
-110
-532
-592
-892
-346
-906
-422
-400
-597
-612
-1147
-689
-1264
-1055
-2595
-938
-568
-561
-901
-993
-2129
-686
-974
-411
-1381
-222
-637
-708
-1134
-1045
-1299
-3230
-730
-1089
-1062
-513
-2280
-1231
-660
-2532
-176
-1187
-2474
-597
-1083
-2597
-1855
-370
-1338
-1363
-1860
-1092
-492
-1036
-1429
-935
-3716
-1094
-891
-986
-1403
-1989
-570
-2900
-378
-2894
-2003
-661
261
6838
8047
9111
8677
7080
2909
8453
7764
10642
9622
9416
7068
8937
9784
11475
12410
7711
11421
11270
11782
10994
3118
9962
9544
4387
11106
12558
3786
12665
12734
5485
8482
11992
13075
15739
13199
11862
13910
14028
12147
16240
6612
13809
15207
15277
16821
15766
16795
9984
17481
8777
11415
18329
15781
14310
18197
16037
17689
17742
16131
17076
19022
17337
19075
18608
16996
21243
20041
19957
19801
21297
18208
23114
20600
16147
19935
19977
21469
16138
18588
19877
16510
22895
20689
18329
12637
15053
19119
25459
26082
32854
26680
26134
26405
22177
24085
21281
11912
23732
21561
23964
24274
20618
21822
24085
22422
16956
17560
22097
21426
23351
16872
20552
19187
20945
27980
18489
17559
17582
19909
18074
16464
21793
15400
22210
19531
17076
50
596
906
1263
1030
798
-775
1199
950
1695
903
1524
1076
1243
1013
1235
1166
-930
1548
1339
1558
1605
-226
1056
1236
-571
1941
1538
-154
1867
1642
24
691
1793
1283
1786
1194
1733
2023
2051
1485
2293
158
1767
1988
2023
2026
1286
2345
162
2328
313
1170
2480
1802
1769
2182
1751
2191
1869
1963
1797
2170
1912
2413
2012
1982
2562
2372
2247
2063
2500
2074
2482
1718
1588
2336
2340
2412
1601
1718
2290
1606
2831
2007
2301
1234
1505
1930
2546
2449
2177
2670
2348
2340
2293
1950
1810
1209
1652
2354
2077
1597
2060
1968
1544
1674
1761
1383
1887
1556
2187
1757
1973
1747
2152
1456
1631
1625
1546
1658
1305
1698
1168
1703
742
1051
1721
5
-888
-591
-345
-572
-675
-2338
-382
-619
-58
-925
-8
-407
-650
-1034
-650
-808
-2706
-396
-742
-799
-138
-1962
-709
-357
-2279
203
-819
-2132
-242
-664
-2156
-1446
-121
-894
-840
-1333
-756
-358
-674
-1090
-447
-2108
-631
-678
-596
-965
-1527
-153
-1742
-248
-2109
-1450
-424
-819
-741
-791
-1202
-669
-901
-312
-766
-816
-1289
-548
-889
-508
-507
-798
-968
-1376
-916
-1201
-1096
-2241
-1105
-920
-814
-984
-1051
-1838
-828
-1140
-629
-1297
-424
-803
-1116
-1460
-1162
-1262
-2312
-857
-1271
-1485
-775
-2659
-1321
-778
-2423
-542
-1555
-2694
-896
-1270
-2562
-2068
-680
-1475
-1468
-1803
-1431
-842
-1473
-1755
-1186
-3094
-1218
-1157
-1373
-1830
-2291
-782
-2406
-591
-2706
-2133
-952
34
-198
150
510
223
54
-1947
417
144
937
-79
917
362
237
-168
413
371
-1763
901
443
456
966
-1722
277
602
-1648
1349
402
-1678
1010
598
-1555
-623
1075
289
712
63
693
1105
803
165
1193
-1281
788
868
830
546
-265
1444
-763
1458
-1030
-224
1338
654
716
961
325
1010
762
1290
942
1014
479
1259
812
1113
1543
1241
1071
562
1162
529
1127
-285
551
1064
1137
1021
483
-207
1072
502
1547
560
1321
532
459
360
1057
975
209
1659
1200
1152
1339
-227
705
497
-77
1600
812
-427
1128
837
-266
171
1022
255
661
263
977
931
675
209
942
-431
747
764
525
290
-457
933
-457
1054
-427
-39
895
17
-683
-445
-249
-478
-541
-1892
-207
-544
22
-920
160
-166
-371
-962
-516
-657
-2305
138
-241
-282
127
-2590
-494
-205
-1855
468
-514
-2316
-1
-370
-2066
-1326
202
-782
-477
-866
-50
197
-257
-944
-200
-2406
-221
-121
-245
-746
-1647
251
-1619
376
-1267
-901
114
-416
-243
-184
-760
-382
-566
142
-121
-188
-514
5
-470
-73
121
-39
19
-485
-134
-859
-330
-1904
-407
-92
-64
-320
-625
-1603
-105
-423
124
-790
85
-295
-396
-738
-414
-635
-2084
88
-85
44
171
-1022
-410
-371
-1428
504
-282
-1508
11
-372
-1622
-956
135
-701
-601
-1058
-385
-51
-415
-872
-446
-2450
-628
-440
-538
-883
-1668
-275
-2381
-131
-1598
-977
-235
284
4786
5824
7418
7329
5612
3943
6975
6623
8387
6856
7048
5251
6295
6705
7910
8548
3858
8902
9063
10374
8717
6154
7903
7587
2034
9105
9700
3550
9817
9663
3692
5423
9219
8791
11714
9269
10434
11233
12822
11690
13828
6644
10307
11527
11000
12193
10546
12420
4076
13136
5676
9239
14698
12784
12763
14575
12404
12641
13062
12451
13283
14753
14000
15079
14666
13783
16312
14330
15153
15290
17343
14777
18397
14472
12674
15582
16409
17743
13329
13297
16608
13571
19143
16512
14973
10924
12629
15250
17931
18088
18515
19112
18773
19592
17068
22021
17652
11924
21567
17869
19791
18312
17443
18412
19089
18316
14676
15005
19080
17945
20259
14954
18686
17064
19142
23388
16376
15504
15966
17881
16474
14919
18063
13686
15447
14642
14973
-1
-938
-714
-669
-978
-960
-2184
-645
-700
-472
-1195
-341
-539
-661
-1053
-898
-1152
-2688
-685
-947
-894
-470
-2093
-1038
-806
-2166
-184
-936
-1609
-592
-1018
-2075
-1422
-460
-1188
-1336
-1680
-1041
-720
-1013
-1308
-1071
-2521
-1083
-1053
-936
-1291
-1843
-710
-2078
-741
-1572
-1159
-833
-1201
-1130
-1273
-1490
-1069
-1336
-816
-1276
-1348
-1552
-1093
-1427
-1057
-1248
-1423
-1405
-1586
-1301
-1450
-1753
-2760
-1472
-1343
-1296
-1583
-1499
-2483
-1483
-1548
-1321
-1737
-1000
-1162
-1442
-1778
-1683
-1798
-3015
-1622
-1869
-1952
-1311
-2343
-1845
-1178
-3299
-1154
-2105
-2759
-1470
-1912
-3164
-2609
-1220
-1836
-2074
-2387
-2205
-1430
-2060
-2073
-1836
-3706
-1943
-1833
-1955
-2301
-2480
-1453
-3360
-1287
-3461
-2485
-1438
10
80
500
616
333
261
-901
449
346
795
-41
850
363
329
-11
293
239
-884
851
220
335
590
-1206
28
441
-905
901
375
-656
823
526
-754
-204
877
233
522
73
777
920
633
250
871
-968
708
746
559
364
-140
1065
-291
1243
-381
62
1113
523
668
814
256
892
731
1310
901
703
405
767
423
797
967
855
812
411
1000
492
704
-348
571
1037
1105
880
558
-441
1019
762
1450
595
1339
747
694
456
867
776
-576
1377
846
926
1066
-695
341
671
-1075
1273
518
-878
970
739
-429
254
1087
562
825
379
1037
1155
1012
582
1291
-167
1137
1106
914
743
117
1294
-312
1427
-111
505
1445
142
6438
6501
7363
6928
5004
2633
7080
6070
8404
7137
7134
5453
6228
6368
7211
7882
3925
8555
8294
9012
8079
4576
8010
8120
6399
8599
9432
1966
9247
9214
3852
5911
8818
8823
11130
8843
9217
10522
11742
10054
13535
9057
11620
12466
11102
11810
9478
11981
4054
12826
4259
7015
13460
11802
11703
14597
12995
13756
13460
12832
13313
14526
12843
14343
14022
13180
16265
15505
15715
14657
16244
12666
17788
14018
13158
16123
16420
17176
12852
11604
16720
13724
19333
16543
15227
11160
12972
15515
17935
17789
18953
19024
17946
18599
16328
15479
16593
10380
22323
17311
20889
21610
17892
18588
18338
18107
15061
15229
19309
18206
20710
15426
19212
16964
19437
23511
17453
16790
17198
18820
16137
15622
18473
14459
19065
16822
15596
15
-444
-409
-98
-216
-351
-1584
-74
-372
172
-413
233
-28
-185
-560
-165
-215
-1682
161
-9
-75
340
-1270
6
169
-1387
647
-166
-1799
273
6
-1298
-831
279
-438
-206
-624
-160
159
-35
-467
180
-1046
37
23
-35
-335
-886
367
-1153
361
-1411
-821
276
28
99
194
-193
-11
-227
165
-13
73
-328
203
-96
132
330
125
1
-330
0
-388
98
-668
-131
21
31
-42
-318
-704
60
-356
194
-432
143
-240
-292
-432
-183
-303
-785
123
-79
-162
116
-731
-78
-167
131
379
-25
-760
121
-102
-779
-547
104
-571
-417
-681
-251
-113
-374
-698
-343
-1402
-422
-347
-493
-786
-1272
-299
-1197
-186
-1281
-1123
-447
-2
-1179
-1097
-725
-932
-796
-2242
-671
-808
-389
-1282
-112
-388
-696
-1319
-819
-905
-2448
-228
-753
-867
-203
-2376
-859
-312
-2667
220
-1141
-2774
-302
-663
-1891
-1435
-166
-1229
-1065
-1458
-651
-388
-883
-1295
-687
-2315
-792
-918
-1009
-1514
-2129
-314
-1600
-289
-1985
-1486
-515
-899
-612
-804
-1263
-918
-1274
-483
-899
-980
-1327
-741
-1227
-694
-679
-854
-1140
-1653
-1170
-1406
-1231
-1793
-1022
-993
-1107
-1421
-1409
-1930
-1154
-1374
-1088
-1953
-775
-1046
-1291
-1815
-1619
-1770
-2909
-1023
-1386
-1505
-946
-2454
-1545
-822
-2139
-728
-2004
-3732
-1412
-1856
-2995
-2262
-1000
-1949
-2160
-2454
-1853
-1185
-1945
-2235
-1820
-3917
-1680
-1538
-1903
-2489
-3091
-1375
-3243
-1012
-3284
-2740
-1481
199
5907
7934
8225
7573
5664
1501
6534
4911
8341
6939
7067
5023
6182
6637
7212
7546
3291
7763
7435
8373
7487
2828
6987
6189
4539
8022
9930
6098
9483
8900
1958
4076
8440
8303
10838
8865
9012
10202
10757
8832
12325
5123
10735
12093
11625
12733
11105
11793
3447
12228
3261
6611
12880
10905
10517
13014
10813
12796
13554
12996
13627
14047
12884
13551
13278
12645
15327
14162
15356
15012
16673
13534
16976
10607
11584
14735
16106
17216
13347
11019
16071
12954
19032
16435
15226
11247
12922
15406
18050
17978
18361
18626
17472
18161
15803
14951
15238
9642
15352
17110
19960
21976
18505
19832
21302
18895
15120
15194
19555
18266
20678
15642
19378
17222
19883
23271
17539
16809
17753
19684
17646
16540
18379
14857
17661
16916
16416
-8
-376
-314
-224
-572
-642
-1974
-172
-281
50
-821
146
-162
-298
-775
-401
-538
-2136
120
-233
-201
164
-1942
-411
-27
-1469
455
-422
-2244
-11
-364
-1780
-893
252
-461
-417
-915
-267
131
-168
-677
-62
-1745
-153
-91
-237
-650
-1466
168
-1595
305
-1159
-761
136
-353
-255
-61
-407
65
-306
232
-198
-181
-604
4
-408
-44
19
-141
-191
-650
-259
-887
-440
-1656
-347
64
-12
-309
-591
-1566
-174
-397
109
-672
90
-371
-543
-769
-406
-548
-1559
8
-345
-290
24
-1254
-476
-394
-1061
277
-330
-1094
-84
-543
-2028
-1241
32
-633
-566
-992
-526
-162
-537
-859
-386
-2104
-563
-456
-607
-908
-1524
-296
-2068
-161
-1618
-1046
-306
12
-359
-165
30
-328
-449
-2228
-86
-242
267
-620
318
-26
-159
-621
-210
-318
-2232
264
-67
23
399
-1748
-203
131
-1822
752
-97
-1926
374
-41
-1874
-939
515
-213
-50
-636
-72
431
125
-416
342
-1719
120
211
161
-159
-937
599
-1602
653
-1327
-584
597
65
137
306
-170
384
124
607
239
289
-165
506
99
410
578
308
250
-141
343
-259
211
-1198
-60
455
487
331
-69
-969
321
-148
694
-148
572
-57
-187
-315
146
16
-903
512
134
106
451
-747
-59
-105
-752
713
47
-699
365
-2
-1251
-755
328
-376
-151
-533
-4
160
-175
-517
31
-1478
-164
-114
-243
-489
-999
107
-1313
194
-1386
-852
46
192
4369
6097
7348
7918
6497
6638
7292
5853
8215
6149
6847
4370
5551
6378
7303
7726
4861
7763
7160
7591
6965
2226
6316
6228
3027
7650
8673
4318
9223
9630
6234
5980
8124
7418
9865
7887
8575
9821
10456
8941
11741
4078
9760
10921
10646
11550
10738
11754
7245
12429
4537
6041
12069
10263
10481
12594
10211
10811
11769
11728
12915
13459
13199
13466
13056
12782
14817
12649
14135
13749
15720
13018
16728
13321
12293
14063
15129
15915
12254
10694
16108
13818
18607
15580
14746
10905
12823
15319
18045
17957
17153
18449
17742
18259
15821
14512
14736
10646
15088
16488
18131
15337
16887
18867
21940
21164
15296
16825
19933
18362
20218
15899
19722
17383
20144
23260
17859
17271
18234
19890
17444
17126
19653
15810
19214
17262
16828
98
2534
3359
4112
4166
3212
2879
4482
3872
5074
3347
4227
2568
3147
3423
4197
4351
1756
4816
4208
4546
4257
135
3432
3773
1066
4738
4894
882
5363
5485
2869
3530
5137
4619
5884
4259
4970
6082
6394
5252
7208
1753
5886
6619
6257
6529
5350
7249
3442
7886
3068
3913
7634
6130
6243
7705
6136
6731
7023
7333
7614
8030
7518
8299
7881
7828
9140
7791
8623
8044
9464
7190
9886
7145
7448
8945
9407
9521
7070
4946
9699
8305
11557
9384
9208
6577
7591
8948
10984
10904
9439
11475
10895
11286
10000
8148
8934
6441
8450
10305
10841
8233
10072
10770
10588
11471
9396
10177
12156
10975
12257
9789
11897
10276
12336
13084
10769
10479
10971
11854
9962
10536
10583
9838
11059
10436
10606
-3
-260
-247
-133
-191
-109
-532
-123
-169
-63
-314
34
46
-11
-265
-241
-264
-852
8
-92
-73
42
-613
-85
101
-505
197
-119
-697
79
-19
-438
-280
112
-222
-104
-162
109
125
22
-163
32
-483
45
49
53
-67
-289
209
-213
199
-278
-134
160
20
50
52
-40
-23
-181
-45
-104
-11
-47
53
-127
-49
49
98
-43
-151
-115
-115
-82
-87
-118
-28
-118
-115
-250
134
-15
-193
-36
-307
-70
-266
-268
-239
-207
-330
-294
-139
-197
-225
-165
-47
-302
-343
4
-100
-326
-312
-294
-358
-215
-236
-254
-540
-609
-642
-417
-398
-516
-522
-621
-934
-648
-597
-659
-795
-915
-621
-788
-542
-668
-674
-658
19
-35
425
622
278
153
-1642
247
-30
735
-155
831
328
248
-204
194
157
-1559
796
235
336
709
-1400
103
510
-1415
1050
303
-1211
853
432
-1582
-840
875
70
517
-30
719
1000
673
125
1027
-1256
775
863
645
404
-243
1172
-1061
1308
-1367
-456
1210
640
859
1044
302
1017
923
1578
1233
1051
540
1083
687
1104
1368
1047
1081
577
1270
536
1032
-745
573
1091
1303
1162
777
-321
1243
790
1718
705
1561
877
875
607
1113
1028
-317
1783
1226
1311
1479
-422
877
866
-346
1903
1200
-223
1601
1332
31
444
1415
523
1017
484
1339
1413
1248
668
1534
-143
1342
1313
1150
943
175
1546
-116
1618
-242
340
1509
3
-781
-468
-197
-525
-512
-2157
-289
-529
-21
-1327
180
-298
-379
-1040
-694
-875
-3144
-36
-600
-539
54
-2761
-669
-25
-2382
573
-561
-2700
170
-300
-2267
-1451
349
-932
-678
-1361
-266
291
-143
-820
-21
-3063
-243
-133
-232
-740
-1566
390
-1944
559
-2242
-1509
205
-404
-87
70
-590
21
-277
555
130
9
-410
265
-299
275
322
-157
-9
-515
173
-582
-114
-1995
-238
66
218
-74
-489
-1814
279
-59
629
-640
505
-203
-360
-643
-187
-420
-2189
294
-242
-202
269
-1715
-486
-142
-1729
744
-247
-1837
307
-51
-1322
-579
475
-404
-376
-1121
-360
183
-114
-623
107
-2075
-181
-131
-254
-675
-1553
222
-1956
347
-1734
-1083
92
33
414
984
1390
1014
635
-1533
1219
817
1902
878
1835
1071
1011
551
1093
1100
-1430
1826
1214
1422
1648
-1296
811
1368
-1584
2037
1301
-1358
1998
1611
-1292
-201
2088
1342
2106
1161
1790
2463
2028
1162
2648
-1133
2081
2373
1982
1811
821
2811
-903
3154
-737
639
3149
2259
2630
2916
1732
2328
2475
3363
3084
2933
2194
3077
2718
3085
3797
3207
3444
2740
3779
2263
3615
597
2415
3378
3813
3746
2845
801
3688
2783
4721
3161
3987
2716
2979
3013
4030
3932
1932
4798
4246
4385
4253
1745
3372
2615
1878
4626
3952
1843
4107
3964
2162
2973
3816
3074
4370
3764
5183
4148
4700
3627
4949
3516
4242
4170
4260
4299
3051
4508
2974
4303
2836
3263
4506
44
1032
1219
1576
1411
1103
253
1635
1422
2030
1233
1723
1108
1379
1433
1725
1748
184
1935
1745
1912
1911
1
1454
1587
261
2147
2007
108
2204
2131
655
1251
2134
1861
2352
1676
2011
2485
2669
2193
2992
815
2323
2665
2595
2703
2070
2977
1120
3161
1138
1678
3206
2532
2472
3186
2683
3026
2848
2907
2872
3220
2878
3297
3017
3013
3596
3131
3332
3121
3684
2931
3810
2849
2794
3474
3606
3637
2622
2118
3601
2990
4373
3441
3464
2306
2641
3264
4072
4050
3811
4310
3983
4107
3739
3228
3320
2305
3421
3895
4052
3442
3754
3884
3619
3890
3368
3463
4231
3777
4317
3478
4225
3749
4483
4748
3796
3720
3793
4129
3430
3717
3590
3511
3619
3540
3773
1
-337
-12
256
-63
-282
-1980
229
-9
645
-276
642
113
-103
-499
-74
-160
-2087
414
-96
-36
421
-1966
-245
271
-1944
800
-7
-1842
606
241
-1806
-887
799
113
407
-305
193
812
435
-172
815
-1757
464
575
395
78
-718
1022
-1508
1181
-1337
-467
1068
461
693
792
58
579
560
1291
930
819
221
1005
675
1088
1348
857
941
400
1098
185
940
-1077
499
970
1207
1019
596
-1053
1093
548
1695
688
1473
784
686
500
1110
1004
-429
1625
1191
1176
1434
-508
763
665
-324
1730
963
-356
1341
1095
-368
302
1367
728
1313
891
1647
1420
1364
682
1602
108
1236
1256
1182
949
62
1502
-153
1450
-149
367
1381
0
-520
-236
26
-270
-405
-2137
-32
-256
359
-430
405
51
-274
-765
-325
-384
-2087
271
-196
-140
277
-1911
-283
130
-1916
699
-115
-1703
487
107
-1818
-1032
588
-115
181
-390
39
541
121
-479
490
-1556
296
349
185
-150
-944
738
-1501
803
-1273
-503
719
182
388
364
-299
183
151
809
512
429
-57
620
265
624
886
601
525
-18
511
-182
439
-1132
99
551
671
521
197
-989
560
-57
1013
140
906
361
247
19
372
203
-951
821
453
398
675
-792
81
112
-578
947
207
-649
610
388
-658
-251
661
-2
430
201
891
702
435
-140
556
-945
383
470
362
81
-637
630
-828
651
-853
-400
498
56
1049
1442
1812
1358
881
-961
1632
1309
2331
1332
2189
1174
1552
1489
1996
1991
-472
2262
1819
2024
2227
-407
1426
1742
-370
2367
1953
-655
2313
1995
-817
384
2442
1912
2665
1600
2409
2995
3132
2437
3625
-121
2610
3056
2710
2705
1794
3387
-369
3806
-343
1025
3865
2999
3164
3981
2960
3655
3624
4252
3891
3823
2926
3781
3540
3845
4543
3745
4327
3871
5059
3472
4767
1655
3370
4269
4885
4815
3674
1320
4801
4147
6032
4533
4993
3533
3839
4167
5491
5564
3478
6197
5606
5824
5652
2717
4920
3703
3094
6047
5717
3439
5541
5380
3189
4208
4932
4476
5872
5008
6377
5292
6576
5615
7150
7077
6283
6006
6187
6512
5164
6381
5138
5990
5039
5376
6518
-1
-377
0
246
-173
-282
-2241
153
-183
617
-485
726
271
109
-534
-254
-423
-2822
461
-98
47
442
-2238
-372
297
-2204
925
-78
-2130
654
210
-2000
-1050
848
-137
247
-422
393
962
453
-325
733
-2341
477
670
431
30
-974
1021
-2008
1212
-1672
-622
1090
385
816
849
93
616
439
1308
928
819
339
1053
554
1048
1335
951
1063
440
1145
186
837
-1438
419
1023
1214
976
542
-934
1094
537
1701
417
1471
654
683
516
986
765
-982
1474
979
1044
1321
-463
490
500
-535
1675
804
-310
1226
912
-370
249
1249
415
915
433
1546
1302
1289
674
1407
-550
932
1022
993
745
-158
1300
-553
1276
-579
49
1154
296
5536
5913
7173
6837
5124
2915
7003
5621
8736
7691
7613
4608
6114
7693
9911
10474
8223
9263
9050
8939
8641
2537
7413
5993
4567
7916
8854
4344
8536
8649
3093
4478
8038
8102
10828
8713
9507
10162
12116
10768
13505
7740
10281
11746
10673
11490
9647
11730
4426
12734
4173
6486
13217
11705
11383
14430
11966
12850
13686
13916
14472
14354
12532
12694
12829
13229
15071
12686
15174
14862
17508
13729
17908
12792
13734
15324
17020
17362
14078
8625
17198
15362
20598
18118
16677
13626
15196
17154
20215
20669
16501
21398
21252
22046
19659
14263
18818
13511
16370
20123
21817
17529
19531
20425
18661
19620
16854
18128
22271
20952
23831
18700
24632
21907
26016
33149
24470
23670
24737
26978
23356
23032
23724
21044
23996
22836
23321
7
-160
72
281
85
124
-731
358
233
586
-37
565
382
639
441
227
41
-2017
242
330
559
628
-330
191
542
-909
860
476
-856
745
558
-645
-6
891
457
713
338
776
1103
1048
643
936
-1464
423
768
988
977
600
1136
-478
1172
-326
356
1271
858
964
1158
1008
1042
720
850
744
1104
976
1395
1126
1135
1384
1038
1197
1156
1407
1161
1179
-41
518
906
1109
1233
742
1097
1235
978
1567
859
1115
319
445
965
1424
1339
1316
1317
1159
1149
1223
1727
892
450
976
1295
1040
1350
1056
1057
1281
1168
934
737
1046
772
1365
867
1378
1430
1359
1135
502
507
651
730
519
792
800
637
386
478
633
11
-366
-38
271
-89
-228
-2001
141
-84
579
-396
654
113
121
-270
31
-90
-2433
376
-12
111
559
-1600
-126
415
-1968
903
73
-1889
686
288
-1876
-949
864
65
419
-335
380
987
746
152
1017
-2045
469
689
592
336
-374
1161
-1658
1320
-1793
-672
1240
663
937
1134
441
939
814
1502
1144
1083
499
1265
920
1333
1556
938
1165
749
1529
683
1277
-925
657
1124
1465
1366
858
-476
1478
994
2089
965
1741
856
832
842
1562
1475
61
1976
1515
1480
1828
-23
1183
921
62
2158
1367
59
1677
1442
209
743
1553
871
1421
890
1817
1539
1790
1264
2085
1068
1604
1521
1544
1390
591
1906
707
1791
331
712
1748
5
-911
-659
-278
-652
-740
-2888
-335
-587
162
-912
318
-314
-536
-994
-393
-496
-2673
-34
-635
-735
118
-2804
-652
-64
-2550
516
-629
-2572
189
-291
-2598
-1603
430
-525
-207
-973
-212
364
27
-618
409
-2392
-102
-67
-156
-629
-1482
592
-2048
633
-2478
-1481
381
-205
19
102
-603
79
-115
742
247
51
-660
213
-193
418
581
63
69
-477
305
-382
190
-1641
-137
63
296
65
-276
-1813
282
-245
767
-319
688
51
-272
-583
65
-68
-1456
664
136
-33
519
-1856
-226
-73
-1257
837
-278
-1574
276
-39
-1206
-694
365
-439
-148
-551
340
297
192
-406
521
-525
414
393
142
-316
-1362
549
-1249
543
-1302
-883
243
3
-539
-277
-18
-468
-564
-2617
-172
-429
265
-865
479
-54
-262
-931
-413
-510
-2623
343
-349
-328
251
-2934
-555
112
-2371
687
-402
-2612
365
-114
-2387
-1413
596
-472
-136
-874
18
637
142
-625
519
-2426
329
428
116
-390
-1437
823
-2137
1041
-2072
-1147
763
80
424
570
-274
437
297
1246
801
543
-63
687
207
805
1046
633
752
79
872
-207
649
-1527
375
872
1028
691
239
-1711
893
341
1495
191
1322
571
483
137
723
514
-1545
1367
851
885
1244
-1479
356
379
-1155
1650
621
-1157
1049
631
-1123
-193
1093
170
540
-27
988
1053
895
146
1141
-752
1014
1055
977
624
-480
1326
-945
1347
-643
-6
1233
9
1
529
779
359
83
-1697
532
267
1015
-277
1065
348
238
-318
107
25
-2208
935
146
335
746
-2024
-88
667
-1977
1217
264
-1950
996
530
-1795
-814
1144
171
558
-283
652
1293
829
183
1293
-2062
956
1120
767
431
-465
1564
-1480
1891
-1536
-469
1645
803
1248
1411
447
1172
1124
2133
1628
1360
780
1591
1142
1706
2046
1550
1720
1041
2041
845
1691
-791
1181
1890
2171
1877
1258
-806
2028
1505
2803
1359
2460
1474
1499
1211
1972
1877
-191
2811
2080
2248
2444
-201
1573
1546
-153
2983
2067
-235
2531
2163
41
1112
2460
1531
2237
1446
2435
2464
2317
1507
2723
435
2275
2215
2110
1914
835
2669
425
2725
516
1313
2765
21
-434
-145
-47
-378
-530
-1912
-236
-391
20
-754
78
-259
-268
-596
-291
-448
-2228
-5
-149
4
195
-1348
-402
-201
-1987
416
-263
-1589
77
-260
-1686
-935
234
-330
-271
-786
-220
240
42
-443
111
-2088
-86
120
184
-53
-689
422
-1852
451
-1477
-704
380
-84
23
85
-389
25
-40
422
149
120
-154
382
95
373
361
-86
172
-52
437
-237
163
-1768
-178
297
523
424
111
-1170
299
-36
692
-118
519
-34
-116
-155
283
195
-1107
425
203
205
589
-493
128
59
-1197
857
206
-592
530
270
-883
-415
469
1
211
-160
329
340
302
39
494
-686
229
228
417
330
82
723
-162
641
-669
-220
626
262
4636
5703
6755
7070
5219
3949
6433
4897
7310
5423
5746
3609
4173
5001
6113
6624
3357
6768
6820
7192
6890
5789
6713
6206
5010
7097
6945
1023
6928
7087
3346
4375
6230
6470
8027
6469
6309
7362
7618
6623
9171
3974
7687
8703
8246
9017
8787
9274
6349
10139
3038
4122
9747
8525
8542
10725
8675
8907
9598
10104
10455
10844
9140
10873
11019
10751
12516
10762
11828
10252
12193
8573
12379
6146
9259
10937
12636
13176
11092
8430
13596
12970
15686
13084
12746
10105
11394
12673
15251
15892
13370
16620
15876
16428
15126
7841
14457
11136
11851
15958
17165
10670
15981
16452
12318
14534
14451
14581
18085
16635
17820
15381
17839
15971
18769
19029
17000
16458
17500
19139
17471
18126
22062
17903
22856
20090
19705
5
-549
-229
-53
-394
-454
-2008
-335
-505
25
-754
211
-138
-285
-757
-418
-498
-2143
107
-314
-216
139
-1629
-484
-65
-2193
463
-424
-1725
139
-266
-1890
-1237
221
-563
-368
-845
-183
237
-123
-576
141
-1980
5
84
-32
-324
-953
427
-1886
492
-1937
-989
375
-99
209
104
-516
-63
-95
617
288
88
-249
260
-74
386
445
61
157
-233
396
-230
167
-1588
-109
250
459
310
90
-1197
308
-118
689
-256
644
135
43
-224
110
-13
-1407
543
148
135
539
-976
-2
160
-1108
914
56
-1103
512
245
-842
-434
482
-288
-40
-386
332
389
162
-248
356
-1071
271
271
264
10
-479
630
-597
647
-1106
-618
472
301
4851
5953
6669
6803
4715
3624
6992
5313
7686
5721
5938
3852
4295
4991
5841
6039
3372
6731
6489
6832
6484
2391
6334
5181
6879
6748
7627
2764
6814
6653
1667
3462
6274
6104
7927
6516
6776
7434
7635
6283
8627
3290
7417
8601
7811
8224
6966
8709
5851
9993
6168
5916
9736
8112
7762
10233
8183
8875
9516
10137
10312
10492
8767
10304
10343
9896
12239
11365
12792
11225
12524
8496
11845
5053
9083
10747
12387
12314
9990
5463
13073
12560
15532
13535
12695
10623
11772
12604
14762
15108
10918
16146
15824
17004
14931
8244
13860
10333
9280
15801
17309
11696
15959
16036
10533
13423
14466
14568
18205
16451
17649
15560
18109
16004
18810
18536
16690
16449
17251
18959
16332
17462
17079
17207
22031
21242
20277
181
2550
3494
3975
3742
2413
700
3959
2877
4672
3172
3737
2293
2560
2752
3286
3223
671
3924
3488
3862
3733
89
3135
2585
2180
4103
4442
1694
4208
3819
-206
1188
3868
3254
4490
3300
3939
4573
4576
3570
5166
654
4215
5036
4475
4616
3385
5175
1472
5999
2692
3380
6086
4824
4831
6083
4466
5178
5641
6441
6310
6217
5104
6091
5920
5959
7305
6507
7658
6819
8006
5382
7196
2133
5307
6536
7705
7491
6010
1876
7698
7045
9577
8016
7983
6522
7213
7493
8808
8944
5126
9724
9351
10130
9128
5065
8179
6353
4250
9890
10239
6462
9879
9769
5700
7519
8919
8525
10991
9641
10791
9650
11117
9578
11737
10441
10150
10020
10477
11415
9586
10729
8539
10422
10712
11514
12294
3
-321
-235
-39
-280
-322
-1532
-60
-292
134
-729
268
-83
-159
-614
-321
-399
-2006
188
-160
-163
248
-1671
-207
281
-1203
554
-288
-2236
206
-44
-1426
-768
404
-311
-140
-617
11
443
145
-427
346
-1778
246
355
225
-142
-794
678
-1132
819
-1541
-1031
472
34
241
471
-30
271
84
710
427
358
-77
518
178
563
713
412
508
0
496
-306
393
-1197
252
550
684
513
153
-850
800
533
1092
104
859
269
229
122
599
445
-809
951
620
629
896
-1191
340
252
-458
1172
608
-657
782
526
-631
88
847
275
441
-10
639
718
728
292
824
-387
657
697
714
490
-210
993
29
1062
437
447
963
