-0.00121021
-0.00014615
0.00108433
0.00109482
-0.00266457
0.00251389
-0.00154018
0.00083542
-0.00031853
-0.00214386
0.00523376
-0.00111771
-0.00225258
-0.00173950
-0.00028038
-0.00141621
0.00170135
-0.00101852
-0.00188732
0.00200272
0.00059700
-0.00023198
-0.00221252
0.00091934
0.00044751
-0.00013614
0.00202370
0.00123787
0.00266457
0.00877380
-0.00258446
0.00133991
0.00413895
0.00097036
-0.00049019
0.00870514
0.00153923
0.00365639
-0.00520706
0.00135517
-0.00166893
-0.00152779
0.00148010
0.00112534
0.00280190
-0.00304031
-0.00305748
-0.00079441
-0.00209045
0.00142765
-0.00209618
-0.00070238
0.00142860
-0.00036955
-0.00356483
-0.00093555
0.00250816
-0.00068283
-0.00314140
-0.00122261
0.00051403
-0.00212669
-0.00026274
-0.00068045
0.00041410
0.00192231
0.00128060
0.00201717
0.00050576
0.00115542
-0.00073192
0.00023428
-0.00100332
0.00176650
0.00316168
0.00146703
-0.00409622
-0.00108715
0.00169410
0.00101677
-0.00037931
0.00020092
0.00046200
0.00240812
0.00193227
-0.00207709
0.00095566
0.00269756
0.00061147
-0.00196650
0.00106340
0.00127916
0.00169904
-0.03288233
0.00155434
-0.00032247
0.00224383
0.00028503
0.00075392
0.00537823
-0.00078060
0.00362957
-0.00376132
0.00293122
0.00151320
-0.00034186
0.00187049
0.00401038
0.00388191
-0.00053655
-0.00253624
0.00000139
0.00189498
-0.00005938
0.00026548
-0.00116436
0.00204422
0.00296568
-0.00109780
0.00021953
0.00201159
-0.00236774
-0.00230002
0.00017969
0.00173186
-0.00326462
0.00025984
-0.00020667
0.00021891
0.00177534
0.00028306
0.00150283
0.00079771
0.00055899
0.00090150
0.00022884
-0.00149205
0.00219506
0.00142193
0.00115508
-0.00171894
-0.00082625
0.00146483
0.00094262
0.00020431
0.00052473
0.00050443
0.00130130
0.00129703
-0.00093269
0.00119301
0.00259985
0.00097552
-0.00174892
0.00080997
0.00109164
0.00206302
-0.03439853
0.00018474
0.00008368
0.00172404
-0.00010838
0.00045730
0.00320371
-0.00169880
0.00127499
-0.00149138
0.00126613
0.00098000
0.00032937
0.00130266
0.00355068
0.00277499
-0.00027349
-0.00124585
-0.00079103
0.00146796
-0.00055306
-0.00015498
-0.00100584
0.00018519
0.00110591
-0.00074890
0.00051350
0.00084840
-0.00106523
-0.00122018
0.00042889
0.00199586
-0.00237414
0.00051141
-0.00015802
0.00080147
0.00333519
0.00052245
0.00253165
0.00146906
0.00067999
0.00152869
-0.00089026
-0.00141231
0.00142542
0.00111157
0.00072800
-0.00366183
0.00033241
0.00142493
0.00160493
0.00031480
0.00111904
0.00046934
0.00126040
0.00269028
-0.00015048
0.00122786
0.00270949
0.00057234
-0.00122517
0.00079798
0.00131933
0.00226096
-0.02886330
0.00030001
0.00017275
0.00049626
0.00079431
-0.00044248
0.00206440
-0.00251820
0.00215174
-0.00118344
0.00055415
0.00101833
0.00061851
0.00194902
0.00191200
0.00140993
0.00018533
-0.00176734
-0.00048960
0.00050278
-0.00040522
0.00156184
-0.00057511
-0.00063625
0.00080892
0.00043990
-0.00027836
0.00040866
-0.00177767
-0.00074786
0.00049331
0.00046774
-0.00112137
-0.00057437
-0.00072242
-0.00035180
0.00364615
0.00049022
0.00213115
-0.00006599
0.00059018
0.00083577
-0.00096052
-0.00237828
0.00147110
0.00152314
0.00004953
-0.00416223
-0.00019749
0.00076570
0.00288226
0.00109271
-0.00003227
0.00036858
0.00047062
0.00187982
0.00075522
0.00120537
0.00215651
0.00161470
-0.00085180
0.00004859
0.00058046
0.00279595
-0.02343030
0.00068239
-0.00072346
0.00052267
0.00057083
-0.00054674
0.00171804
-0.00314223
0.00168144
-0.00204261
0.00049627
0.00026466
-0.00031020
0.00227351
0.00185825
0.00147609
0.00058309
-0.00119786
-0.00021638
0.00043983
-0.00029753
0.00102970
-0.00091888
-0.00006170
0.00059403
0.00137474
-0.00146205
0.00103840
-0.00115138
-0.00064370
0.00003575
0.00076347
-0.00082673
0.00021709
-0.00008071
0.00023898
0.00300305
0.00034154
0.00240335
-0.00033298
0.00078557
0.00062126
-0.00130112
-0.00226002
0.00132328
0.00168853
-0.00033313
-0.00334230
-0.00001586
0.00232494
0.00239456
0.00068070
0.00011426
0.00036280
0.00129027
0.00273812
0.00115830
0.00108060
0.00210347
0.00138609
-0.00094841
0.00047359
0.00028907
0.00271279
-0.02842116
0.00099651
-0.00088811
-0.00056753
0.00078642
-0.00088696
0.00196497
-0.00379824
0.00174212
-0.00158235
-0.00004764
0.00071250
-0.00060009
0.00258549
0.00143426
0.00130994
0.00044952
-0.00130020
-0.00038106
0.00030128
-0.00026378
0.00201969
-0.00088003
0.00075466
0.00083496
0.00177252
-0.00092137
0.00058630
-0.00149674
-0.00088670
-0.00049949
0.00079493
-0.00049139
-0.00043607
0.00044895
0.00000906
0.00328464
0.00152255
0.00148214
-0.00038109
0.00118021
0.00060182
0.00009444
-0.00185771
0.00191367
0.00168682
-0.00046181
0.00298152
-0.00032213
0.00159198
0.00261846
0.00050058
0.00127947
0.00003762
0.00178080
0.00165146
0.00108037
0.00096343
0.00125895
0.00022991
-0.00028422
0.00135058
-0.00055943
0.00283274
-0.04371943
-0.00027976
-0.00183969
0.00002435
-0.00002100
-0.00183379
-0.00097604
-0.00308732
0.00047670
-0.00088190
-0.00065400
0.00119869
-0.00056574
0.00120298
0.00091914
0.00068804
0.00047494
-0.00157269
-0.00065054
0.00029861
0.00042606
0.00172894
-0.00040636
0.00029245
0.00038212
0.00284895
-0.00210258
-0.00008268
0.00028535
-0.00074280
0.00092996
0.00110092
0.00153306
-0.00081627
0.00076057
0.00019989
0.00222975
0.00043372
0.00142666
-0.00114199
0.00101308
0.00019581
-0.00067331
-0.00167540
0.00131598
0.00147259
-0.00056914
-0.00086459
-0.00072388
0.00201854
0.00218615
0.00086969
-0.00030103
-0.00029806
0.00193077
0.00175665
0.00118455
0.00087170
0.00135323
0.00046766
-0.00061114
0.00042830
0.00008606
0.00294795
-0.03324460
-0.00059842
-0.00106797
0.00021791
0.00049018
-0.00108391
0.00125218
-0.00208027
0.00154550
-0.00136744
0.00002513
0.00076519
-0.00104207
0.00119098
0.00138274
0.00080273
-0.00064469
-0.00211141
-0.00079136
0.00061216
-0.00050589
0.00120718
-0.00069028
0.00138102
0.00021682
0.00140815
-0.00136572
-0.00030479
-0.00118441
-0.00113513
-0.00013671
0.00065785
-0.00015916
-0.00088731
0.00117706
