-0.00121089
-0.00014629
0.00108328
0.00109492
-0.00266457
0.00251360
-0.00154005
0.00083639
-0.00031886
-0.00214313
0.00523211
-0.00111727
-0.00225374
-0.00173895
-0.00028142
-0.00141606
0.00170100
-0.00101774
-0.00188704
0.00200382
0.00059697
-0.00023214
-0.00221215
0.00092029
0.00044867
-0.00013561
0.00202290
0.00123713
0.00266414
0.00877305
-0.00258493
0.00134012
0.00413846
0.00097008
-0.00049024
0.00870968
0.00153930
0.00365457
-0.00520686
0.00135520
-0.00166927
-0.00152804
0.00148100
0.00112663
0.00280147
-0.00304048
-0.00305717
-0.00079540
-0.00209035
0.00142636
-0.00209644
-0.00070265
0.00142764
-0.00036995
-0.00356363
-0.00093578
0.00250787
-0.00068279
-0.00314164
-0.00122238
0.00051380
-0.00212585
-0.00026191
-0.00068051
0.00041866
0.00192845
0.00128063
0.00202005
0.00051456
0.00115053
-0.00072864
0.00023236
-0.00100470
0.00177837
0.00315556
0.00147540
-0.00410629
-0.00108526
0.00169832
0.00102345
-0.00038599
0.00020533
0.00046903
0.00240980
0.00193582
-0.00208294
0.00096523
0.00270189
0.00061299
-0.00197260
0.00105953
0.00127922
0.00169536
-0.03302955
0.00156618
-0.00032798
0.00223857
0.00028193
0.00075697
0.00536813
-0.00078797
0.00362753
-0.00375631
0.00293596
0.00152398
-0.00033881
0.00187278
0.00401924
0.00388483
-0.00052861
-0.00253414
0.00000189
0.00190708
-0.00006511
0.00027274
-0.00116604
0.00204549
0.00297529
-0.00109007
0.00022247
0.00200991
-0.00237236
-0.00229666
0.00018464
0.00173626
-0.00326860
0.00026215
-0.00020408
0.00021854
0.00177504
0.00028320
0.00150385
0.00079602
0.00055910
0.00090031
0.00022899
-0.00149128
0.00219396
0.00142408
0.00115465
-0.00172182
-0.00082758
0.00146362
0.00094156
0.00020433
0.00052422
0.00050353
0.00130278
0.00129681
-0.00093349
0.00119170
0.00259872
0.00097599
-0.00174879
0.00080982
0.00109065
0.00206244
-0.03440915
0.00018437
0.00008314
0.00172575
-0.00010911
0.00045628
0.00320365
-0.00169797
0.00127555
-0.00149358
0.00126688
0.00098047
0.00032860
0.00130365
0.00355084
0.00277580
-0.00027375
-0.00124686
-0.00079112
0.00146754
-0.00055274
-0.00015513
-0.00100607
0.00018608
0.00110646
-0.00074928
0.00051252
0.00084928
-0.00106648
-0.00122052
0.00042874
0.00199574
-0.00237515
0.00051117
-0.00015746
0.00079982
0.00333330
0.00052249
0.00253075
0.00146636
0.00068068
0.00152568
-0.00088851
-0.00141125
0.00142433
0.00111440
0.00072778
-0.00366167
0.00032971
0.00142322
0.00160333
0.00031509
0.00111759
0.00046789
0.00126182
0.00268894
-0.00015219
0.00122601
0.00270846
0.00057311
-0.00122556
0.00079807
0.00131812
0.00226050
-0.02886726
0.00029870
0.00017260
0.00050041
0.00079254
-0.00044194
0.00206865
-0.00251529
0.00215072
-0.00118670
0.00055579
0.00101811
0.00061679
0.00194853
0.00191414
0.00141217
0.00018446
-0.00176827
-0.00048998
0.00050323
-0.00040539
0.00155898
-0.00057577
-0.00063388
0.00080951
0.00043783
-0.00027855
0.00041056
-0.00177715
-0.00074904
0.00049296
0.00046974
-0.00112345
-0.00057316
-0.00072156
-0.00035050
0.00364735
0.00048832
0.00213224
-0.00006302
0.00058851
0.00083931
-0.00096096
-0.00237827
0.00147344
0.00151894
0.00005059
-0.00416259
-0.00019674
0.00076545
0.00288296
0.00109238
-0.00003035
0.00036960
0.00047016
0.00188080
0.00075548
0.00120695
0.00215735
0.00161539
-0.00085304
0.00004780
0.00058008
0.00279564
-0.02346483
0.00068159
-0.00072358
0.00052157
0.00056969
-0.00054708
0.00171278
-0.00314438
0.00167719
-0.00203766
0.00049441
0.00026646
-0.00030816
0.00227285
0.00185924
0.00147385
0.00058536
-0.00119665
-0.00021733
0.00044113
-0.00030036
0.00103156
-0.00091861
-0.00006515
0.00059279
0.00137689
-0.00146097
0.00103617
-0.00115074
-0.00064090
0.00003740
0.00076476
-0.00082580
0.00021698
-0.00008064
0.00023987
0.00300552
0.00034013
0.00240511
-0.00032958
0.00078456
0.00062586
-0.00130185
-0.00225906
0.00132268
0.00168510
-0.00033281
-0.00334614
-0.00001419
0.00232181
0.00239447
0.00068216
0.00011671
0.00036266
0.00128897
0.00273891
0.00115930
0.00108043
0.00210403
0.00138576
-0.00094801
0.00047331
0.00029016
0.00271313
-0.02842114
0.00099308
-0.00088638
-0.00056738
0.00078665
-0.00088815
0.00196040
-0.00379867
0.00173937
-0.00157846
-0.00004983
0.00071213
-0.00059706
0.00258444
0.00143225
0.00130629
0.00045038
-0.00130030
-0.00038189
0.00029963
-0.00026582
0.00202058
-0.00087883
0.00074852
0.00083119
0.00177331
-0.00092170
0.00058390
-0.00149600
-0.00088347
-0.00049758
0.00079370
-0.00048929
-0.00043736
0.00044696
0.00000275
0.00329091
0.00150694
0.00148993
-0.00038397
0.00116960
0.00060528
0.00007780
-0.00187261
0.00191498
0.00167996
-0.00046042
0.00289643
-0.00032108
0.00159012
0.00263190
0.00050975
0.00125965
0.00004417
0.00176323
0.00165549
0.00108736
0.00097103
0.00126757
0.00025296
-0.00029087
0.00133031
-0.00055359
0.00283571
-0.04354376
-0.00026191
-0.00183607
0.00001775
-0.00001554
-0.00182134
-0.00096002
-0.00310470
0.00047974
-0.00088824
-0.00064840
0.00118876
-0.00056654
0.00121864
0.00092858
0.00069312
0.00048461
-0.00155994
-0.00064543
0.00030314
0.00041356
0.00172774
-0.00041448
0.00029204
0.00038319
0.00284816
-0.00209757
-0.00007265
0.00027192
-0.00073601
0.00091566
0.00110167
0.00151207
-0.00080190
0.00075954
0.00019508
0.00222294
0.00043200
0.00142623
-0.00114995
0.00101549
0.00018999
-0.00067200
-0.00167350
0.00130673
0.00148139
-0.00057156
-0.00088624
-0.00072844
0.00201247
0.00217966
0.00087458
-0.00030854
-0.00030312
0.00193039
0.00175330
0.00118326
0.00086432
0.00135176
0.00047025
-0.00061021
0.00042794
0.00008938
0.00294864
-0.03311381
-0.00060336
-0.00106236
0.00022756
0.00049233
-0.00108093
0.00127352
-0.00207125
0.00155131
-0.00137860
0.00002980
0.00075726
-0.00104541
0.00119238
0.00138304
0.00080719
-0.00065096
-0.00211357
-0.00079118
0.00060656
-0.00050444
0.00119830
-0.00069175
0.00138462
0.00021450
0.00139595
-0.00136522
-0.00029778
-0.00118600
-0.00113927
-0.00014277
0.00065708
-0.00016719
-0.00088476
0.00117482
0.00042544
0.00170010
0.00029516
0.00121143
-0.00120537
0.00012081
0.00061130
-0.00055459
-0.00135509
0.00135377
0.00125405
-0.00061087
-0.00048127
-0.00048253
0.00166783
0.00246564
0.00055029
0.00007283
0.00002837
0.00154393
0.00188821
0.00101651
0.00076313
0.00122350
0.00071079
-0.00032969
-0.00017026
0.00035639
0.00250412
-0.03615279
0.00010151
-0.00102480
-0.00028340
0.00042442
-0.00060350
0.00122904
-0.00201433
0.00167957
-0.00131123
-0.00032349
0.00058213
-0.00115478
0.00146434
0.00045129
0.00079959
-0.00038838
-0.00209778
-0.00078363
0.00121892
-0.00088320
0.00121712
-0.00106964
0.00110592
0.00090516
0.00154388
-0.00127345
0.00000556
-0.00172562
-0.00065521
-0.00038264
0.00070126
0.00006374
-0.00077224
0.00113971
0.00027758
0.00115528
-0.00004221
0.00108353
-0.00130838
-0.00027198
0.00062063
-0.00021435
-0.00122890
0.00126537
0.00086414
-0.00006275
-0.00203666
-0.00097069
0.00145990
0.00244721
0.00046254
-0.00030361
0.00025643
0.00125788
0.00216551
0.00098060
0.00118000
0.00145757
0.00102617
-0.00032695
0.00003842
-0.00000448
0.00263333
-0.03506497
0.00014007
-0.00095392
-0.00034650
0.00065213
-0.00030628
0.00196518
-0.00160624
0.00156256
-0.00106552
0.00009459
0.00032320
-0.00109598
0.00111213
0.00057148
0.00123797
-0.00039577
-0.00152599
-0.00062216
0.00108248
-0.00070897
0.00181367
-0.00141134
0.00073155
0.00100975
0.00157229
-0.00135059
-0.00021733
-0.00192053
-0.00015552
-0.00012471
0.00071185
-0.00020788
-0.00116275
0.00126366
0.00103223
0.00118728
-0.00039092
0.00115121
-0.00102590
-0.00012779
0.00055860
-0.00043019
-0.00156211
0.00147965
0.00064748
-0.00028725
-0.00134087
-0.00123583
0.00150469
0.00242393
0.00030638
-0.00025171
0.00065996
0.00160535
0.00159201
0.00127308
0.00125032
0.00118421
0.00107963
-0.00011795
-0.00011605
-0.00012529
0.00230663
-0.03306429
0.00032045
-0.00116881
-0.00052963
0.00027447
-0.00042616
0.00192592
-0.00162735
0.00213432
-0.00113300
-0.00016358
0.00031133
-0.00123933
0.00098116
0.00094530
0.00124985
0.00000351
-0.00132520
-0.00097619
0.00080211
-0.00039195
0.00144264
-0.00102871
0.00036618
0.00059589
0.00139803
-0.00064434
-0.00035245
-0.00166033
0.00045110
-0.00033594
0.00114402
0.00020039
-0.00113447
0.00132877
0.00096527
0.00094370
-0.00066804
0.00116946
-0.00092227
-0.00008658
0.00042549
-0.00049682
-0.00136854
0.00134984
0.00076889
-0.00036853
-0.00130013
-0.00157959
0.00145955
0.00242049
0.00054252
-0.00014127
0.00075189
0.00119283
0.00155194
0.00124255
0.00144101
0.00121139
0.00112643
-0.00019334
-0.00042386
-0.00016584
0.00250328
-0.03250515
0.00038091
-0.00113962
-0.00088931
0.00035401
-0.00057953
0.00169246
-0.00144508
0.00215284
-0.00093750
-0.00020673
0.00040370
-0.00074318
0.00111896
0.00131061
0.00127774
0.00031069
-0.00124135
-0.00122741
0.00080289
-0.00019164
0.00130515
-0.00122170
0.00024046
0.00077537
0.00139992
-0.00051880
-0.00027631
-0.00145723
0.00059814
-0.00004869
0.00155279
0.00014809
-0.00087594
0.00111815
0.00051367
0.00062448
-0.00045220
0.00116835
-0.00051306
-0.00007688
0.00036274
-0.00054358
-0.00100726
0.00102315
0.00075650
-0.00023148
-0.00129104
-0.00135614
0.00164396
0.00243003
0.00073432
-0.00005382
0.00096345
0.00071285
0.00146961
0.00080237
0.00164441
0.00108226
0.00125834
-0.00024946
-0.00032024
-0.00024537
0.00235611
-0.03343574
0.00041037
-0.00097493
-0.00112399
0.00002212
-0.00031235
0.00195168
-0.00141092
0.00216003
-0.00078781
-0.00042200
0.00022303
-0.00096862
0.00123183
0.00126164
0.00136736
0.00010826
-0.00162353
-0.00143824
0.00064851
-0.00031879
0.00109867
-0.00116653
0.00021359
0.00099997
0.00170082
-0.00062320
-0.00017984
-0.00150142
0.00046870
-0.00009859
0.00138399
0.00001509
-0.00058107
0.00089940
0.00071177
0.00031665
-0.00036027
0.00107250
-0.00075868
0.00039806
0.00032371
-0.00075728
-0.00085963
0.00092316
0.00053704
-0.00006550
-0.00094129
-0.00121521
0.00152832
0.00223241
0.00118407
-0.00005015
0.00107705
0.00041985
0.00147140
0.00058783
0.00159004
0.00129646
0.00108281
-0.00033556
-0.00023443
-0.00018804
0.00221426
-0.03478599
0.00047095
-0.00101309
-0.00103172
-0.00027361
-0.00017788
0.00187598
-0.00133569
0.00213769
-0.00085420
-0.00019643
0.00031492
-0.00116841
0.00159108
0.00110934
0.00141282
0.00022480
-0.00149973
-0.00155311
0.00073683
-0.00030665
0.00087374
-0.00105113
0.00040266
0.00109766
0.00192494
-0.00076755
-0.00007162
-0.00143184
0.00037786
-0.00025135
0.00153095
-0.00006464
-0.00029460
0.00089241
0.00105918
0.00032426
-0.00070978
0.00142434
-0.00105981
0.00016799
0.00025846
-0.00068011
-0.00125715
0.00086911
0.00032901
-0.00016118
-0.00130000
-0.00096471
0.00153843
0.00217324
0.00089434
-0.00039535
0.00088278
0.00037348
0.00167037
0.00091040
0.00173711
0.00144243
0.00114027
-0.00053489
-0.00028531
-0.00069706
0.00247464
-0.03598517
0.00050624
-0.00097722
-0.00088615
-0.00037908
0.00008860
0.00173387
-0.00162788
0.00187351
-0.00062864
-0.00010243
0.00046193
-0.00106229
0.00174512
0.00141636
0.00145912
-0.00000611
-0.00131829
-0.00158005
0.00093287
0.00006911
0.00102942
-0.00112003
0.00074257
0.00127417
0.00212392
-0.00076010
-0.00031640
-0.00192251
0.00061448
-0.00037867
0.00114846
0.00005207
-0.00007765
0.00098789
0.00090728
0.00011491
-0.00055820
0.00128157
-0.00099003
0.00055384
-0.00008664
-0.00059821
-0.00096512
0.00083807
0.00060071
-0.00016626
-0.00062048
-0.00103907
0.00141660
0.00174394
0.00109031
-0.00047030
0.00065506
0.00043493
0.00148716
0.00077305
0.00137897
0.00138412
0.00089519
-0.00035425
-0.00020859
-0.00055507
0.00213519
-0.03519491
0.00065926
-0.00081395
-0.00091926
-0.00023673
0.00019943
0.00181910
-0.00131697
0.00172595
-0.00045556
0.00018242
0.00044935
-0.00116723
0.00146124
0.00145360
0.00150449
0.00031540
-0.00152600
-0.00141833
0.00090167
0.00018766
0.00093975
-0.00118519
0.00118928
0.00138033
0.00198750
-0.00077942
-0.00008014
-0.00149581
0.00050911
-0.00023677
0.00132144
0.00020154
-0.00021481
0.00077554
0.00092392
-0.00005617
-0.00060538
0.00117892
-0.00114362
0.00065751
0.00003752
-0.00080397
-0.00108251
0.00081656
0.00075291
-0.00042022
-0.00098161
-0.00126770
0.00153276
0.00166367
0.00099891
-0.00067987
0.00097502
0.00059159
0.00169416
0.00060712
0.00170529
0.00134106
0.00128764
-0.00042121
-0.00040557
-0.00062010
0.00251195
-0.03415135
0.00068398
-0.00044266
-0.00125306
-0.00008001
0.00029625
0.00193144
-0.00146447
0.00141112
-0.00042760
0.00006035
0.00058284
-0.00132689
0.00144050
0.00158056
0.00147571
0.00022879
-0.00170204
-0.00139217
0.00099150
0.00013764
0.00108985
-0.00111848
0.00111538
0.00144875
0.00209659
-0.00086158
-0.00019644
-0.00146734
0.00057917
-0.00017179
0.00146909
0.00003988
-0.00009101
0.00081420
0.00147503
0.00010376
0.00005464
0.00150173
-0.00094769
0.00074153
-0.00015266
-0.00036535
-0.00118246
0.00144910
0.00173110
-0.00031062
0.00402191
-0.00190961
0.00121768
0.00092511
0.00011919
-0.00017198
0.00039054
0.00135844
0.00194122
0.00043738
0.00152478
0.00094578
0.00038798
-0.00058168
-0.00005044
-0.00079485
0.00233165
-0.04487829
-0.00050543
-0.00072644
-0.00075548
0.00051192
-0.00031406
-0.00049992
-0.00101999
0.00049739
0.00036922
-0.00050794
0.00048889
-0.00122347
0.00026361
0.00117323
0.00140573
0.00020834
-0.00191862
-0.00151087
0.00095881
0.00108040
0.00151532
-0.00101719
0.00106188
0.00080351
0.00198275
-0.00136608
-0.00023294
0.00025817
0.00063254
0.00126094
0.00157462
0.00132252
-0.00069368
0.00088007
0.00094142
0.00021044
-0.00049365
0.00115559
-0.00081166
0.00080360
-0.00015755
-0.00075767
-0.00090325
0.00115790
0.00084742
-0.00029613
-0.00036955
-0.00137133
0.00148758
0.00154635
0.00067624
-0.00035196
0.00088686
0.00059496
0.00191246
0.00042943
0.00145608
0.00140447
0.00086234
-0.00035824
-0.00017647
-0.00075557
0.00253868
-0.03778492
0.00051264
-0.00072239
-0.00101436
-0.00020313
0.00013210
0.00140613
-0.00142891
0.00102776
-0.00006348
-0.00022461
0.00050630
-0.00099818
0.00111863
0.00145164
0.00135307
0.00009273
-0.00155478
-0.00141387
0.00089820
0.00007276
0.00107458
-0.00107291
0.00090755
0.00131637
0.00173799
-0.00083128
-0.00039981
-0.00124279
0.00059258
0.00011270
0.00147677
0.00039958
-0.00014956
0.00083393
0.00084438
0.00018362
-0.00044452
0.00103360
-0.00076485
0.00074679
-0.00029406
-0.00087961
-0.00067324
0.00098953
0.00064329
-0.00040390
-0.00070809
-0.00148061
0.00168466
0.00152120
0.00071449
-0.00055600
0.00104304
0.00046698
0.00197172
0.00028265
0.00137019
0.00122185
0.00117718
-0.00032359
-0.00013980
-0.00067223
0.00268523
-0.03563343
0.00060842
-0.00065969
-0.00091406
-0.00006332
0.00046991
0.00131664
-0.00140781
0.00112887
0.00000768
-0.00014179
0.00029911
-0.00088899
0.00107347
0.00141399
0.00134873
-0.00006510
-0.00150509
-0.00149841
0.00095230
-0.00009224
0.00080240
-0.00097053
0.00079215
0.00145873
0.00181896
-0.00093988
-0.00000707
-0.00124423
0.00041266
-0.00021331
0.00132538
0.00015930
-0.00013701
0.00070715
0.00098333
0.00012206
-0.00059657
0.00111114
-0.00081993
0.00099858
-0.00005366
-0.00073927
-0.00089126
0.00105626
0.00047653
-0.00054946
-0.00060216
-0.00160920
0.00160920
0.00136526
0.00065635
-0.00060645
0.00102610
0.00066491
0.00201152
0.00049508
0.00146047
0.00110131
0.00122446
-0.00054151
-0.00036558
-0.00055178
0.00277817
-0.03524209
0.00077254
-0.00065922
-0.00105015
0.00001329
0.00052750
0.00138474
-0.00143798
0.00095409
0.00018447
-0.00032395
0.00004613
-0.00055853
0.00086649
0.00127977
0.00132462
0.00012497
-0.00144606
-0.00169757
0.00092661
-0.00032211
0.00099112
-0.00092656
0.00090992
0.00145816
0.00189536
-0.00087507
-0.00010811
-0.00120145
0.00072544
-0.00026246
0.00116537
0.00014206
0.00003193
0.00070242
0.00103167
0.00007982
-0.00069160
0.00151236
-0.00114388
0.00091659
0.00011456
-0.00074723
-0.00068147
0.00091227
0.00034462
-0.00058906
-0.00102601
-0.00138725
0.00155797
0.00135844
0.00093806
-0.00054521
0.00092987
0.00053401
0.00220941
0.00028911
0.00158034
0.00123932
0.00161477
-0.00061444
-0.00082896
-0.00046680
0.00246924
-0.03344188
0.00076936
-0.00061841
-0.00100375
0.00032836
0.00057314
0.00100266
-0.00132549
0.00078349
0.00001895
-0.00058992
0.00014379
-0.00064997
0.00056390
0.00107615
0.00147702
0.00019482
-0.00154779
-0.00170731
0.00069827
-0.00042802
0.00102313
-0.00071201
0.00093990
0.00168861
0.00196522
-0.00099904
-0.00028236
-0.00121394
0.00065191
-0.00022868
0.00112684
0.00008133
0.00006374
0.00079525
0.00108492
0.00034085
-0.00042400
0.00129996
-0.00110580
0.00112714
0.00010600
-0.00033018
-0.00072272
0.00125854
0.00037221
-0.00067943
0.00057549
-0.00170933
0.00140873
0.00127818
0.00062768
-0.00032886
0.00079940
0.00099926
0.00210422
0.00039666
0.00152247
0.00098044
0.00129280
-0.00048189
-0.00053841
-0.00069089
0.00266515
-0.03710236
0.00042036
-0.00088483
-0.00080907
0.00037399
0.00027244
0.00013541
-0.00118162
0.00027079
0.00038438
-0.00076082
0.00018442
-0.00040911
-0.00012579
0.00097753
0.00127737
0.00023725
-0.00149327
-0.00171304
0.00064563
-0.00026925
0.00121207
-0.00055703
0.00078225
0.00143208
0.00210564
-0.00127556
-0.00054227
-0.00059913
0.00080545
0.00025371
0.00114277
0.00067444
-0.00024122
0.00091487
0.00120675
0.00022194
-0.00039642
0.00135054
-0.00119623
0.00096139
0.00019124
-0.00042365
-0.00056334
0.00075653
0.00062372
-0.00050034
0.00000207
-0.00145191
0.00128948
0.00124889
0.00095270
-0.00035202
0.00093199
0.00085251
0.00189483
0.00031207
0.00149981
0.00104155
0.00128171
-0.00048092
-0.00048949
-0.00068672
0.00249708
-0.03415227
0.00043660
-0.00071000
-0.00073217
0.00024451
0.00047165
0.00061439
-0.00110391
0.00053522
-0.00007847
-0.00077655
0.00021853
-0.00051172
0.00036058
0.00107607
0.00129314
0.00008810
-0.00153407
-0.00165038
0.00060494
-0.00017643
0.00113762
-0.00050660
0.00067662
0.00169649
0.00184860
-0.00114381
-0.00013514
-0.00088582
0.00045486
0.00009938
0.00098748
0.00033815
0.00008761
0.00070285
0.00117251
0.00008231
-0.00029663
0.00129419
-0.00102520
0.00091885
0.00032037
-0.00035382
-0.00045344
0.00066866
0.00047466
-0.00071967
-0.00017186
-0.00148528
0.00122951
0.00114772
0.00095460
-0.00044148
0.00115361
0.00042642
0.00180965
0.00015503
0.00144951
0.00090940
0.00132591
-0.00034373
-0.00081892
-0.00069607
0.00249480
-0.03465117
0.00035913
-0.00056108
-0.00081962
0.00020987
0.00039235
0.00032515
-0.00128582
0.00030471
0.00013703
-0.00102058
0.00021400
-0.00038407
0.00037909
0.00095187
0.00113953
0.00022194
-0.00129686
-0.00169779
0.00051908
-0.00010306
0.00121949
-0.00058384
0.00074201
0.00155638
0.00189486
-0.00128794
-0.00037608
-0.00083369
0.00067775
-0.00003447
0.00073652
0.00033674
0.00022360
0.00076380
0.00124307
0.00037332
-0.00011942
0.00112294
-0.00104226
0.00110521
0.00024013
-0.00001566
-0.00052555
0.00102932
0.00055871
-0.00063720
0.00131143
-0.00174881
0.00111054
0.00112352
0.00067558
-0.00019739
0.00092452
0.00102106
0.00175158
0.00031293
0.00142307
0.00077687
0.00097240
-0.00029379
-0.00037090
-0.00089762
0.00265598
-0.03791706
0.00007033
-0.00087096
-0.00058170
0.00024069
0.00017433
-0.00028523
-0.00103962
-0.00002619
0.00037452
-0.00101596
0.00026444
-0.00022349
-0.00022988
0.00095546
0.00104422
0.00017997
-0.00134970
-0.00167243
0.00053455
0.00001190
0.00134000
-0.00043021
0.00055465
0.00139458
0.00196136
-0.00143996
-0.00049785
-0.00033655
0.00070534
0.00048427
0.00088105
0.00085304
-0.00012019
0.00083122
0.00122989
0.00025509
-0.00002411
0.00126322
-0.00107402
0.00106648
0.00027343
-0.00003138
-0.00051087
0.00088531
0.00050421
-0.00067617
0.00087832
-0.00173947
0.00116127
0.00117228
0.00086523
-0.00017809
0.00083665
0.00085750
0.00193471
0.00013615
0.00150957
0.00076097
0.00112880
-0.00021110
-0.00036052
-0.00092329
0.00251792
-0.03847123
0.00022947
-0.00086448
-0.00074141
0.00023744
0.00032223
-0.00006777
-0.00125093
0.00006493
0.00025140
-0.00093883
0.00018392
-0.00033131
-0.00003248
0.00088225
0.00114890
0.00022970
-0.00129634
-0.00160992
0.00050410
0.00003419
0.00131991
-0.00046383
0.00049654
0.00146724
0.00196483
-0.00140155
-0.00047777
-0.00051383
0.00073178
0.00035547
0.00073927
0.00076074
-0.00006571
0.00074526
0.00121178
0.00026548
-0.00007224
0.00134840
-0.00103914
0.00110920
0.00030219
0.00012723
-0.00055059
0.00069276
0.00081836
-0.00078338
0.00032287
-0.00157460
0.00111990
0.00121073
0.00093927
-0.00023048
0.00085928
0.00064968
0.00180783
0.00027860
0.00130072
0.00052547
0.00097927
-0.00037751
-0.00048933
-0.00090623
0.00226955
-0.03759695
0.00001173
-0.00091024
-0.00056312
0.00011915
0.00027006
-0.00013242
-0.00104135
0.00026057
0.00002541
-0.00094128
0.00015246
-0.00036548
0.00027598
0.00070083
0.00118592
-0.00008901
-0.00133339
-0.00183994
0.00063198
0.00009363
0.00120441
-0.00040704
0.00068482
0.00141564
0.00173953
-0.00151155
-0.00013810
-0.00061027
0.00033559
0.00026269
0.00053555
0.00052913
0.00009344
0.00071546
0.00129655
0.00030728
-0.00031937
0.00132806
-0.00104312
0.00095934
0.00027629
-0.00006636
-0.00063048
0.00050915
0.00077789
-0.00101733
-0.00000859
-0.00173802
0.00095658
0.00125917
0.00105086
-0.00026201
0.00079157
0.00047383
0.00163628
0.00023796
0.00124063
0.00050492
0.00113507
-0.00031702
-0.00054151
-0.00092176
0.00236248
-0.03616728
0.00012550
-0.00093975
-0.00073364
0.00005595
0.00036205
0.00038812
-0.00100065
0.00028942
-0.00013338
-0.00097696
0.00025428
-0.00044515
0.00041343
0.00056477
0.00120107
0.00003021
-0.00125806
-0.00182370
0.00046456
0.00010966
0.00122124
-0.00060417
0.00048112
0.00144093
0.00165286
-0.00131109
-0.00016523
-0.00071363
0.00052819
0.00017344
0.00046926
0.00025692
0.00018979
0.00064621
0.00143281
0.00042757
-0.00050382
0.00140509
-0.00111093
0.00080390
0.00024829
-0.00016684
-0.00077088
0.00053088
0.00074830
-0.00097298
-0.00005322
-0.00191454
0.00096006
0.00134001
0.00086746
-0.00021523
0.00073010
0.00046815
0.00162735
0.00027198
0.00135313
0.00048795
0.00132759
-0.00037900
-0.00046390
-0.00107471
0.00241392
-0.03716178
0.00031962
-0.00101752
-0.00074102
0.00006832
0.00046927
0.00048948
-0.00105397
0.00007430
-0.00006966
-0.00088598
0.00033034
-0.00048244
0.00034075
0.00054717
0.00120516
0.00007910
-0.00123683
-0.00181733
0.00048884
-0.00000695
0.00127850
-0.00059558
0.00038159
0.00142458
0.00174221
-0.00127073
-0.00019955
-0.00076453
0.00072668
0.00015613
0.00048897
0.00028872
0.00015376
0.00055655
0.00137012
0.00053741
-0.00037489
0.00167447
-0.00106958
0.00078147
0.00008827
-0.00016255
-0.00079629
0.00057829
0.00069674
-0.00094208
0.00010512
-0.00175741
0.00086856
0.00131143
0.00087235
-0.00029167
0.00062811
0.00050720
0.00165281
0.00014367
0.00128265
0.00052023
0.00137292
-0.00051133
-0.00040747
-0.00098677
0.00228110
-0.03695366
0.00028972
-0.00096288
-0.00069575
-0.00002783
0.00046748
0.00049866
-0.00114104
0.00013814
-0.00030209
-0.00093873
0.00036021
-0.00063937
0.00052389
0.00061843
0.00142815
0.00006538
-0.00140645
-0.00175320
0.00048014
0.00012838
0.00122701
-0.00048992
0.00062284
0.00139727
0.00170109
-0.00120969
-0.00007610
-0.00088442
0.00071904
0.00019323
0.00051581
0.00019824
0.00017222
0.00070143
0.00133392
0.00044799
-0.00029550
0.00160550
-0.00103100
0.00067017
0.00018630
0.00000532
-0.00085148
0.00050672
0.00064091
-0.00097228
-0.00001890
-0.00176093
0.00090473
0.00130415
0.00097021
-0.00036888
0.00074820
0.00052706
0.00137872
0.00034673
0.00123886
0.00055800
0.00153294
-0.00071466
-0.00044805
-0.00115761
0.00221219
-0.03660003
0.00026731
-0.00083915
-0.00066006
-0.00004399
0.00042475
0.00030138
-0.00105498
0.00018392
-0.00025937
-0.00092636
0.00039578
-0.00069543
0.00045983
0.00071387
0.00138939
-0.00002498
-0.00149002
-0.00174777
0.00069579
0.00019941
0.00122132
-0.00055827
0.00078678
0.00121581
0.00172090
-0.00120622
0.00019186
-0.00090861
0.00077375
0.00017118
0.00058334
0.00013993
0.00003258
0.00065936
0.00139774
0.00034660
-0.00034555
0.00159410
-0.00102130
0.00059774
0.00013128
-0.00001765
-0.00081736
0.00036185
0.00072718
-0.00101887
-0.00026096
-0.00172392
0.00092586
0.00123753
0.00090850
-0.00050009
0.00066196
0.00040954
0.00116109
0.00037330
0.00117506
0.00059010
0.00159511
-0.00102139
-0.00053033
-0.00125562
0.00219398
-0.03589359
0.00016306
-0.00081395
-0.00080605
-0.00007065
0.00051256
0.00027811
-0.00106408
0.00006313
-0.00031901
-0.00083510
0.00031792
-0.00084270
0.00038809
0.00071104
0.00144249
-0.00012660
-0.00135757
-0.00174318
0.00070954
0.00010184
0.00131277
-0.00062185
0.00088760
0.00126330
0.00149790
-0.00107285
0.00017498
-0.00096953
0.00089277
0.00036021
0.00057349
0.00019893
0.00009032
0.00059237
0.00139654
0.00028012
-0.00052644
0.00159958
-0.00097877
0.00048154
0.00016646
-0.00002987
-0.00093995
0.00039824
0.00055498
-0.00107786
-0.00061561
-0.00179549
0.00092874
0.00128059
0.00094253
-0.00059815
0.00069754
0.00039707
0.00138579
0.00047823
0.00137286
0.00060820
0.00177384
-0.00104648
-0.00054897
-0.00137833
0.00216682
-0.03576924
0.00024136
-0.00082072
-0.00098762
-0.00004280
0.00068759
0.00021983
-0.00118663
0.00003413
-0.00011059
-0.00081974
0.00021259
-0.00083849
0.00041820
0.00043253
0.00131803
-0.00010940
-0.00137807
-0.00172467
0.00076741
0.00003977
0.00127603
-0.00068362
0.00068171
0.00129343
0.00147001
-0.00107649
0.00015994
-0.00092615
0.00096406
0.00020077
0.00053618
0.00015965
0.00013165
0.00057178
0.00136923
0.00034462
-0.00035414
0.00153759
-0.00095898
0.00050569
0.00007063
-0.00000620
-0.00095658
0.00050768
0.00054825
-0.00107601
0.00006416
-0.00170060
0.00098252
0.00124589
0.00079522
-0.00041830
0.00063842
0.00047960
0.00142733
0.00048464
0.00134137
0.00068730
0.00163228
-0.00104466
-0.00032173
-0.00140829
0.00211326
-0.03743766
0.00015113
-0.00086748
-0.00087679
-0.00010770
0.00062175
0.00000355
-0.00121002
-0.00015365
-0.00001475
-0.00084575
0.00026792
-0.00084599
0.00037361
0.00044639
0.00132315
-0.00018271
-0.00137146
-0.00168757
0.00075110
0.00008726
0.00128556
-0.00067740
0.00056107
0.00122096
0.00148900
-0.00112875
0.00012844
-0.00078978
0.00087225
0.00026329
0.00053039
0.00036443
0.00003541
0.00059033
0.00137632
0.00011096
-0.00031635
0.00159265
-0.00088642
0.00051089
0.00001481
-0.00001404
-0.00105762
0.00059760
0.00060285
-0.00099977
-0.00037295
-0.00170587
0.00101954
0.00128552
0.00083884
-0.00041447
0.00083351
0.00033290
0.00146756
0.00046156
0.00130905
0.00070439
0.00167935
-0.00102529
-0.00043864
-0.00134416
0.00204851
-0.03628657
0.00012942
-0.00081994
-0.00085917
-0.00012952
0.00059423
-0.00015049
-0.00115713
-0.00018721
0.00008422
-0.00083283
0.00006564
-0.00092766
0.00045811
0.00047953
0.00134078
-0.00028086
-0.00130801
-0.00158886
0.00085263
-0.00001336
0.00139672
-0.00063738
0.00054287
0.00117196
0.00147847
-0.00112116
0.00007797
-0.00090184
0.00077638
0.00019128
0.00057289
0.00024279
0.00007081
0.00054620
0.00148088
0.00034234
-0.00022700
0.00171854
-0.00079379
0.00041662
0.00009004
-0.00002332
-0.00114289
0.00071496
0.00048805
-0.00096595
-0.00041738
-0.00175415
0.00086573
0.00126273
0.00074962
-0.00045889
0.00080356
0.00042130
0.00153193
0.00062444
0.00125593
0.00060742
0.00156778
-0.00097043
-0.00048189
-0.00145206
0.00219832
-0.03609701
0.00008774
-0.00081490
-0.00081082
-0.00018458
0.00068739
0.00003437
-0.00108801
-0.00022755
0.00010556
-0.00083251
0.00025170
-0.00092190
0.00043747
0.00044179
0.00129033
-0.00010656
-0.00129823
-0.00144182
0.00094818
0.00001932
0.00146460
-0.00059284
0.00039928
0.00117164
0.00149103
-0.00122566
0.00000066
-0.00086224
0.00079054
0.00013836
0.00059400
0.00012370
0.00000772
0.00044375
0.00156289
0.00042214
-0.00021560
0.00169596
-0.00069703
0.00041443
0.00011605
-0.00009495
-0.00123291
0.00076825
0.00030463
-0.00091530
-0.00056744
-0.00173498
0.00087446
0.00126826
0.00069408
-0.00052605
0.00071621
0.00046174
0.00158568
0.00068427
0.00127265
0.00063064
0.00158311
-0.00095623
-0.00052810
-0.00155910
0.00219290
-0.03636526
0.00022373
-0.00074315
-0.00087930
-0.00025742
0.00088540
0.00024428
-0.00121061
-0.00036914
0.00018257
-0.00087928
0.00029144
-0.00083459
0.00045643
0.00034980
0.00127406
0.00000547
-0.00123912
-0.00136057
0.00096358
-0.00004544
0.00155343
-0.00055921
0.00030795
0.00128451
0.00149665
-0.00126820
-0.00008010
-0.00092262
0.00088252
0.00013882
0.00057445
-0.00000052
0.00003782
0.00040411
0.00170765
0.00042002
-0.00012586
0.00170566
-0.00075478
0.00042620
0.00014019
-0.00008715
-0.00101056
0.00075630
0.00036734
-0.00096099
-0.00048675
-0.00165149
0.00106684
0.00127974
0.00072147
-0.00050278
0.00070302
0.00036930
0.00155318
0.00062758
0.00130899
0.00053092
0.00148920
-0.00081559
-0.00045791
-0.00144077
0.00219175
-0.03624288
0.00026376
-0.00082816
-0.00081591
-0.00021944
0.00079475
0.00046787
-0.00131471
-0.00026884
0.00001351
-0.00090771
0.00034420
-0.00072172
0.00058050
0.00028737
0.00136097
-0.00013838
-0.00125246
-0.00149241
0.00096824
-0.00001999
0.00150700
-0.00048290
0.00047148
0.00122176
0.00151975
-0.00142956
-0.00015085
-0.00101922
0.00082891
0.00013369
0.00061902
0.00009164
0.00013670
0.00045112
0.00223119
0.00068104
0.00017632
0.00199421
-0.00064772
0.00033312
0.00006498
0.00000017
-0.00097342
0.00108312
0.00060802
-0.00088370
0.00185167
-0.00184597
0.00101826
0.00094112
0.00020947
-0.00023079
0.00023731
0.00071486
0.00184119
0.00067913
0.00122370
0.00030893
0.00093767
-0.00088697
-0.00014243
-0.00152103
0.00217775
-0.04146377
-0.00013413
-0.00113085
-0.00051736
-0.00002237
0.00073358
-0.00009643
-0.00117432
-0.00059533
0.00028364
-0.00119752
0.00036319
-0.00048692
0.00021279
-0.00018258
0.00142058
-0.00021038
-0.00132371
-0.00162579
0.00100490
0.00031092
0.00166114
-0.00040760
0.00033053
0.00102505
0.00142796
-0.00174547
-0.00018864
-0.00042401
0.00085339
0.00063625
0.00061093
0.00059643
-0.00004777
0.00039681
0.00180842
0.00052049
0.00005945
0.00165816
-0.00064773
0.00048483
0.00008545
0.00000550
-0.00096220
0.00084547
0.00046761
-0.00081118
0.00062768
-0.00166297
0.00095722
0.00119671
0.00056935
-0.00020192
0.00059851
0.00055991
0.00162503
0.00048308
0.00124218
0.00060392
0.00119035
-0.00074485
-0.00021325
-0.00141498
0.00213124
-0.03882921
0.00011963
-0.00091231
-0.00057876
-0.00019278
0.00051272
0.00016423
-0.00131554
-0.00026549
0.00007395
-0.00094209
0.00039428
-0.00065199
0.00053008
0.00023549
0.00132511
-0.00022460
-0.00124992
-0.00144783
0.00095857
0.00009890
0.00147009
-0.00044835
0.00041684
0.00111414
0.00142003
-0.00144712
-0.00022577
-0.00081702
0.00075450
0.00033621
0.00060228
0.00029649
-0.00000078
0.00047211
0.00168530
0.00053370
-0.00006211
0.00160875
-0.00054197
0.00036612
-0.00001077
-0.00003002
-0.00100196
0.00081845
0.00036854
-0.00090560
-0.00004318
-0.00168268
0.00092189
0.00113637
0.00056209
-0.00033584
0.00065970
0.00039500
0.00153504
0.00057314
0.00138476
0.00062306
0.00136248
-0.00078534
-0.00045252
-0.00146315
0.00213361
-0.03719646
0.00031334
-0.00075868
-0.00062255
-0.00016030
0.00056555
0.00025575
-0.00128314
-0.00033178
0.00019058
-0.00099154
0.00027882
-0.00075488
0.00042578
0.00028008
0.00127683
-0.00019458
-0.00129614
-0.00134250
0.00103294
0.00003633
0.00147391
-0.00048114
0.00052474
0.00111047
0.00129395
-0.00128387
-0.00024041
-0.00110739
0.00089770
0.00029392
0.00052148
0.00014481
-0.00009818
0.00047406
0.00167465
0.00052981
-0.00015558
0.00143480
-0.00054870
0.00043589
-0.00002975
-0.00005981
-0.00107222
0.00093029
0.00042468
-0.00083386
-0.00022535
-0.00172572
0.00100993
0.00120702
0.00052551
-0.00040258
0.00062280
0.00043144
0.00152073
0.00056736
0.00133758
0.00063501
0.00141597
-0.00087864
-0.00043632
-0.00146733
0.00215222
-0.03630291
0.00031263
-0.00082336
-0.00049181
-0.00015624
0.00060465
0.00016063
-0.00133949
-0.00034213
0.00030919
-0.00098156
0.00028003
-0.00079787
0.00030798
0.00034768
0.00110790
-0.00038731
-0.00139551
-0.00140417
0.00111717
0.00007710
0.00164812
-0.00056425
0.00042800
0.00103921
0.00129878
-0.00120693
-0.00024599
-0.00107008
0.00083190
0.00035054
0.00033969
0.00010919
-0.00011984
0.00046714
0.00166011
0.00055168
-0.00027959
0.00147955
-0.00047589
0.00044142
-0.00003650
-0.00012932
-0.00121908
0.00088553
0.00031966
-0.00094601
-0.00067941
-0.00174165
0.00088204
0.00134044
0.00060254
-0.00042746
0.00079127
0.00037555
0.00152529
0.00058659
0.00130961
0.00070599
0.00157424
-0.00090716
-0.00041909
-0.00156280
0.00209547
-0.03609063
0.00031134
-0.00085916
-0.00050611
-0.00015364
0.00075661
-0.00001304
-0.00145414
-0.00030299
0.00031958
-0.00096356
0.00045862
-0.00081046
0.00036472
0.00023939
0.00125607
-0.00028539
-0.00129558
-0.00146206
0.00109642
0.00012630
0.00175829
-0.00060814
0.00035347
0.00101324
0.00135067
-0.00116858
-0.00023296
-0.00108439
0.00094175
0.00037852
0.00030648
0.00007923
-0.00013097
0.00030190
0.00163476
0.00061553
-0.00012063
0.00141337
-0.00049539
0.00039001
-0.00016082
-0.00004966
-0.00122389
0.00091131
0.00049393
-0.00098235
-0.00027372
-0.00174658
0.00102534
0.00126343
0.00050530
-0.00033299
0.00071767
0.00041561
0.00153038
0.00066553
0.00128661
0.00068223
0.00145640
-0.00081652
-0.00018811
-0.00149737
0.00208922
-0.03656395
0.00020932
-0.00096517
-0.00040708
-0.00018546
0.00068688
-0.00024620
-0.00140196
-0.00028363
0.00024699
-0.00090341
0.00043027
-0.00095325
0.00029488
0.00023585
0.00127866
-0.00031366
-0.00137681
-0.00143112
0.00103055
0.00013573
0.00158259
-0.00059748
0.00034632
0.00102397
0.00138575
-0.00111326
-0.00024392
-0.00092185
0.00098061
0.00035737
0.00034996
0.00018702
-0.00009260
0.00027626
0.00155804
0.00051098
-0.00011909
0.00142177
-0.00044074
0.00046290
-0.00016473
-0.00007930
-0.00130760
0.00091898
0.00050098
-0.00097406
-0.00059026
-0.00174192
0.00103907
0.00123108
0.00065774
-0.00050892
0.00073204
0.00033936
0.00155053
0.00067186
0.00132436
0.00070233
0.00142555
-0.00092590
-0.00015654
-0.00165694
0.00202625
-0.03557602
0.00021874
-0.00087341
-0.00043180
-0.00018883
0.00080342
-0.00018945
-0.00130075
-0.00018631
0.00015348
-0.00096008
0.00048291
-0.00102420
0.00030792
0.00027187
0.00130777
-0.00038061
-0.00129287
-0.00129222
0.00093318
0.00016270
0.00158311
-0.00063077
0.00032111
0.00102860
0.00135675
-0.00104655
-0.00019086
-0.00091357
0.00095859
0.00032130
0.00029721
0.00007639
-0.00016012
0.00033392
0.00165369
0.00058032
-0.00018543
0.00148892
-0.00044837
0.00034099
-0.00017523
-0.00012856
-0.00139461
0.00092111
0.00048296
-0.00094464
-0.00066603
-0.00180170
0.00105263
0.00124885
0.00054227
-0.00049359
0.00068800
0.00029060
0.00154247
0.00069335
0.00138855
0.00069983
0.00153920
-0.00100591
-0.00009545
-0.00177613
0.00201767
-0.03600060
0.00033046
-0.00088360
-0.00039552
-0.00019510
0.00089516
-0.00011621
-0.00135045
-0.00032958
0.00016679
-0.00091972
0.00055642
-0.00106988
0.00029623
0.00022463
0.00131924
-0.00039816
-0.00128077
-0.00125691
0.00096172
0.00009847
0.00161833
-0.00061974
0.00027015
0.00100401
0.00137642
-0.00103146
-0.00020312
-0.00096894
0.00106571
0.00029097
0.00027147
0.00006514
-0.00017663
0.00025857
0.00158779
0.00060574
-0.00009922
0.00145042
-0.00041500
0.00037574
-0.00008715
-0.00004929
-0.00134845
0.00097516
0.00051081
-0.00087101
-0.00010705
-0.00174860
0.00105646
0.00121347
0.00052276
-0.00032802
0.00063948
0.00037401
0.00150869
0.00062463
0.00135599
0.00071782
0.00141583
-0.00094355
0.00001060
-0.00166144
0.00202625
-0.03719506
0.00018278
-0.00088479
-0.00030514
-0.00023264
0.00077827
-0.00018497
-0.00136834
-0.00033760
0.00020072
-0.00092921
0.00055619
-0.00099026
0.00028013
0.00028544
0.00129984
-0.00037714
-0.00129987
-0.00131075
0.00092575
0.00012968
0.00150339
-0.00059300
0.00020769
0.00093854
0.00137623
-0.00103131
-0.00023405
-0.00082679
0.00097197
0.00035222
0.00035416
0.00015459
-0.00017217
0.00026452
0.00150089
0.00051958
-0.00021015
0.00140663
-0.00037593
0.00039651
-0.00007350
-0.00008140
-0.00126837
0.00077738
0.00052969
-0.00095802
-0.00054986
-0.00169879
0.00105811
0.00127266
0.00066222
-0.00053690
0.00076045
0.00023765
0.00145805
0.00056656
0.00139355
0.00066739
0.00159127
-0.00095208
-0.00004794
-0.00147470
0.00203768
-0.03610163
0.00023563
-0.00080916
-0.00029748
-0.00032680
0.00080474
-0.00009950
-0.00128636
-0.00034283
0.00022485
-0.00085585
0.00048267
-0.00108726
0.00033454
0.00027650
0.00136611
-0.00043027
-0.00133488
-0.00137117
0.00087955
0.00020238
0.00146896
-0.00061964
0.00019857
0.00104739
0.00140708
-0.00104086
-0.00025835
-0.00093089
0.00093801
0.00036907
0.00035537
0.00009686
-0.00009809
0.00024494
0.00147026
0.00050418
-0.00017519
0.00138288
-0.00035237
0.00044533
-0.00014399
-0.00002316
-0.00118575
0.00081983
0.00061129
-0.00094777
0.00002174
-0.00170597
0.00103130
0.00125939
0.00051759
-0.00039122
0.00069588
0.00029718
0.00148244
0.00052786
0.00130424
0.00069705
0.00144209
-0.00098570
0.00009461
-0.00143933
0.00197752
-0.03719457
0.00018909
-0.00078076
-0.00017285
-0.00032195
0.00067113
-0.00022831
-0.00125335
-0.00041092
0.00022059
-0.00086907
0.00042998
-0.00103054
0.00032487
0.00030299
0.00128181
-0.00042743
-0.00134215
-0.00132364
0.00091082
0.00021105
0.00145802
-0.00060328
0.00007136
0.00102451
0.00138010
-0.00112003
-0.00025189
-0.00085551
0.00083623
0.00043593
0.00041893
0.00021788
-0.00011364
0.00024978
0.00142135
0.00036421
-0.00030897
0.00138181
-0.00039889
0.00031462
-0.00009738
-0.00022520
-0.00109881
0.00080686
0.00044932
-0.00109547
-0.00042010
-0.00173242
0.00105009
0.00124357
0.00054936
-0.00055052
0.00077493
0.00010203
0.00147591
0.00054287
0.00134023
0.00066783
0.00159295
-0.00108015
-0.00009270
-0.00151057
0.00204378
-0.03575024
0.00024798
-0.00063737
-0.00032465
-0.00030364
0.00071640
-0.00016048
-0.00134123
-0.00044307
0.00031103
-0.00086587
0.00047575
-0.00111772
0.00043526
0.00024727
0.00130965
-0.00038680
-0.00126604
-0.00133268
0.00091126
0.00016556
0.00151562
-0.00070443
0.00012286
0.00115644
0.00134338
-0.00106029
-0.00021858
-0.00091791
0.00086367
0.00038647
0.00037864
0.00004380
-0.00008364
0.00027386
0.00148823
0.00033258
-0.00027697
0.00135966
-0.00037027
0.00028067
-0.00015095
-0.00023396
-0.00111143
0.00087831
0.00048705
-0.00105413
-0.00039274
-0.00166471
0.00101735
0.00121956
0.00039047
-0.00049873
0.00071999
0.00011878
0.00139692
0.00052502
0.00129546
0.00071579
0.00150063
-0.00105558
0.00002292
-0.00156908
0.00200022
-0.03635279
0.00026605
-0.00069236
-0.00030516
-0.00039797
0.00071923
-0.00019245
-0.00137207
-0.00044353
0.00032420
-0.00085912
0.00054442
-0.00117003
0.00034990
0.00022458
0.00132338
-0.00037830
-0.00130316
-0.00134782
0.00094669
0.00018223
0.00156519
-0.00064961
0.00009822
0.00113896
0.00137043
-0.00109383
-0.00023870
-0.00083810
0.00079918
0.00046346
0.00036480
0.00018960
-0.00010036
0.00015586
0.00145758
0.00028593
-0.00033417
0.00137071
-0.00039096
0.00030599
-0.00010419
-0.00020981
-0.00117428
0.00091508
0.00045210
-0.00102289
-0.00054639
-0.00162882
0.00110349
0.00118176
0.00036481
-0.00047192
0.00072731
0.00003904
0.00135640
0.00061283
0.00133286
0.00075745
0.00150453
-0.00098751
-0.00002777
-0.00152852
0.00197598
-0.03659872
0.00028548
-0.00070362
-0.00028215
-0.00044325
0.00083065
-0.00003892
-0.00144051
-0.00031091
0.00033424
-0.00082404
0.00058454
-0.00117906
0.00034839
0.00016322
0.00137460
-0.00036449
-0.00130107
-0.00133290
0.00094409
0.00016134
0.00160654
-0.00057947
0.00017104
0.00115119
0.00136018
-0.00103405
-0.00016648
-0.00086501
0.00082895
0.00036273
0.00036160
0.00015765
-0.00009697
0.00010202
0.00147076
0.00033008
-0.00032446
0.00134055
-0.00042367
0.00026822
-0.00015490
-0.00015317
-0.00108895
0.00096685
0.00034692
-0.00107394
-0.00082260
-0.00161554
0.00108391
0.00121685
0.00027609
-0.00049788
0.00072277
0.00000430
0.00130767
0.00062323
0.00129494
0.00075688
0.00154981
-0.00107768
-0.00000199
-0.00142353
0.00205141
-0.03653931
0.00038227
-0.00076144
-0.00027233
-0.00043819
0.00077851
-0.00004321
-0.00136163
-0.00034088
0.00032947
-0.00076034
0.00058832
-0.00112552
0.00040807
0.00024282
0.00139448
-0.00028480
-0.00119595
-0.00142584
0.00094309
0.00018140
0.00159524
-0.00048768
0.00014901
0.00120078
0.00133802
-0.00109591
-0.00005871
-0.00089562
0.00078547
0.00031103
0.00034312
0.00013271
-0.00006228
0.00017654
0.00150269
0.00027681
-0.00046509
0.00137082
-0.00043855
0.00026567
-0.00019110
-0.00019345
-0.00113870
0.00092684
0.00034265
-0.00103388
-0.00093156
-0.00155372
0.00101175
0.00115321
0.00037401
-0.00053787
0.00075330
-0.00014262
0.00135617
0.00066387
0.00134635
0.00076980
0.00163795
-0.00100758
-0.00002810
-0.00147749
0.00209062
-0.03576082
0.00042227
-0.00068601
-0.00028236
-0.00044027
0.00081851
0.00000610
-0.00140987
-0.00024457
0.00034281
-0.00076472
0.00056388
-0.00117721
0.00043573
0.00015771
0.00142229
-0.00033685
-0.00126127
-0.00139753
0.00101642
0.00014020
0.00160831
-0.00056039
0.00009820
0.00123994
0.00139075
-0.00114052
-0.00001645
-0.00086061
0.00078674
0.00019957
0.00022224
0.00016711
0.00001320
0.00017397
0.00168169
0.00041061
-0.00040612
0.00131884
-0.00027873
0.00031478
-0.00028834
-0.00009674
-0.00126281
0.00101213
0.00035083
-0.00109505
-0.00033229
-0.00164168
0.00093328
0.00107103
0.00037237
-0.00055888
0.00068814
-0.00005933
0.00136366
0.00076652
0.00136608
0.00065758
0.00154274
-0.00105127
0.00021023
-0.00179269
0.00209361
-0.03619422
0.00031489
-0.00072735
-0.00014964
-0.00049551
0.00087700
-0.00029970
-0.00137262
-0.00050410
0.00043876
-0.00089131
0.00069009
-0.00121262
0.00022700
-0.00003499
0.00136296
-0.00050880
-0.00130987
-0.00127797
0.00110832
0.00022291
0.00169968
-0.00060104
-0.00009622
0.00112163
0.00141224
-0.00121371
-0.00018640
-0.00068199
0.00092505
0.00039287
0.00013699
0.00030857
-0.00006005
0.00013937
0.00149500
0.00029744
-0.00045918
0.00143539
-0.00040759
0.00024702
-0.00019249
-0.00020173
-0.00116412
0.00085370
0.00040542
-0.00104072
-0.00081214
-0.00155288
0.00103017
0.00117507
0.00044530
-0.00052436
0.00076444
-0.00013261
0.00136791
0.00075609
0.00137372
0.00079054
0.00162181
-0.00097582
-0.00001423
-0.00158845
0.00208738
-0.03604059
0.00037315
-0.00066527
-0.00023240
-0.00043794
0.00074307
0.00009254
-0.00137302
-0.00023122
0.00033114
-0.00085884
0.00057516
-0.00112359
0.00042973
0.00014297
0.00139769
-0.00035099
-0.00127437
-0.00149812
0.00104851
0.00013620
0.00166943
-0.00055456
0.00019366
0.00121495
0.00144518
-0.00125412
-0.00007279
-0.00083507
0.00073141
0.00027468
0.00032391
0.00027761
-0.00008624
0.00020741
0.00147293
0.00026598
-0.00047445
0.00143705
-0.00039961
0.00028071
-0.00020619
-0.00021911
-0.00127971
0.00090592
0.00041016
-0.00104645
-0.00084902
-0.00146529
0.00107589
0.00123095
0.00041857
-0.00050099
0.00078409
-0.00012634
0.00137534
0.00078452
0.00137357
0.00084621
0.00161605
-0.00100410
0.00001027
-0.00165778
0.00199320
-0.03626849
0.00036451
-0.00065470
-0.00014895
-0.00045284
0.00075563
0.00010548
-0.00144319
-0.00026784
0.00030200
-0.00087122
0.00060207
-0.00105592
0.00041478
0.00013016
0.00146938
-0.00031723
-0.00121307
-0.00151489
0.00106083
0.00010434
0.00164896
-0.00051883
0.00014519
0.00117896
0.00136623
-0.00131510
-0.00012828
-0.00085715
0.00077274
0.00035382
0.00027290
0.00029534
-0.00013350
0.00015693
0.00145173
0.00013689
-0.00040589
0.00145217
-0.00043675
0.00035824
-0.00013450
-0.00017991
-0.00116964
0.00089275
0.00045296
-0.00096416
-0.00053948
-0.00145480
0.00093011
0.00130151
0.00052205
-0.00042095
0.00067242
-0.00005622
0.00136657
0.00078881
0.00129733
0.00081398
0.00148779
-0.00104935
0.00007627
-0.00165917
0.00197324
-0.03685575
0.00028071
-0.00071228
-0.00014204
-0.00037770
0.00074538
-0.00012550
-0.00134664
-0.00019539
0.00023481
-0.00079777
0.00060787
-0.00104428
0.00035699
0.00017947
0.00153519
-0.00030651
-0.00124846
-0.00150279
0.00106554
0.00020250
0.00165749
-0.00053478
0.00017062
0.00122436
0.00138198
-0.00132565
-0.00008358
-0.00084026
0.00070278
0.00034272
0.00031635
0.00032563
-0.00012972
0.00017598
0.00152918
0.00021560
-0.00038819
0.00143182
-0.00027701
0.00040078
-0.00017340
-0.00015149
-0.00133474
0.00097978
0.00047466
-0.00099951
-0.00031352
-0.00149854
0.00084684
0.00134855
0.00056852
-0.00042572
0.00061476
-0.00000256
0.00136752
0.00096813
0.00130050
0.00078533
0.00143329
-0.00112663
0.00028242
-0.00197277
0.00194767
-0.03685602
0.00021870
-0.00073450
0.00000565
-0.00037616
0.00080233
-0.00032470
-0.00130557
-0.00039795
0.00027089
-0.00089811
0.00073699
-0.00102450
0.00014859
0.00006864
0.00154466
-0.00039896
-0.00122652
-0.00140730
0.00114659
0.00023696
0.00181237
-0.00055824
-0.00002295
0.00111412
0.00135833
-0.00141019
-0.00022975
-0.00074568
0.00079692
0.00053488
0.00029045
0.00042384
-0.00028392
0.00010554
0.00141845
0.00014125
-0.00033957
0.00150303
-0.00046310
0.00038307
-0.00009236
-0.00007972
-0.00113443
0.00089225
0.00049085
-0.00092335
-0.00036583
-0.00139790
0.00095221
0.00134869
0.00048607
-0.00038264
0.00067692
-0.00000809
0.00137424
0.00087139
0.00119738
0.00080602
0.00141937
-0.00107536
0.00008049
-0.00168975
0.00195470
-0.03711977
0.00023671
-0.00064312
-0.00010692
-0.00032581
0.00068046
-0.00033147
-0.00136124
-0.00015902
0.00024520
-0.00080558
0.00065412
-0.00097714
0.00040459
0.00025639
0.00140782
-0.00025065
-0.00127595
-0.00149964
0.00110139
0.00014333
0.00156607
-0.00048344
0.00023705
0.00132056
0.00141582
-0.00133366
-0.00009186
-0.00082421
0.00061279
0.00038323
0.00037142
0.00033337
-0.00013662
0.00024108
0.00148714
0.00024216
-0.00026721
0.00149542
-0.00032593
0.00044277
-0.00013127
0.00000044
-0.00125274
0.00096485
0.00054046
-0.00095936
0.00005610
-0.00141556
0.00090589
0.00139120
0.00050579
-0.00037221
0.00059535
0.00007278
0.00135774
0.00106089
0.00115074
0.00073888
0.00130770
-0.00114736
0.00032738
-0.00199065
0.00193712
-0.03744329
0.00014198
-0.00066608
0.00007522
-0.00033890
0.00069002
-0.00057950
-0.00132473
-0.00032663
0.00025217
-0.00092144
0.00081083
-0.00094648
0.00023134
0.00013653
0.00137313
-0.00034454
-0.00129084
-0.00143026
0.00116956
0.00016639
0.00166096
-0.00047094
0.00011600
0.00125266
0.00144130
-0.00144224
-0.00024187
-0.00070434
0.00066052
0.00058549
0.00036404
0.00045861
-0.00027443
0.00021513
0.00146425
0.00016500
-0.00024258
0.00152375
-0.00040756
0.00042412
-0.00011187
0.00001481
-0.00119396
0.00091685
0.00049393
-0.00095520
-0.00012859
-0.00145617
0.00091996
0.00138236
0.00054273
-0.00034865
0.00057027
0.00003890
0.00144308
0.00091366
0.00121472
0.00073692
0.00138248
-0.00107096
0.00027305
-0.00189910
0.00190533
-0.03799910
0.00021516
-0.00069851
-0.00004747
-0.00032314
0.00072853
-0.00048675
-0.00139141
-0.00027367
0.00024545
-0.00084549
0.00068099
-0.00097738
0.00028560
0.00014605
0.00141885
-0.00029626
-0.00125022
-0.00143329
0.00113062
0.00017224
0.00163113
-0.00047397
0.00011149
0.00129219
0.00143001
-0.00139952
-0.00018725
-0.00076508
0.00067132
0.00051487
0.00030709
0.00044517
-0.00023280
0.00020539
0.00137106
0.00018045
-0.00013316
0.00151666
-0.00046785
0.00039175
-0.00014457
0.00011547
-0.00107413
0.00092250
0.00052507
-0.00096482
-0.00002550
-0.00141641
0.00092045
0.00133980
0.00055588
-0.00023187
0.00065978
0.00009634
0.00132966
0.00089167
0.00113758
0.00077279
0.00129437
-0.00095465
0.00031358
-0.00171516
0.00193348
-0.03827482
0.00018033
-0.00071850
-0.00012305
-0.00033138
0.00059895
-0.00044732
-0.00146141
-0.00011799
0.00016411
-0.00078405
0.00071192
-0.00098929
0.00025966
0.00027454
0.00138162
-0.00023926
-0.00126679
-0.00139669
0.00112357
0.00023111
0.00150040
-0.00044904
0.00011321
0.00132084
0.00141548
-0.00143087
-0.00016160
-0.00076998
0.00067608
0.00041156
0.00046068
0.00032946
-0.00023553
0.00018904
