-0.00121089
-0.00014629
0.00108328
0.00109492
-0.00266457
0.00251360
-0.00154005
0.00083639
-0.00031886
-0.00214313
0.00523211
-0.00111727
-0.00225374
-0.00173895
-0.00028142
-0.00141606
0.00170100
-0.00101774
-0.00188704
0.00200382
0.00059697
-0.00023214
-0.00221215
0.00092029
0.00044867
-0.00013561
0.00202290
0.00123713
0.00266414
0.00877305
-0.00258493
0.00134012
0.00413846
0.00097008
-0.00049024
0.00870968
0.00153930
0.00365457
-0.00520686
0.00135520
-0.00166927
-0.00152804
0.00148100
0.00112663
0.00280147
-0.00304048
-0.00305717
-0.00079540
-0.00209035
0.00142636
-0.00209644
-0.00070265
0.00142764
-0.00036995
-0.00356363
-0.00093578
0.00250787
-0.00068279
-0.00314164
-0.00122238
0.00051380
-0.00212585
-0.00026191
-0.00068051
0.00041336
0.00192170
0.00127999
0.00201704
0.00050422
0.00115497
-0.00073128
0.00023433
-0.00100247
0.00176562
0.00316232
0.00146697
-0.00410026
-0.00108739
0.00169188
0.00101551
-0.00037920
0.00020136
0.00046137
0.00240848
0.00193147
-0.00207692
0.00095489
0.00269609
0.00061245
-0.00196662
0.00106267
0.00127908
0.00169851
-0.03289356
0.00155268
-0.00032255
0.00224475
0.00028416
0.00075291
0.00537901
-0.00078040
0.00362761
-0.00376103
0.00293081
0.00151359
-0.00034268
0.00187150
0.00400983
0.00388130
-0.00053678
-0.00253584
-0.00000071
0.00189407
-0.00006025
0.00026503
-0.00116453
0.00204348
0.00296441
-0.00109812
0.00021870
0.00201153
-0.00236687
-0.00229941
0.00018007
0.00173228
-0.00326488
0.00026045
-0.00020563
0.00021987
0.00177699
0.00028079
0.00150354
0.00080037
0.00055599
0.00090553
0.00022829
-0.00149335
0.00219951
0.00141715
0.00115675
-0.00171763
-0.00082616
0.00146525
0.00094412
0.00020351
0.00052645
0.00050630
0.00130032
0.00129665
-0.00093256
0.00119591
0.00260047
0.00097714
-0.00175028
0.00080806
0.00109020
0.00206231
-0.03446030
0.00018544
0.00008233
0.00172224
-0.00011093
0.00045690
0.00319414
-0.00170302
0.00126931
-0.00148595
0.00126427
0.00098266
0.00033172
0.00130259
0.00355290
0.00277410
-0.00027022
-0.00124287
-0.00079231
0.00147092
-0.00055573
-0.00015356
-0.00100618
0.00018187
0.00110533
-0.00074556
0.00051460
0.00084565
-0.00106495
-0.00121672
0.00043098
0.00199781
-0.00237409
0.00051242
-0.00015679
0.00079972
0.00333401
0.00052305
0.00253160
0.00146539
0.00068172
0.00152528
-0.00088941
-0.00141063
0.00142140
0.00111580
0.00072618
-0.00366379
0.00033052
0.00142230
0.00160286
0.00031600
0.00111749
0.00046668
0.00126203
0.00269002
-0.00015091
0.00122439
0.00270774
0.00057245
-0.00122419
0.00079864
0.00131842
0.00226104
-0.02884016
0.00029733
0.00017335
0.00050025
0.00079400
-0.00044339
0.00206997
-0.00251464
0.00215262
-0.00118801
0.00055493
0.00101679
0.00061623
0.00194926
0.00191116
0.00141063
0.00018361
-0.00176961
-0.00048973
0.00050040
-0.00040429
0.00155981
-0.00057515
-0.00063430
0.00080831
0.00043773
-0.00028008
0.00041081
-0.00177761
-0.00074940
0.00049224
0.00046741
-0.00112191
-0.00057467
-0.00072241
-0.00035225
0.00364510
0.00048894
0.00213122
-0.00006649
0.00058989
0.00083654
-0.00095979
-0.00237776
0.00147091
0.00152236
0.00004916
-0.00416239
-0.00019843
0.00076410
0.00288137
0.00109347
-0.00003232
0.00036794
0.00047066
0.00187921
0.00075546
0.00120453
0.00215595
0.00161560
-0.00085221
0.00004843
0.00057980
0.00279602
-0.02343671
0.00068010
-0.00072321
0.00052422
0.00056982
-0.00054707
0.00171776
-0.00314159
0.00167863
-0.00204131
0.00049537
0.00026448
-0.00031015
0.00227279
0.00185881
0.00147513
0.00058322
-0.00119764
-0.00021724
0.00043945
-0.00029894
0.00102895
-0.00091887
-0.00006305
0.00059238
0.00137439
-0.00146192
0.00103814
-0.00115008
-0.00064278
0.00003599
0.00076485
-0.00082662
0.00021743
-0.00008039
0.00024027
0.00300566
0.00034068
0.00240420
-0.00032538
0.00078362
0.00062700
-0.00129940
-0.00225769
0.00132540
0.00168383
-0.00032862
-0.00334644
-0.00001501
0.00231913
0.00239344
0.00068079
0.00011820
0.00036379
0.00128852
0.00273672
0.00115418
0.00108194
0.00210586
0.00138483
-0.00094990
0.00047324
0.00029235
0.00271158
-0.02843903
0.00099306
-0.00088487
-0.00056299
0.00078509
-0.00088516
0.00196115
-0.00379489
0.00173959
-0.00157860
-0.00004606
0.00071355
-0.00059437
0.00258225
0.00143703
0.00130916
0.00045025
-0.00130061
-0.00038182
0.00030305
-0.00026676
0.00201731
-0.00087902
0.00074658
0.00083299
0.00176942
-0.00091958
0.00058472
-0.00149623
-0.00088351
-0.00049459
0.00079538
-0.00049324
-0.00043538
0.00044489
0.00001077
0.00328473
0.00151200
0.00149018
-0.00037819
0.00117382
0.00060392
0.00008287
-0.00186359
0.00191459
0.00168309
-0.00045771
0.00292010
-0.00032032
0.00159818
0.00262099
0.00050191
0.00126909
0.00004291
0.00177540
0.00165981
0.00108006
0.00096862
0.00126771
0.00024160
-0.00029212
0.00134034
-0.00055260
0.00283163
-0.04363407
-0.00026550
-0.00183443
0.00001849
-0.00001582
-0.00182350
-0.00095822
-0.00309725
0.00048321
-0.00088486
-0.00064793
0.00119682
-0.00056406
0.00121390
0.00092785
0.00069408
0.00047955
-0.00156715
-0.00064755
0.00030382
0.00041656
0.00173198
-0.00041148
0.00029536
0.00038753
0.00284390
-0.00209154
-0.00007710
0.00027066
-0.00074056
0.00091961
0.00110190
0.00151446
-0.00080997
0.00075906
0.00019654
0.00222406
0.00043718
0.00142297
-0.00114869
0.00101665
0.00018937
-0.00066672
-0.00167166
0.00131227
0.00148027
-0.00057064
-0.00085843
-0.00072955
0.00201380
0.00218164
0.00087125
-0.00030281
-0.00030296
0.00193506
0.00175076
0.00118174
0.00086612
0.00134910
0.00046441
-0.00060903
0.00043159
0.00008517
0.00294822
-0.03322675
-0.00060535
-0.00106838
0.00022723
0.00048854
-0.00108444
0.00125891
-0.00206991
0.00154648
-0.00137408
0.00002818
0.00076303
-0.00104534
0.00118657
0.00138283
0.00080527
-0.00064983
-0.00211532
-0.00079203
0.00061017
-0.00050281
0.00120028
-0.00069005
0.00138578
0.00021600
0.00140289
-0.00136855
-0.00030211
-0.00118064
-0.00113890
-0.00013636
0.00065946
-0.00015916
-0.00088738
0.00117811
0.00042657
0.00170000
0.00029670
0.00121236
-0.00120471
0.00012146
0.00061038
-0.00055428
-0.00135399
0.00135324
0.00125590
-0.00061071
-0.00047983
-0.00048190
0.00166911
0.00246483
0.00054876
0.00007450
0.00002859
0.00154573
0.00188997
0.00101532
0.00076254
0.00122364
0.00070968
-0.00032968
-0.00016873
0.00035641
0.00250323
-0.03616232
0.00010314
-0.00102518
-0.00028410
0.00042484
-0.00060391
0.00123029
-0.00201433
0.00168148
-0.00131233
-0.00032314
0.00058334
-0.00115492
0.00146521
0.00045036
0.00080029
-0.00038818
-0.00209900
-0.00078308
0.00121881
-0.00088207
0.00121893
-0.00106948
0.00110702
0.00090738
0.00154428
-0.00127321
0.00000636
-0.00172656
-0.00065607
-0.00038259
0.00070105
0.00006442
-0.00077340
0.00113930
0.00027702
0.00115666
-0.00004574
0.00108451
-0.00130709
-0.00027424
0.00062226
-0.00021647
-0.00123104
0.00126683
0.00085959
-0.00005999
-0.00205275
-0.00097156
0.00145968
0.00244991
0.00046357
-0.00030721
0.00025825
0.00125476
0.00216697
0.00098171
0.00118410
0.00146017
0.00102934
-0.00032850
0.00003616
-0.00000483
0.00263473
-0.03505113
0.00014155
-0.00095339
-0.00034798
0.00065347
-0.00030434
0.00196595
-0.00160787
0.00156181
-0.00106340
0.00009683
0.00032245
-0.00109473
0.00111200
0.00057477
0.00123868
-0.00039432
-0.00152261
-0.00062124
0.00108326
-0.00071087
0.00181624
-0.00141267
0.00072957
0.00100901
0.00157323
-0.00135022
-0.00021900
-0.00192279
-0.00015269
-0.00012434
0.00071129
-0.00021143
-0.00116263
0.00126407
0.00103066
0.00118869
-0.00038971
0.00114965
-0.00102641
-0.00012783
0.00055918
-0.00042841
-0.00156230
0.00148056
0.00064636
-0.00028730
-0.00133463
-0.00123643
0.00150222
0.00242572
0.00030721
-0.00025105
0.00065945
0.00160436
0.00159013
0.00127391
0.00125086
0.00118310
0.00107891
-0.00011672
-0.00011560
-0.00012690
0.00230774
-0.03307868
0.00031808
-0.00117031
-0.00052873
0.00027358
-0.00042754
0.00192040
-0.00162674
0.00213136
-0.00113149
-0.00016445
0.00031110
-0.00123913
0.00097891
0.00094440
0.00124836
0.00000394
-0.00132462
-0.00097625
0.00080182
-0.00039130
0.00144237
-0.00102836
0.00036440
0.00059423
0.00140057
-0.00064751
-0.00035372
-0.00165736
0.00045218
-0.00033343
0.00114390
0.00020342
-0.00113471
0.00132926
0.00096614
0.00093871
-0.00067728
0.00117193
-0.00091945
-0.00009270
0.00042838
-0.00050163
-0.00136703
0.00134718
0.00076484
-0.00036571
-0.00133041
-0.00158121
0.00145859
0.00242065
0.00054436
-0.00014471
0.00075569
0.00118425
0.00155654
0.00124162
0.00144507
0.00121612
0.00113258
-0.00019599
-0.00043175
-0.00016182
0.00250362
-0.03244551
0.00038656
-0.00113381
-0.00089513
0.00035831
-0.00057402
0.00170205
-0.00144400
0.00215686
-0.00093550
-0.00020433
0.00040102
-0.00073775
0.00112366
0.00131368
0.00128048
0.00031348
-0.00123758
-0.00122819
0.00080487
-0.00019492
0.00130638
-0.00122687
0.00023633
0.00077915
0.00139526
-0.00051289
-0.00027452
-0.00146504
0.00060298
-0.00005051
0.00155392
0.00013884
-0.00087328
0.00111452
0.00051534
0.00062456
-0.00045323
0.00116707
-0.00051566
-0.00007728
0.00036236
-0.00054362
-0.00100903
0.00102382
0.00075508
-0.00023298
-0.00128930
-0.00135741
0.00164260
0.00243131
0.00073416
-0.00005589
0.00096338
0.00071466
0.00146717
0.00080518
0.00164380
0.00108027
0.00125856
-0.00024746
-0.00032124
-0.00024642
0.00235580
-0.03342550
0.00040936
-0.00097651
-0.00112331
0.00002138
-0.00031275
0.00195107
-0.00140998
0.00216109
-0.00078879
-0.00042265
0.00022169
-0.00097141
0.00122987
0.00126039
0.00136628
0.00010800
-0.00162287
-0.00143840
0.00064792
-0.00031869
0.00109780
-0.00116558
0.00021349
0.00099723
0.00170087
-0.00062347
-0.00018123
-0.00150107
0.00047080
-0.00010006
0.00138372
0.00001742
-0.00058239
0.00090177
0.00071230
0.00031472
-0.00036177
0.00107290
-0.00075842
0.00039840
0.00032294
-0.00075792
-0.00085904
0.00092105
0.00053854
-0.00006536
-0.00094793
-0.00121606
0.00152642
0.00223000
0.00118483
-0.00005149
0.00107724
0.00041901
0.00147011
0.00058622
0.00158863
0.00129691
0.00108386
-0.00033591
-0.00023561
-0.00018566
0.00221313
-0.03474272
0.00047123
-0.00101039
-0.00102929
-0.00027347
-0.00017581
0.00188332
-0.00133279
0.00214151
-0.00085753
-0.00019461
0.00031298
-0.00116828
0.00159227
0.00111099
0.00141496
0.00022389
-0.00150019
-0.00155363
0.00073592
-0.00030636
0.00086991
-0.00105126
0.00040213
0.00109767
0.00191951
-0.00076476
-0.00006900
-0.00143331
0.00037751
-0.00025326
0.00153151
-0.00006836
-0.00029278
0.00089035
0.00105960
0.00032650
-0.00070694
0.00142431
-0.00106309
0.00017058
0.00025579
-0.00067765
-0.00125928
0.00086893
0.00033230
-0.00016455
-0.00128682
-0.00096437
0.00153835
0.00217258
0.00089286
-0.00039524
0.00087969
0.00037798
0.00166797
0.00091296
0.00173439
0.00143951
0.00113783
-0.00053336
-0.00028223
-0.00070042
0.00247570
-0.03599397
0.00050308
-0.00097970
-0.00088280
-0.00038065
0.00008569
0.00173055
-0.00162842
0.00187230
-0.00063049
-0.00010387
0.00046262
-0.00106454
0.00174338
0.00141573
0.00145782
-0.00000824
-0.00131990
-0.00158002
0.00093092
0.00007293
0.00102830
-0.00111779
0.00074551
0.00127198
0.00212516
-0.00076251
-0.00031717
-0.00191960
0.00061284
-0.00037873
0.00114715
0.00005733
-0.00007845
0.00098962
0.00090588
0.00011451
-0.00056067
0.00128098
-0.00099069
0.00055038
-0.00008554
-0.00059882
-0.00096528
0.00083797
0.00059995
-0.00016585
-0.00063179
-0.00104082
0.00141516
0.00174594
0.00109051
-0.00047244
0.00065552
0.00043330
0.00148773
0.00077366
0.00137980
0.00138449
0.00089782
-0.00035413
-0.00021185
-0.00055329
0.00213604
-0.03516807
0.00065990
-0.00081290
-0.00091984
-0.00023432
0.00020054
0.00182241
-0.00131574
0.00172735
-0.00045656
0.00018316
0.00044731
-0.00116649
0.00146101
0.00145344
0.00150489
0.00031523
-0.00152502
-0.00141746
0.00090256
0.00018514
0.00094009
-0.00118732
0.00118758
0.00138027
0.00198514
-0.00077896
-0.00007963
-0.00149822
0.00051024
-0.00023731
0.00132130
0.00019837
-0.00021525
0.00077579
0.00093117
-0.00005729
-0.00060517
0.00117742
-0.00114561
0.00065797
0.00003735
-0.00080079
-0.00108509
0.00082079
0.00075177
-0.00042301
-0.00096084
-0.00126845
0.00153230
0.00166151
0.00099300
-0.00067924
0.00097576
0.00059853
0.00169159
0.00060805
0.00170586
0.00133844
0.00128543
-0.00041966
-0.00040509
-0.00062472
0.00251159
-0.03420935
0.00068397
-0.00044370
-0.00125268
-0.00008317
0.00029720
0.00192364
-0.00146440
0.00140681
-0.00042434
0.00005912
0.00058728
-0.00132916
0.00143569
0.00158194
0.00147472
0.00022913
-0.00170292
-0.00139282
0.00099527
0.00014158
0.00109003
-0.00111601
0.00111749
0.00144942
0.00209914
-0.00086072
-0.00020049
-0.00146546
0.00058340
-0.00017000
0.00147058
0.00004727
-0.00009168
0.00081698
0.00147618
0.00009760
0.00006508
0.00150898
-0.00094283
0.00074058
-0.00015526
-0.00035885
-0.00117161
0.00144485
0.00174003
-0.00030233
0.00407342
-0.00190415
0.00121570
0.00091580
0.00011638
-0.00015739
0.00038127
0.00135104
0.00194778
0.00042722
0.00151906
0.00094674
0.00037211
-0.00058845
-0.00004191
-0.00079389
0.00232510
-0.04504106
-0.00051746
-0.00073044
-0.00074597
0.00051012
-0.00031680
-0.00051827
-0.00101198
0.00049542
0.00037469
-0.00051333
0.00048670
-0.00121731
0.00026648
0.00116192
0.00140837
0.00020127
-0.00192320
-0.00151786
0.00095933
0.00108867
0.00151297
-0.00101935
0.00106418
0.00080775
0.00198271
-0.00137204
-0.00022671
0.00026497
0.00062388
0.00127069
0.00156939
0.00132925
-0.00069130
0.00087474
0.00094048
0.00020853
-0.00049383
0.00115627
-0.00081257
0.00080605
-0.00015950
-0.00075998
-0.00090316
0.00115615
0.00085100
-0.00029803
-0.00037286
-0.00137303
0.00148908
0.00154391
0.00067635
-0.00035405
0.00088776
0.00059496
0.00191523
0.00042837
0.00145648
0.00140436
0.00086438
-0.00035863
-0.00017687
-0.00075646
0.00254051
-0.03776537
0.00051357
-0.00071989
-0.00101719
-0.00020108
0.00013257
0.00140878
-0.00143003
0.00102591
-0.00006304
-0.00022541
0.00050575
-0.00099935
0.00111925
0.00145209
0.00135356
0.00009259
-0.00155601
-0.00141348
0.00089665
0.00007392
0.00107609
-0.00107306
0.00090908
0.00131718
0.00173794
-0.00083188
-0.00039903
-0.00124161
0.00059212
0.00011273
0.00147748
0.00039899
-0.00014885
0.00083320
0.00085039
0.00018709
-0.00044126
0.00103636
-0.00076486
0.00074809
-0.00029472
-0.00087745
-0.00067772
0.00099298
0.00064728
-0.00040588
-0.00067964
-0.00148170
0.00168495
0.00151942
0.00070931
-0.00055293
0.00104092
0.00047451
0.00196964
0.00028523
0.00136950
0.00121839
0.00117306
-0.00032372
-0.00013699
-0.00067506
0.00268381
-0.03568196
0.00060355
-0.00066347
-0.00091135
-0.00006383
0.00046503
0.00130498
-0.00140902
0.00112784
0.00000829
-0.00014570
0.00030067
-0.00089071
0.00106968
0.00141367
0.00134789
-0.00006470
-0.00150604
-0.00150000
0.00095090
-0.00008542
0.00080329
-0.00096713
0.00079244
0.00145406
0.00182062
-0.00094033
-0.00000834
-0.00123671
0.00041364
-0.00020942
0.00132599
0.00016806
-0.00013939
0.00070909
0.00098775
0.00012384
-0.00059205
0.00111353
-0.00082140
0.00100008
-0.00005488
-0.00073671
-0.00089411
0.00105658
0.00047875
-0.00055041
-0.00057714
-0.00160762
0.00160972
0.00136341
0.00065418
-0.00060499
0.00102334
0.00067012
0.00200793
0.00049592
0.00145941
0.00109813
0.00122097
-0.00054274
-0.00036178
-0.00055372
0.00277626
-0.03528134
0.00076763
-0.00066204
-0.00104444
0.00001108
0.00052573
0.00137623
-0.00143785
0.00095555
0.00018255
-0.00032444
0.00004766
-0.00056160
0.00086543
0.00127997
0.00132501
0.00012295
-0.00144842
-0.00169967
0.00092656
-0.00031600
0.00098855
-0.00092280
0.00091281
0.00145579
0.00189852
-0.00087702
-0.00010667
-0.00119678
0.00072306
-0.00026175
0.00116368
0.00014689
0.00003171
0.00070340
0.00103411
0.00007988
-0.00069085
0.00151349
-0.00114107
0.00091523
0.00011653
-0.00074588
-0.00068073
0.00091413
0.00034504
-0.00058749
-0.00101954
-0.00138586
0.00155660
0.00135654
0.00093460
-0.00054160
0.00092997
0.00053423
0.00221124
0.00028648
0.00157981
0.00124043
0.00161278
-0.00061574
-0.00082895
-0.00046539
0.00246765
-0.03347449
0.00076997
-0.00061770
-0.00100253
0.00032791
0.00057438
0.00100038
-0.00132526
0.00078211
0.00002064
-0.00059106
0.00014423
-0.00064741
0.00056375
0.00107470
0.00147766
0.00019485
-0.00154798
-0.00170769
0.00070049
-0.00042820
0.00102336
-0.00071241
0.00093846
0.00169049
0.00196326
-0.00099761
-0.00028192
-0.00121448
0.00065277
-0.00022683
0.00112651
0.00008211
0.00006480
0.00079368
0.00108597
0.00033699
-0.00041275
0.00130242
-0.00110160
0.00112998
0.00010462
-0.00032467
-0.00071286
0.00125456
0.00037739
-0.00067517
0.00061665
-0.00170394
0.00141024
0.00127006
0.00062644
-0.00031657
0.00079665
0.00099779
0.00210747
0.00038626
0.00151994
0.00098084
0.00128384
-0.00048356
-0.00052688
-0.00069302
0.00266123
-0.03721468
0.00041220
-0.00088490
-0.00080366
0.00037139
0.00027033
0.00012118
-0.00117763
0.00026683
0.00038825
-0.00076311
0.00018953
-0.00040801
-0.00012534
0.00097230
0.00127883
0.00023307
-0.00149825
-0.00171614
0.00064435
-0.00026004
0.00121082
-0.00055393
0.00078135
0.00143650
0.00211063
-0.00128109
-0.00053930
-0.00059130
0.00079764
0.00026144
0.00114193
0.00068137
-0.00024211
0.00091022
0.00120705
0.00022345
-0.00040024
0.00135218
-0.00119559
0.00096162
0.00019173
-0.00042769
-0.00056533
0.00075673
0.00062054
-0.00050056
-0.00001405
-0.00145224
0.00129137
0.00125066
0.00095420
-0.00035502
0.00093452
0.00085017
0.00189679
0.00031377
0.00150209
0.00104319
0.00128566
-0.00048197
-0.00049222
-0.00068703
0.00249858
-0.03412053
0.00044002
-0.00070992
-0.00073517
0.00024525
0.00047299
0.00061647
-0.00110761
0.00053526
-0.00007754
-0.00077705
0.00021737
-0.00051034
0.00036218
0.00107833
0.00129306
0.00008980
-0.00153098
-0.00165060
0.00060383
-0.00017887
0.00113891
-0.00050635
0.00067542
0.00169629
0.00184895
-0.00114192
-0.00013588
-0.00088818
0.00045683
0.00009671
0.00098733
0.00033525
0.00008931
0.00070306
0.00117613
0.00008121
-0.00028945
0.00129351
-0.00102482
0.00092440
0.00031850
-0.00034838
-0.00045209
0.00066943
0.00047990
-0.00072015
-0.00013393
-0.00148458
0.00122916
0.00114050
0.00095065
-0.00043564
0.00114990
0.00043407
0.00180730
0.00015201
0.00144561
0.00090616
0.00131817
-0.00034482
-0.00081102
-0.00069684
0.00249313
-0.03471859
0.00035386
-0.00056196
-0.00081331
0.00020687
0.00039126
0.00031794
-0.00128214
0.00030231
0.00013795
-0.00102112
0.00021601
-0.00038444
0.00037577
0.00095016
0.00113983
0.00021902
-0.00130188
-0.00170024
0.00052005
-0.00009758
0.00121603
-0.00058011
0.00074478
0.00155649
0.00189541
-0.00128948
-0.00037362
-0.00082628
0.00067386
-0.00003059
0.00073680
0.00034321
0.00022333
0.00076205
0.00124212
0.00037281
-0.00011908
0.00112807
-0.00104015
0.00109923
0.00024183
-0.00001948
-0.00052286
0.00102557
0.00055789
-0.00063163
0.00130419
-0.00174371
0.00111189
0.00112444
0.00067718
-0.00019571
0.00092536
0.00101254
0.00175913
0.00030922
0.00142547
0.00078163
0.00097563
-0.00029739
-0.00036925
-0.00089671
0.00265505
-0.03792522
0.00007131
-0.00086906
-0.00058225
0.00024345
0.00017841
-0.00028812
-0.00104251
-0.00002541
0.00037584
-0.00101497
0.00026348
-0.00022259
-0.00022257
0.00095291
0.00104683
0.00017860
-0.00134815
-0.00167217
0.00053581
0.00001313
0.00134170
-0.00043216
0.00055049
0.00139930
0.00196500
-0.00144228
-0.00049156
-0.00033948
0.00070203
0.00048464
0.00087880
0.00084936
-0.00011875
0.00082705
0.00122973
0.00024957
-0.00002647
0.00126571
-0.00107063
0.00106439
0.00027375
-0.00003666
-0.00050585
0.00088060
0.00050183
-0.00067352
0.00086531
-0.00173660
0.00116340
0.00117049
0.00086787
-0.00017839
0.00084200
0.00084709
0.00193927
0.00013054
0.00151203
0.00076468
0.00113267
-0.00021329
-0.00036300
-0.00092276
0.00251696
-0.03845847
0.00023232
-0.00086017
-0.00074524
0.00023704
0.00032676
-0.00006570
-0.00125201
0.00006574
0.00025405
-0.00093978
0.00018376
-0.00033058
-0.00002599
0.00088211
0.00115088
0.00022952
-0.00129504
-0.00161212
0.00050386
0.00003415
0.00131928
-0.00046504
0.00049449
0.00147205
0.00196638
-0.00140067
-0.00047537
-0.00051765
0.00073172
0.00035308
0.00073922
0.00075573
-0.00006136
0.00074206
0.00121192
0.00026312
-0.00007711
0.00134974
-0.00103949
0.00110643
0.00030326
0.00012519
-0.00055076
0.00069252
0.00081524
-0.00078256
0.00030268
-0.00157385
0.00111946
0.00121255
0.00094037
-0.00023338
0.00086074
0.00064441
0.00181131
0.00027834
0.00130246
0.00052767
0.00098281
-0.00037883
-0.00049433
-0.00090541
0.00226846
-0.03758341
0.00001646
-0.00090879
-0.00056615
0.00011988
0.00027448
-0.00012807
-0.00104187
0.00026150
0.00002605
-0.00093899
0.00015142
-0.00036500
0.00027917
0.00070065
0.00118774
-0.00008848
-0.00133135
-0.00183986
0.00063525
0.00009048
0.00120505
-0.00040968
0.00068539
0.00141887
0.00173844
-0.00151003
-0.00013763
-0.00061672
0.00033767
0.00026025
0.00053490
0.00052444
0.00009545
0.00071514
0.00129905
0.00030981
-0.00031552
0.00132763
-0.00104349
0.00095892
0.00027565
-0.00006275
-0.00063203
0.00051185
0.00078012
-0.00101719
0.00001057
-0.00173899
0.00095549
0.00125790
0.00104653
-0.00025940
0.00078824
0.00048076
0.00163482
0.00023749
0.00123941
0.00050350
0.00113169
-0.00031650
-0.00053701
-0.00092242
0.00236259
-0.03620834
0.00012330
-0.00094153
-0.00072954
0.00005598
0.00036114
0.00038441
-0.00099961
0.00028876
-0.00013412
-0.00097568
0.00025611
-0.00044564
0.00040978
0.00056497
0.00120131
0.00002954
-0.00125999
-0.00182224
0.00046603
0.00011272
0.00122130
-0.00060344
0.00048130
0.00144046
0.00165292
-0.00131160
-0.00016503
-0.00071060
0.00052770
0.00017659
0.00046910
0.00026083
0.00018707
0.00064643
0.00143480
0.00042770
-0.00050180
0.00140662
-0.00110960
0.00080397
0.00024888
-0.00016647
-0.00077069
0.00053096
0.00074855
-0.00097021
-0.00004279
-0.00191374
0.00095995
0.00133869
0.00086690
-0.00021221
0.00072941
0.00046920
0.00162836
0.00026981
0.00135478
0.00048887
0.00132652
-0.00038017
-0.00045996
-0.00107549
0.00241302
-0.03719178
0.00031904
-0.00101756
-0.00073995
0.00006755
0.00047048
0.00048679
-0.00105419
0.00007357
-0.00006875
-0.00088513
0.00033109
-0.00048243
0.00034096
0.00054786
0.00120629
0.00007911
-0.00123769
-0.00181765
0.00048929
-0.00000474
0.00127813
-0.00059426
0.00037912
0.00142552
0.00174382
-0.00127062
-0.00019810
-0.00076273
0.00072633
0.00015875
0.00048951
0.00029045
0.00015393
0.00055423
0.00136788
0.00053879
-0.00036900
0.00167306
-0.00106737
0.00078299
0.00008818
-0.00015996
-0.00079437
0.00058154
0.00069937
-0.00093938
0.00012194
-0.00175482
0.00087151
0.00131067
0.00086938
-0.00028687
0.00062760
0.00050974
0.00165435
0.00014305
0.00128157
0.00052152
0.00136719
-0.00051071
-0.00040281
-0.00098687
0.00228170
-0.03700409
0.00028491
-0.00096389
-0.00069252
-0.00002810
0.00046202
0.00048984
-0.00114228
0.00013718
-0.00029924
-0.00093949
0.00036188
-0.00063803
0.00052257
0.00061901
0.00142629
0.00006353
-0.00140760
-0.00175273
0.00048067
0.00013053
0.00122702
-0.00048900
0.00062329
0.00139528
0.00170286
-0.00121272
-0.00007777
-0.00088006
0.00071510
0.00019669
0.00051785
0.00020423
0.00016911
0.00070227
0.00133615
0.00044694
-0.00029416
0.00160616
-0.00103301
0.00067127
0.00018627
0.00000833
-0.00085130
0.00050482
0.00064049
-0.00097418
-0.00001086
-0.00176003
0.00090302
0.00130193
0.00097023
-0.00036818
0.00074626
0.00052820
0.00137724
0.00034575
0.00123715
0.00055609
0.00153203
-0.00071601
-0.00044658
-0.00115886
0.00221126
-0.03662047
0.00026692
-0.00083955
-0.00065804
-0.00004615
0.00042666
0.00030066
-0.00105335
0.00018209
-0.00026054
-0.00092649
0.00039709
-0.00069586
0.00046001
0.00071131
0.00139013
-0.00002646
-0.00149147
-0.00174901
0.00069700
0.00020075
0.00122061
-0.00055711
0.00078944
0.00121766
0.00172190
-0.00120708
0.00019323
-0.00090941
0.00077338
0.00017063
0.00058060
0.00013973
0.00003414
0.00065914
0.00140130
0.00034852
-0.00033800
0.00159211
-0.00102178
0.00060397
0.00012859
-0.00001403
-0.00081553
0.00036754
0.00073215
-0.00101774
-0.00021192
-0.00172626
0.00092671
0.00123228
0.00090198
-0.00049180
0.00065916
0.00042161
0.00116325
0.00036982
0.00117436
0.00058666
0.00158496
-0.00101496
-0.00052073
-0.00125598
0.00219583
-0.03597949
0.00015706
-0.00081760
-0.00079981
-0.00007066
0.00050741
0.00026664
-0.00106190
0.00005955
-0.00031479
-0.00083834
0.00032109
-0.00084078
0.00038032
0.00071098
0.00144021
-0.00012603
-0.00136175
-0.00174409
0.00070652
0.00010863
0.00131107
-0.00061645
0.00088502
0.00126261
0.00150227
-0.00107658
0.00017073
-0.00095684
0.00088923
0.00036589
0.00057634
0.00021120
0.00008678
0.00059368
0.00139454
0.00027913
-0.00052908
0.00160140
-0.00097709
0.00048016
0.00016641
-0.00003216
-0.00093832
0.00039707
0.00055278
-0.00107615
-0.00063445
-0.00179321
0.00092964
0.00128200
0.00094359
-0.00060079
0.00070025
0.00039014
0.00138757
0.00047792
0.00137282
0.00061028
0.00177677
-0.00105070
-0.00055283
-0.00137787
0.00216615
-0.03575099
0.00024346
-0.00081926
-0.00098947
-0.00004318
0.00068976
0.00022028
-0.00118705
0.00003390
-0.00010987
-0.00081972
0.00021087
-0.00083768
0.00042157
0.00043297
0.00131978
-0.00011113
-0.00137636
-0.00172598
0.00076957
0.00003615
0.00127678
-0.00068445
0.00068399
0.00129481
0.00146921
-0.00107620
0.00016232
-0.00093154
0.00096441
0.00019971
0.00053566
0.00015544
0.00013368
0.00057163
0.00136806
0.00034552
-0.00034606
0.00153636
-0.00095735
0.00050858
0.00006969
-0.00000243
-0.00095382
0.00051068
0.00055069
-0.00107304
0.00009390
-0.00169866
0.00098379
0.00124386
0.00079239
-0.00041060
0.00063583
0.00048400
0.00142915
0.00048091
0.00134017
0.00068723
0.00162440
-0.00104206
-0.00031322
-0.00140800
0.00211338
-0.03751687
0.00014637
-0.00086964
-0.00087231
-0.00010994
0.00061727
-0.00000324
-0.00121002
-0.00015482
-0.00001297
-0.00084666
0.00027031
-0.00084507
0.00037255
0.00044566
0.00132246
-0.00018405
-0.00137441
-0.00168749
0.00075059
0.00009111
0.00128417
-0.00067545
0.00056026
0.00122027
0.00149229
-0.00113187
0.00012666
-0.00078440
0.00086818
0.00026726
0.00053172
0.00037126
0.00003285
0.00059070
0.00137456
0.00010877
-0.00032067
0.00159313
-0.00088557
0.00050883
0.00001609
-0.00001682
-0.00105837
0.00059662
0.00060042
-0.00099945
-0.00039853
-0.00170401
0.00102010
0.00128745
0.00084078
-0.00041820
0.00083734
0.00032633
0.00146837
0.00046386
0.00130948
0.00070727
0.00168415
-0.00102840
-0.00044489
-0.00134253
0.00204779
-0.03622923
0.00013195
-0.00081709
-0.00086157
-0.00012823
0.00059658
-0.00014818
-0.00115736
-0.00018691
0.00008504
-0.00083203
0.00006211
-0.00092697
0.00046066
0.00048078
0.00134173
-0.00028183
-0.00130458
-0.00158877
0.00085439
-0.00001813
0.00139799
-0.00063925
0.00054241
0.00117224
0.00147595
-0.00111966
0.00007948
-0.00090711
0.00077711
0.00018862
0.00057267
0.00023770
0.00007264
0.00054520
0.00147967
0.00034031
-0.00023311
0.00171968
-0.00079246
0.00041327
0.00009014
-0.00002750
-0.00114475
0.00071429
0.00048605
-0.00096592
-0.00044614
-0.00175334
0.00086598
0.00126506
0.00075118
-0.00046399
0.00080752
0.00041369
0.00153242
0.00062683
0.00125701
0.00061121
0.00157400
-0.00097476
-0.00048894
-0.00145127
0.00219730
-0.03603641
0.00009049
-0.00081176
-0.00081478
-0.00018282
0.00068977
0.00003585
-0.00108883
-0.00022805
0.00010664
-0.00083121
0.00024855
-0.00092225
0.00044040
0.00044402
0.00129184
-0.00010724
-0.00129424
-0.00144121
0.00095018
0.00001532
0.00146681
-0.00059577
0.00039897
0.00117115
0.00148734
-0.00122288
0.00000227
-0.00086767
0.00079289
0.00013705
0.00059475
0.00011830
0.00000935
0.00044315
0.00156101
0.00041870
-0.00022326
0.00169987
-0.00069563
0.00041056
0.00011584
-0.00010310
-0.00123441
0.00076753
0.00029974
-0.00091349
-0.00060583
-0.00173249
0.00087598
0.00127076
0.00069684
-0.00053300
0.00072318
0.00045076
0.00158990
0.00068653
0.00127476
0.00063600
0.00159203
-0.00096128
-0.00053725
-0.00155682
0.00219260
-0.03628360
0.00023042
-0.00073816
-0.00088476
-0.00025559
0.00089078
0.00024956
-0.00121205
-0.00036815
0.00018483
-0.00087760
0.00028756
-0.00083581
0.00046286
0.00035331
0.00127694
0.00000587
-0.00123583
-0.00135998
0.00096713
-0.00005167
0.00155533
-0.00056197
0.00030886
0.00128590
0.00149611
-0.00126539
-0.00007686
-0.00093169
0.00088474
0.00013303
0.00057585
-0.00000950
0.00004083
0.00040257
0.00170891
0.00042391
-0.00011910
0.00170397
-0.00075440
0.00042956
0.00014000
-0.00008352
-0.00100966
0.00075878
0.00037089
-0.00095980
-0.00045340
-0.00165234
0.00106583
0.00127746
0.00071808
-0.00049642
0.00070040
0.00037807
0.00155335
0.00062504
0.00130849
0.00052838
0.00148161
-0.00081071
-0.00045028
-0.00144164
0.00219287
-0.03630722
0.00025851
-0.00083102
-0.00081081
-0.00022022
0.00079074
0.00046030
-0.00131387
-0.00026934
0.00001407
-0.00090967
0.00034743
-0.00072056
0.00057602
0.00028760
0.00135870
-0.00013727
-0.00125506
-0.00149226
0.00096530
-0.00001386
0.00150540
-0.00047956
0.00046792
0.00122124
0.00152255
-0.00143225
-0.00015255
-0.00101023
0.00082572
0.00013796
0.00061909
0.00009947
0.00013399
0.00045164
0.00222950
0.00068127
0.00018541
0.00200052
-0.00064361
0.00033039
0.00006266
0.00000154
-0.00097142
0.00108681
0.00061100
-0.00087721
0.00188288
-0.00184355
0.00101725
0.00093742
0.00020511
-0.00022256
0.00023645
0.00071447
0.00185064
0.00067470
0.00122133
0.00031058
0.00093187
-0.00088956
-0.00013568
-0.00152051
0.00217482
-0.04155656
-0.00014084
-0.00113160
-0.00051047
-0.00002159
0.00073194
-0.00011343
-0.00117069
-0.00059796
0.00028995
-0.00120124
0.00036228
-0.00048751
0.00021342
-0.00018650
0.00142212
-0.00021347
-0.00132831
-0.00162528
0.00100797
0.00031617
0.00166086
-0.00040707
0.00032755
0.00102376
0.00143155
-0.00175054
-0.00018206
-0.00041743
0.00084643
0.00063929
0.00061042
0.00060007
-0.00005213
0.00039479
0.00180751
0.00052053
0.00005788
0.00165749
-0.00064935
0.00048646
0.00008528
0.00000536
-0.00096235
0.00084410
0.00046741
-0.00081214
0.00062493
-0.00166374
0.00095681
0.00119658
0.00057141
-0.00020352
0.00059897
0.00056019
0.00162363
0.00048399
0.00124227
0.00060339
0.00119165
-0.00074502
-0.00021345
-0.00141550
0.00213235
-0.03880767
0.00011919
-0.00091230
-0.00057866
-0.00019258
0.00051384
0.00016365
-0.00131397
-0.00026562
0.00007370
-0.00094183
0.00039359
-0.00065158
0.00052861
0.00023774
0.00132505
-0.00022430
-0.00124946
-0.00144896
0.00095721
0.00009937
0.00146903
-0.00044766
0.00041610
0.00111461
0.00142065
-0.00144664
-0.00022409
-0.00081590
0.00075409
0.00033605
0.00060212
0.00029608
-0.00000007
0.00047187
0.00168563
0.00053196
-0.00006748
0.00161081
-0.00054100
0.00036297
-0.00001172
-0.00003563
-0.00100203
0.00081693
0.00036372
-0.00090657
-0.00007899
-0.00168184
0.00092303
0.00113727
0.00056415
-0.00034393
0.00066437
0.00038586
0.00153654
0.00057594
0.00138656
0.00062522
0.00136998
-0.00078845
-0.00046143
-0.00146374
0.00213445
-0.03711634
0.00031971
-0.00075423
-0.00062699
-0.00015863
0.00057071
0.00026263
-0.00128488
-0.00033360
0.00019173
-0.00099100
0.00027638
-0.00075537
0.00042924
0.00028180
0.00127882
-0.00019493
-0.00129233
-0.00134096
0.00103632
0.00003129
0.00147664
-0.00048220
0.00052730
0.00111167
0.00129135
-0.00128290
-0.00023973
-0.00111668
0.00090096
0.00029004
0.00052128
0.00013682
-0.00009583
0.00047307
0.00167588
0.00053210
-0.00015773
0.00143616
-0.00054857
0.00043406
-0.00002994
-0.00006094
-0.00107549
0.00093052
0.00042457
-0.00083491
-0.00023032
-0.00172672
0.00100970
0.00120797
0.00052438
-0.00040407
0.00062246
0.00043174
0.00152043
0.00056918
0.00133854
0.00063472
0.00141899
-0.00088095
-0.00043621
-0.00146897
0.00215272
-0.03628887
0.00031364
-0.00082405
-0.00049226
-0.00015592
0.00060646
0.00016051
-0.00134078
-0.00034338
0.00030928
-0.00098122
0.00027989
-0.00079911
0.00030765
0.00034734
0.00110763
-0.00038756
-0.00139537
-0.00140376
0.00111751
0.00007726
0.00164979
-0.00056457
0.00042610
0.00103855
0.00129854
-0.00120565
-0.00024468
-0.00107042
0.00083316
0.00035029
0.00033826
0.00010814
-0.00011980
0.00046626
0.00165801
0.00055211
-0.00027806
0.00147777
-0.00047492
0.00044292
-0.00003609
-0.00012934
-0.00121841
0.00088810
0.00031796
-0.00094375
-0.00068017
-0.00173993
0.00088413
0.00134241
0.00060262
-0.00042682
0.00079187
0.00037621
0.00152748
0.00058617
0.00131022
0.00070716
0.00157239
-0.00090569
-0.00041714
-0.00156151
0.00209620
-0.03610225
0.00031066
-0.00086036
-0.00050395
-0.00015381
0.00075723
-0.00001424
-0.00145567
-0.00030049
0.00032092
-0.00096202
0.00045940
-0.00080911
0.00036447
0.00024039
0.00125612
-0.00028600
-0.00129581
-0.00146272
0.00109735
0.00012606
0.00175830
-0.00060819
0.00035248
0.00101338
0.00135308
-0.00117009
-0.00023450
-0.00108437
0.00093970
0.00037868
0.00030628
0.00008024
-0.00013191
0.00030155
0.00163460
0.00061428
-0.00012904
0.00141315
-0.00049527
0.00038738
-0.00016194
-0.00005480
-0.00122657
0.00090978
0.00049019
-0.00098457
-0.00031198
-0.00174809
0.00102436
0.00126584
0.00050799
-0.00034198
0.00072356
0.00040863
0.00152953
0.00066927
0.00128818
0.00068386
0.00146593
-0.00081961
-0.00019739
-0.00149876
0.00208990
-0.03645999
0.00021470
-0.00096168
-0.00041016
-0.00018312
0.00069169
-0.00024257
-0.00140264
-0.00028439
0.00024838
-0.00090292
0.00042837
-0.00095514
0.00029555
0.00023873
0.00127874
-0.00031442
-0.00137366
-0.00143019
0.00103317
0.00013243
0.00158648
-0.00059934
0.00034630
0.00102358
0.00138247
-0.00110992
-0.00024262
-0.00092904
0.00098411
0.00035411
0.00034788
0.00017908
-0.00009136
0.00027518
0.00155849
0.00050848
-0.00012077
0.00142366
-0.00044052
0.00046221
-0.00016409
-0.00008009
-0.00130662
0.00091661
0.00049768
-0.00097500
-0.00061028
-0.00173968
0.00103928
0.00123096
0.00066065
-0.00051350
0.00073364
0.00033292
0.00155096
0.00067279
0.00132438
0.00070306
0.00142877
-0.00093006
-0.00016090
-0.00165832
0.00202531
-0.03554195
0.00022090
-0.00087117
-0.00043388
-0.00018920
0.00080753
-0.00018662
-0.00130100
-0.00018822
0.00015325
-0.00095969
0.00048142
-0.00102337
0.00031100
0.00027050
0.00130955
-0.00038287
-0.00129001
-0.00129231
0.00093573
0.00015960
0.00158445
-0.00063106
0.00032378
0.00103013
0.00135490
-0.00104774
-0.00018922
-0.00091915
0.00095891
0.00031928
0.00029536
0.00007147
-0.00015721
0.00033318
0.00165316
0.00057888
-0.00018313
0.00148989
-0.00044943
0.00034240
-0.00017376
-0.00012684
-0.00139280
0.00091867
0.00048250
-0.00094505
-0.00066289
-0.00179992
0.00105211
0.00124910
0.00054448
-0.00049279
0.00068987
0.00029013
0.00154099
0.00069252
0.00138725
0.00069803
0.00153887
-0.00100547
-0.00009503
-0.00177615
0.00201759
-0.03600923
0.00032781
-0.00088366
-0.00039529
-0.00019706
0.00089523
-0.00011859
-0.00134990
-0.00032952
0.00016588
-0.00092076
0.00055711
-0.00106956
0.00029795
0.00022374
0.00131975
-0.00039812
-0.00128155
-0.00125928
0.00096147
0.00009964
0.00161799
-0.00061762
0.00027143
0.00100451
0.00137969
-0.00103450
-0.00020175
-0.00096843
0.00106367
0.00029038
0.00027129
0.00006577
-0.00017489
0.00025807
0.00158633
0.00060451
-0.00010051
0.00145006
-0.00041270
0.00037597
-0.00008822
-0.00005129
-0.00134978
0.00097599
0.00050994
-0.00087036
-0.00011519
-0.00174802
0.00105791
0.00121335
0.00052296
-0.00032903
0.00064273
0.00037131
0.00151030
0.00062420
0.00135713
0.00071978
0.00141811
-0.00094465
0.00001045
-0.00166160
0.00202549
-0.03717889
0.00018379
-0.00088335
-0.00030483
-0.00023313
0.00078102
-0.00018794
-0.00136924
-0.00033771
0.00020316
-0.00092888
0.00055635
-0.00099135
0.00028046
0.00028720
0.00130033
-0.00037724
-0.00129984
-0.00131087
0.00092604
0.00012933
0.00150307
-0.00059332
0.00020589
0.00093901
0.00137693
-0.00102922
-0.00023359
-0.00082690
0.00097243
0.00035088
0.00035393
0.00015283
-0.00017116
0.00026258
0.00150062
0.00051820
-0.00020747
0.00140621
-0.00037538
0.00039736
-0.00007397
-0.00007975
-0.00126630
0.00077828
0.00053067
-0.00095650
-0.00053672
-0.00169739
0.00105842
0.00127139
0.00066051
-0.00053327
0.00075956
0.00023841
0.00145836
0.00056374
0.00139347
0.00066825
0.00158771
-0.00095129
-0.00004552
-0.00147420
0.00203702
-0.03614527
0.00023366
-0.00080944
-0.00029652
-0.00032806
0.00080242
-0.00010187
-0.00128655
-0.00034288
0.00022582
-0.00085533
0.00048328
-0.00108687
0.00033487
0.00027696
0.00136630
-0.00043073
-0.00133576
-0.00137179
0.00087986
0.00020414
0.00146761
-0.00061949
0.00019970
0.00104735
0.00140761
-0.00104158
-0.00025977
-0.00092976
0.00093701
0.00037104
0.00035672
0.00010070
-0.00009860
0.00024562
0.00147070
0.00050216
-0.00017947
0.00138253
-0.00035233
0.00044500
-0.00014497
-0.00002565
-0.00118691
0.00081655
0.00060959
-0.00095009
0.00000688
-0.00170644
0.00103165
0.00125951
0.00051956
-0.00039621
0.00069924
0.00029299
0.00148029
0.00052806
0.00130520
0.00069633
0.00144793
-0.00098756
0.00009237
-0.00144030
0.00197740
-0.03714820
0.00019234
-0.00077891
-0.00017356
-0.00032375
0.00067567
-0.00022540
-0.00125374
-0.00041154
0.00022033
-0.00086913
0.00042969
-0.00103297
0.00032627
0.00030350
0.00128250
-0.00042821
-0.00134169
-0.00132490
0.00091028
0.00021049
0.00145749
-0.00060313
0.00007132
0.00102594
0.00138051
-0.00111771
-0.00025083
-0.00085851
0.00083849
0.00043254
0.00041705
0.00021365
-0.00011019
0.00024842
0.00141890
0.00036327
-0.00030876
0.00138175
-0.00039568
0.00031350
-0.00009766
-0.00022755
-0.00109899
0.00080655
0.00044782
-0.00109585
-0.00043330
-0.00172995
0.00105228
0.00124482
0.00054999
-0.00055260
0.00077712
0.00009672
0.00147514
0.00054304
0.00133990
0.00066923
0.00159461
-0.00108233
-0.00009225
-0.00151077
0.00204340
-0.03572534
0.00024825
-0.00063493
-0.00032463
-0.00030661
0.00071719
-0.00015802
-0.00134399
-0.00044308
0.00031073
-0.00086470
0.00047661
-0.00111997
0.00043961
0.00024821
0.00131050
-0.00038792
-0.00126449
-0.00133137
0.00091125
0.00016485
0.00151626
-0.00070538
0.00012171
0.00115617
0.00134273
-0.00105931
-0.00021933
-0.00092088
0.00086301
0.00038500
0.00037852
0.00004037
-0.00008234
0.00027249
0.00148753
0.00033169
-0.00027763
0.00136035
-0.00037113
0.00028163
-0.00015081
-0.00023442
-0.00111024
0.00087764
0.00048623
-0.00105365
-0.00040397
-0.00166398
0.00101696
0.00122018
0.00039280
-0.00050122
0.00072141
0.00011709
0.00139708
0.00052565
0.00129483
0.00071644
0.00150121
-0.00105653
0.00001930
-0.00156914
0.00200072
-0.03632632
0.00026574
-0.00069167
-0.00030655
-0.00039649
0.00071955
-0.00019128
-0.00137143
-0.00044220
0.00032337
-0.00085899
0.00054340
-0.00116864
0.00035074
0.00022611
0.00132417
-0.00037914
-0.00130193
-0.00134831
0.00094792
0.00018115
0.00156656
-0.00064956
0.00010110
0.00113881
0.00136934
-0.00109505
-0.00023738
-0.00084050
0.00079813
0.00046347
0.00036480
0.00018755
-0.00010007
0.00015662
0.00145880
0.00028564
-0.00032737
0.00137141
-0.00039174
0.00030782
-0.00010388
-0.00020638
-0.00117140
0.00091479
0.00045560
-0.00102224
-0.00051512
-0.00162753
0.00110396
0.00117892
0.00036237
-0.00046555
0.00072379
0.00004381
0.00135665
0.00060871
0.00133174
0.00075502
0.00149795
-0.00098529
-0.00002107
-0.00152876
0.00197555
-0.03668077
0.00028009
-0.00070570
-0.00027904
-0.00044535
0.00082723
-0.00004401
-0.00144077
-0.00031082
0.00033410
-0.00082465
0.00058791
-0.00117967
0.00034846
0.00015973
0.00137471
-0.00036483
-0.00130503
-0.00133483
0.00094227
0.00016693
0.00160508
-0.00057763
0.00017295
0.00115217
0.00136377
-0.00103739
-0.00016758
-0.00085956
0.00082601
0.00036601
0.00036142
0.00016429
-0.00009784
0.00010228
0.00147284
0.00033061
-0.00032307
0.00134167
-0.00042618
0.00027068
-0.00015515
-0.00015264
-0.00108825
0.00096546
0.00034967
-0.00107412
-0.00081134
-0.00161696
0.00108365
0.00121462
0.00027683
-0.00049767
0.00072103
0.00000842
0.00130841
0.00062212
0.00129402
0.00075436
0.00154838
-0.00107714
-0.00000116
-0.00142359
0.00205205
-0.03654371
0.00038018
-0.00076267
-0.00027079
-0.00043646
0.00077921
-0.00004471
-0.00135980
-0.00033992
0.00032820
-0.00076114
0.00058832
-0.00112499
0.00040622
0.00024190
0.00139459
-0.00028535
-0.00119849
-0.00142789
0.00094173
0.00018347
0.00159401
-0.00048643
0.00015102
0.00120177
0.00133911
-0.00109703
-0.00005713
-0.00089245
0.00078436
0.00031167
0.00034215
0.00013388
-0.00006172
0.00017661
0.00150230
0.00027754
-0.00046095
0.00136982
-0.00043867
0.00026832
-0.00019146
-0.00019221
-0.00113640
0.00092724
0.00034502
-0.00103266
-0.00091282
-0.00155303
0.00101316
0.00115240
0.00037292
-0.00053422
0.00075166
-0.00013940
0.00135638
0.00066077
0.00134561
0.00076864
0.00163296
-0.00100531
-0.00002388
-0.00147693
0.00209081
-0.03580683
0.00041928
-0.00068807
-0.00028022
-0.00044174
0.00081597
0.00000263
-0.00141039
-0.00024336
0.00034202
-0.00076497
0.00056540
-0.00117665
0.00043508
0.00015789
0.00142202
-0.00033692
-0.00126333
-0.00139919
0.00101465
0.00014236
0.00160568
-0.00055947
0.00009963
0.00124052
0.00139360
-0.00114183
-0.00001833
-0.00085715
0.00078524
0.00020174
0.00022309
0.00017152
0.00001325
0.00017469
0.00167935
0.00040932
-0.00040080
0.00132115
-0.00027912
0.00031600
-0.00028843
-0.00009690
-0.00126091
0.00101306
0.00035159
-0.00109338
-0.00031446
-0.00163989
0.00093441
0.00107080
0.00036965
-0.00055106
0.00069010
-0.00005831
0.00136681
0.00076244
0.00136524
0.00065939
0.00154054
-0.00104877
0.00021653
-0.00179113
0.00209288
-0.03626247
0.00031150
-0.00072873
-0.00014729
-0.00049787
0.00087684
-0.00030655
-0.00137450
-0.00050502
0.00044100
-0.00089120
0.00069351
-0.00121358
0.00022850
-0.00003583
0.00136547
-0.00050616
-0.00131264
-0.00127986
0.00110663
0.00022652
0.00170008
-0.00059834
-0.00009825
0.00112267
0.00141863
-0.00121623
-0.00018504
-0.00067776
0.00092223
0.00039407
0.00013954
0.00031335
-0.00006052
0.00013540
0.00149749
0.00030091
-0.00045645
0.00143659
-0.00040664
0.00024768
-0.00019378
-0.00020117
-0.00116634
0.00085182
0.00040899
-0.00104130
-0.00079394
-0.00155352
0.00102977
0.00117422
0.00044541
-0.00052247
0.00076256
-0.00012926
0.00136731
0.00075576
0.00137361
0.00078754
0.00162042
-0.00097480
-0.00000808
-0.00159215
0.00208770
-0.03606750
0.00037010
-0.00066690
-0.00022791
-0.00044022
0.00074246
0.00009024
-0.00137388
-0.00023157
0.00032966
-0.00086045
0.00057835
-0.00112598
0.00042955
0.00014012
0.00139707
-0.00035270
-0.00127812
-0.00149950
0.00104743
0.00014069
0.00166947
-0.00055402
0.00019267
0.00121442
0.00144851
-0.00125592
-0.00007378
-0.00083096
0.00073073
0.00027653
0.00032186
0.00028105
-0.00008671
0.00020658
0.00147357
0.00026472
-0.00047327
0.00143805
-0.00040147
0.00028187
-0.00020633
-0.00021990
-0.00128081
0.00090741
0.00041128
-0.00104500
-0.00083775
-0.00146433
0.00107770
0.00123120
0.00041779
-0.00049888
0.00078288
-0.00012301
0.00137732
0.00078381
0.00137418
0.00084738
0.00161332
-0.00100314
0.00001237
-0.00165896
0.00199214
-0.03630557
0.00036263
-0.00065590
-0.00014889
-0.00045266
0.00075595
0.00010493
-0.00144490
-0.00026631
0.00030146
-0.00087004
0.00060296
-0.00105533
0.00041477
0.00013041
0.00147084
-0.00031638
-0.00121398
-0.00151589
0.00106135
0.00010495
0.00164760
-0.00051863
0.00014667
0.00117905
0.00136725
-0.00131612
-0.00012928
-0.00085581
0.00077294
0.00035580
0.00027451
0.00029857
-0.00013461
0.00015670
0.00145170
0.00013521
-0.00040237
0.00145216
-0.00043622
0.00035970
-0.00013391
-0.00017736
-0.00116820
0.00089312
0.00045432
-0.00096324
-0.00053145
-0.00145309
0.00093062
0.00130017
0.00052109
-0.00041731
0.00067129
-0.00005568
0.00136679
0.00078697
0.00129617
0.00081397
0.00148462
-0.00104946
0.00007894
-0.00166016
0.00197120
-0.03688973
0.00027825
-0.00071313
-0.00013943
-0.00037852
0.00074558
-0.00012865
-0.00134648
-0.00019568
0.00023478
-0.00079781
0.00060859
-0.00104263
0.00035578
0.00017767
0.00153642
-0.00030748
-0.00124868
-0.00150415
0.00106581
0.00020316
0.00165681
-0.00053332
0.00017075
0.00122513
0.00138119
-0.00132760
-0.00008304
-0.00083823
0.00070070
0.00034452
0.00031518
0.00032781
-0.00012977
0.00017421
0.00152743
0.00021404
-0.00038187
0.00143157
-0.00027677
0.00040421
-0.00017356
-0.00014980
-0.00133467
0.00098338
0.00047451
-0.00099753
-0.00030724
-0.00149777
0.00084793
0.00134948
0.00056797
-0.00042169
0.00061616
-0.00000073
0.00136996
0.00096608
0.00129835
0.00078502
0.00143049
-0.00112649
0.00028872
-0.00197333
0.00194553
-0.03688853
0.00021432
-0.00073844
0.00000903
-0.00037713
0.00080685
-0.00033877
-0.00130583
-0.00039768
0.00027246
-0.00089616
0.00074168
-0.00102693
0.00014600
0.00006695
0.00154774
-0.00039960
-0.00122961
-0.00140636
0.00114570
0.00024073
0.00181316
-0.00055593
-0.00002560
0.00111374
0.00136283
-0.00141047
-0.00022771
-0.00074175
0.00079619
0.00053523
0.00028844
0.00042441
-0.00028431
0.00010012
0.00141924
0.00014313
-0.00033668
0.00150219
-0.00046181
0.00038374
-0.00009270
-0.00007849
-0.00113558
0.00089448
0.00049200
-0.00092158
-0.00034556
-0.00139709
0.00095336
0.00134776
0.00048303
-0.00037786
0.00067576
-0.00000410
0.00137558
0.00086918
0.00119882
0.00080655
0.00141611
-0.00107344
0.00008516
-0.00168977
0.00195451
-0.03717225
0.00023493
-0.00064446
-0.00010484
-0.00032722
0.00067806
-0.00033368
-0.00136257
-0.00016059
0.00024695
-0.00080581
0.00065586
-0.00097709
0.00040357
0.00025579
0.00140714
-0.00025093
-0.00127787
-0.00149944
0.00110079
0.00014545
0.00156472
-0.00048324
0.00023547
0.00131883
0.00141802
-0.00133422
-0.00009548
-0.00082138
0.00061347
0.00038535
0.00037247
0.00033851
-0.00013861
0.00024144
0.00148536
0.00024084
-0.00026195
0.00149380
-0.00032526
0.00044594
-0.00013119
0.00000165
-0.00125141
0.00096809
0.00054028
-0.00095713
0.00006862
-0.00141563
0.00090494
0.00139024
0.00050457
-0.00036547
0.00059638
0.00007553
0.00135816
0.00105566
0.00115052
0.00073916
0.00130425
-0.00114489
0.00033287
-0.00198795
0.00193640
-0.03749699
0.00013710
-0.00067051
0.00007738
-0.00034176
0.00069096
-0.00058750
-0.00132309
-0.00032747
0.00025479
-0.00091887
0.00081443
-0.00094924
0.00022788
0.00013511
0.00137757
-0.00034459
-0.00129430
-0.00142997
0.00116762
0.00017220
0.00166274
-0.00046909
0.00011275
0.00124968
0.00144494
-0.00144277
-0.00024088
-0.00070001
0.00066019
0.00058671
0.00036400
0.00046169
-0.00027591
0.00020965
0.00146336
0.00016236
-0.00024493
0.00152543
-0.00040671
0.00042416
-0.00010997
0.00001161
-0.00119416
0.00091613
0.00049122
-0.00095443
-0.00014781
-0.00145452
0.00091867
0.00138415
0.00054628
-0.00035251
0.00057325
0.00003366
0.00144340
0.00091540
0.00121491
0.00073800
0.00138564
-0.00107391
0.00027036
-0.00189919
0.00190541
-0.03795855
0.00021553
-0.00069681
-0.00004843
-0.00032302
0.00073254
-0.00048802
-0.00139163
-0.00027412
0.00024651
-0.00084402
0.00068217
-0.00097921
0.00028715
0.00014638
0.00142161
-0.00029726
-0.00124920
-0.00143199
0.00113197
0.00017280
0.00163549
-0.00047435
0.00011091
0.00129170
0.00143107
-0.00139979
-0.00018550
-0.00076853
0.00067108
0.00051277
0.00030622
0.00044061
-0.00023159
0.00020231
0.00137204
0.00018392
-0.00012693
0.00151537
-0.00046918
0.00039569
-0.00014461
0.00012018
-0.00107335
0.00092327
0.00053083
-0.00096429
0.00001287
-0.00141821
0.00091926
0.00133757
0.00055345
-0.00022425
0.00065612
0.00010638
0.00132933
0.00088737
0.00113648
0.00076926
0.00128792
-0.00095102
0.00031914
-0.00171532
0.00193390
-0.03834860
0.00017325
-0.00072238
-0.00011870
-0.00033145
0.00059307
-0.00045411
-0.00145837
-0.00012031
0.00016418
-0.00078653
0.00071316
-0.00098765
0.00025481
0.00027253
0.00138015
-0.00023992
-0.00127152
-0.00139888
0.00112089
0.00023605
0.00149869
-0.00044709
0.00011334
0.00131825
0.00141760
-0.00143394
-0.00016331
-0.00076165
0.00067385
0.00041816
0.00046094
0.00033873
-0.00023892
0.00019054
