0.01921646
-0.03696747
0.01121893
-0.00411784
-0.00809370
0.03322516
-0.02398036
-0.03935931
-0.01736545
0.00062843
0.01442537
-0.00460195
0.02578290
0.01303946
-0.03879911
0.02090071
0.03303053
0.01510236
-0.00172072
-0.01551444
-0.01368686
-0.00825359
0.01257043
-0.00433107
0.02551439
-0.00591934
-0.01438570
0.01813526
-0.01179848
-0.01241571
0.01053777
-0.00197725
0.02080264
0.02069814
0.02818142
0.01274568
-0.00553341
-0.00976400
0.02707328
-0.01819738
0.01891200
-0.01223096
0.03659431
-0.02860267
-0.01098306
0.02353766
0.02622519
0.01948439
0.02188282
0.02176782
0.00967313
0.03717434
-0.04397175
0.00115418
-0.02252309
0.02037250
0.01584715
-0.01161906
-0.03293460
-0.01318741
-0.00966914
-0.01272746
0.00038286
-0.00956384
0.43437624
0.47788280
-0.03523603
-0.10329019
0.25635827
0.15012535
-0.23571281
0.05608614
-0.23696077
0.19360888
0.23793975
-0.21401469
0.33433127
0.21287858
0.07741362
0.16923480
0.37895256
0.59296584
0.50652486
-0.16623673
-0.13697176
-0.16261916
0.15415940
1.38711786
0.04153697
-0.14721493
-0.03774199
0.00825603
0.00210537
0.09724934
-0.02084179
0.03996349
-0.47463635
0.09945458
-0.39580774
-0.31707656
-0.09831019
0.19317004
-0.08219503
-0.23191787
-0.14641184
0.16412985
-0.04841354
-0.25169572
-0.26677427
0.13438590
0.22185610
-0.04063069
0.20380780
0.16473977
0.20141777
0.58909273
0.03880582
0.41562641
-0.87496597
0.08194594
-0.79226184
-0.07693397
0.03088366
-0.01466494
-0.02513978
0.02241659
0.03716686
0.02596629
0.65537405
0.18609612
0.33524701
0.24895349
0.34072179
0.01648763
-0.28634515
0.22585717
-0.30839080
0.32164818
0.35842994
-0.36510047
0.34192768
0.32807451
0.21307950
0.20390496
0.50987470
0.61970448
0.44970766
-0.16822992
-0.15875818
-0.24219479
0.20033911
1.28659415
0.00011247
0.11010163
0.18245703
0.05011540
0.17904547
0.10884782
-0.16788180
0.11921825
0.15435994
0.47451532
-0.27537787
-0.31288242
0.18257493
0.33418399
-0.25913727
-0.28713837
-0.31368744
0.34007254
-0.26409817
-0.29862446
-0.34857431
0.17205605
0.20077036
-0.14923151
0.21286890
0.17912753
0.23876931
0.91490835
0.08359957
0.54603451
-1.14480007
0.09430356
-0.55727261
-0.01826563
-0.00977634
0.18548988
-0.07492962
0.17284432
0.11003768
0.16182689
0.15313941
-0.06270682
0.17490730
0.18150535
0.21786916
0.06589983
-0.32077089
0.13019295
-0.30631530
0.28389499
0.33891732
-0.25766009
0.38307863
0.30707225
-0.00854373
0.25463414
0.44002473
0.50396562
0.33314335
-0.22462527
-0.22566777
-0.24855560
0.22797471
1.11520791
0.13454801
0.04980909
0.08983815
0.14690934
0.10709419
0.09668434
-0.11089730
0.12010881
0.39394644
0.24584214
-0.04783983
-0.13071468
0.16173857
0.34480959
-0.22153696
-0.33249566
-0.24345776
0.27434707
-0.05331349
-0.34972018
-0.20567125
0.23331444
0.27232096
-0.02738404
0.28208345
0.24731702
0.26456591
0.83281142
-0.12018031
0.51380140
-1.07260418
0.17080081
-0.44474000
-0.12875466
-0.16864239
0.10271289
-0.13401423
0.10665323
0.12293531
0.11168329
-0.33328235
-0.24056549
0.15654844
0.30877483
0.17553347
0.00195451
-0.32426178
0.21590337
-0.32077748
0.30510551
0.44158906
-0.35314214
0.41835681
0.37884423
-0.02001910
0.32632062
0.47044039
0.50650394
0.37564486
-0.23221952
-0.26160678
-0.22272260
0.22705419
1.00615537
0.16409792
-0.09575772
-0.07296386
0.08287539
-0.04604982
-0.02268388
0.03531078
0.00246984
0.34509167
0.03343029
0.16053224
0.01972128
0.32619351
0.43275484
-0.33806261
-0.36252245
-0.34535041
0.39331090
-0.07124709
-0.39104816
-0.32456863
0.24239624
0.34299546
-0.04992982
0.32769349
0.29466733
0.28308344
0.90475243
-0.05262772
0.48118517
-1.07256019
0.20014106
-0.44595507
-0.09052204
-0.14612567
-0.05584135
-0.04786171
-0.04169757
0.01194355
-0.03104506
-0.70306581
-0.47552615
0.33171645
0.32397759
0.16672449
-0.07074136
-0.10461894
0.17975663
-0.14179125
0.11728152
0.21729344
-0.10541920
0.38202301
0.18916641
-0.02292917
0.18697840
0.35480505
0.54628068
0.44384170
-0.20394747
-0.14432293
-0.15824698
0.17180292
1.31444800
0.08796198
-0.16494635
-0.07815035
0.04712109
-0.03564832
0.06080311
0.01462900
0.02813204
-0.01516828
-0.00656821
0.17885235
-0.06415936
0.22888334
0.25516757
-0.21566458
-0.15625092
-0.25131664
0.20397586
0.12897024
-0.30773437
-0.13501239
0.18126567
0.24879585
-0.00490603
0.24478669
0.21107899
0.21043161
0.56329411
-0.05968058
0.36418152
-0.84089631
0.11910073
-0.71039504
-0.09821881
-0.04344088
-0.05437337
-0.04192377
-0.01858907
0.03009934
-0.00627845
-0.68609565
-0.53136092
0.07640557
0.74014074
0.14876364
-0.36552438
0.16352917
0.58932447
-0.15187787
0.32991004
0.58852565
-0.58459049
0.26318139
0.32529685
0.83783942
0.16304597
0.60395873
0.97659135
0.99199361
-0.09845818
-0.17309964
-0.08637176
0.12086955
2.06813264
-0.15827784
-0.66773069
-0.45219961
-0.35178706
-0.35449144
-0.06260593
0.30485743
-0.25377616
-1.46121621
-1.07087386
1.12925231
0.51140177
0.71980166
0.14196560
-0.54366738
0.04456118
-0.54541582
0.62562180
-0.71132755
-0.14596877
-0.71435386
-0.02357674
0.18657303
-0.50062960
0.13459888
0.10888149
0.28956974
0.47785550
1.02647114
0.45172688
-0.83590561
0.01465719
-1.67776203
0.11694892
0.45868924
-0.39290246
0.30209875
-0.29068965
-0.26226726
-0.29125190
0.23915039
0.11581723
-0.17712511
0.07631974
-0.17054330
-0.28628394
-0.08279458
0.33587724
-0.18698511
0.17593272
0.41686752
-0.29498523
0.42795226
0.33771086
-0.07761182
0.30967924
0.36286211
0.39616448
0.30525601
-0.23622034
-0.26655081
-0.21339616
0.22405523
0.95784360
0.16957282
-0.04122776
-0.01056146
0.09423644
0.01332858
0.02647237
-0.02149073
0.04371821
-0.35833856
-0.20228937
0.14392436
0.30884421
0.33975750
0.30761227
-0.44051069
-0.22563289
-0.40015349
0.42573142
0.02166860
-0.41533583
-0.27577719
0.26096755
0.32521665
0.00383556
0.32130510
0.28825951
0.28412446
0.78748095
-0.11203437
0.46838051
-0.98322946
0.20067467
-0.40528116
-0.11038503
-0.13488524
0.00449306
-0.07224061
0.01731713
0.04997388
0.02373334
0.82758510
0.40814674
-0.30677998
0.18779510
-0.10205365
-0.22332831
0.05856128
0.23433149
-0.01893312
0.03917807
0.16067445
-0.02025532
0.38896719
0.15873063
0.01767834
0.16414379
0.34295604
0.58276516
0.48328346
-0.19577828
-0.11143573
-0.16482089
0.16648166
1.50486863
0.02655021
-0.08671610
0.02330661
0.03551545
0.05110437
0.10354557
-0.06298127
0.06954657
-0.12983340
-0.48735213
0.40702862
0.35937205
0.28862512
0.08942682
-0.19841586
-0.00821054
-0.30049562
0.20598894
0.19443014
-0.32051998
-0.00340775
0.19768898
0.23207086
-0.00628691
0.23661059
0.20659220
0.21738209
0.63862491
-0.01454320
0.41224372
-0.97259861
0.08656414
-0.78475201
-0.06457613
0.00056367
0.04079730
-0.05062994
0.06358422
0.06543649
0.06619606
0.15048112
0.11626317
-0.09796633
-0.04183788
-0.18975046
-0.33438137
-0.05921713
0.32608229
-0.19638366
0.15449937
0.41803414
-0.26750636
0.51137835
0.34829473
-0.10923849
0.33821604
0.43610504
0.49628523
0.33309233
-0.28382024
-0.30134296
-0.28777665
0.28567648
0.93256438
0.22065654
0.08505564
0.10085110
0.20710808
0.12596990
0.12236764
-0.13322626
0.15386222
0.22325252
0.02991195
-0.01651441
0.18967335
0.19896214
0.25161260
-0.46666482
-0.26914492
-0.36792219
0.39538944
0.05370337
-0.50810415
-0.28937060
0.35635287
0.35782874
0.06298135
0.38102257
0.34009147
0.33319294
0.88028032
-0.16788657
0.54997754
-1.06084251
0.25103065
-0.32356733
-0.19296768
-0.24735497
0.11773328
-0.18360424
0.12949610
0.16052569
0.13567255
-0.31531268
0.18915147
-0.23753226
-0.30067235
-0.39059150
-0.42658639
0.19849361
0.40971208
-0.03614050
0.09797531
0.41330671
-0.20837668
0.43338823
0.29521659
0.05159532
0.29373503
0.50203264
0.58526301
0.45063758
-0.24729773
-0.24007115
-0.22535200
0.22821419
1.21222162
0.14238776
-0.26480272
-0.21140887
-0.00538230
-0.17471379
-0.10016460
0.15597050
-0.09694500
0.61208624
0.34214932
-0.24708356
0.23272547
0.09200459
0.00231738
-0.40802813
-0.02098872
-0.45797437
0.47396821
0.04375620
-0.39914048
-0.22688285
0.23625812
0.31552231
-0.08809116
0.32986620
0.29608622
0.28836799
0.78867894
0.08042654
0.43568945
-0.98716003
0.19404942
-0.68265772
-0.04298727
-0.05812946
-0.19078635
0.04281374
-0.16658670
-0.08572109
-0.14850648
-0.21595134
-0.02749250
-0.00611022
-0.15377948
-0.21711841
-0.28934598
0.08014722
0.28370950
-0.08295251
0.07891782
0.30906028
-0.14173280
0.37392941
0.22962950
-0.01637416
0.21835479
0.30086565
0.37302947
0.23078392
-0.20658788
-0.18587749
-0.24354088
0.21397719
0.93297148
0.09472775
0.16879947
0.19286636
0.19356914
0.20291412
0.17520009
-0.20128177
0.19476260
0.02957914
0.12930603
-0.10072021
0.05241976
0.02035657
0.02220312
-0.33128351
-0.11651990
-0.30347878
0.31289956
0.04569727
-0.39699179
-0.10782024
0.29515016
0.23352993
0.04361652
0.26187155
0.22901556
0.24941002
0.76938021
-0.16870704
0.51031041
-1.03100312
0.14765933
-0.30456263
-0.13839039
-0.19339737
0.20237814
-0.19283698
0.20306405
0.19439758
0.20149380
-0.45143539
-0.18166116
-0.16641647
-0.23013702
-0.20077811
-0.17485347
0.07180288
0.14461808
0.04407662
-0.00919069
0.02346094
0.06985359
0.33797979
0.09583522
-0.10665990
0.12874067
0.21990737
0.42142278
0.35392031
-0.18243162
-0.07782853
-0.13808933
0.14440179
1.20631516
0.05279213
-0.02661871
0.04994707
0.09019531
0.07880444
0.13215308
-0.09103447
0.10669697
-0.35542670
0.40874791
-0.32075828
0.16661790
0.04490030
-0.04094965
-0.11070282
0.01106076
-0.18826190
0.10940288
0.25208709
-0.27769879
0.07210661
0.19947238
0.19037414
0.06245686
0.21429674
0.18752500
0.17661923
0.49144408
-0.16918451
0.33602127
-0.80724579
0.08435640
-0.57438117
-0.10345544
-0.06447923
0.06714432
-0.09906542
0.09132890
0.10411580
0.09600560
0.12015671
-0.51891959
0.12109922
-0.36182916
-0.27156657
-0.19361976
0.16682011
0.18991880
0.09913235
-0.02207405
0.05398154
0.07283112
0.37069133
0.12142769
-0.06397626
0.15751782
0.29827550
0.50598729
0.40291494
-0.21588832
-0.09766101
-0.17536615
0.18076876
1.35476327
0.05775795
-0.08133673
0.00764237
0.06845152
0.03821094
0.09441616
-0.05120798
0.07199855
-0.74737334
0.14540856
-0.41748762
-0.01085904
-0.09093229
-0.15009455
-0.10035829
0.09431264
-0.25239924
0.17628619
0.26261070
-0.30487970
0.08198419
0.21173392
0.21904781
0.02601101
0.25165787
0.22628555
0.20846474
0.58633751
-0.11745888
0.37069803
-0.91286623
0.10978428
-0.67527986
-0.08446734
-0.05378213
0.02531237
-0.07130647
0.04966038
0.07071337
0.05660815
0.55646449
-0.38274592
0.24742946
-0.33468360
-0.32560623
-0.30589572
0.24035902
0.30555055
0.00254793
0.01252274
0.27937683
-0.09989142
0.47318286
0.20914152
0.00117944
0.24615057
0.42639732
0.67140985
0.59947854
-0.24963617
-0.21472991
-0.19058418
0.21925065
1.43116438
0.13875848
-0.34077591
-0.24191129
-0.00430828
-0.17255764
0.02289219
0.13411368
-0.05198340
-0.25073579
-0.17598650
-0.24737115
-0.08600191
-0.11129609
-0.17887919
-0.23802716
0.01361673
-0.30488941
0.30225489
0.11646862
-0.37064928
-0.17907652
0.22618148
0.30338204
-0.02782341
0.32779974
0.29649907
0.30361751
0.57092553
0.14498556
0.42573628
-0.85631907
0.17758662
-0.90700227
-0.12376258
-0.00314869
-0.20365709
0.01748130
-0.13783348
-0.04483872
-0.12026291
0.27854863
0.09537700
0.15161170
0.00279854
-0.07861891
-0.22925921
0.47053888
0.41698658
0.13202327
-0.07773519
0.44440141
-0.19780317
0.52050394
0.32620454
-0.04024671
0.35786313
0.44758913
0.47796184
0.35416389
-0.28451955
-0.30656052
-0.24711692
0.27119389
0.97676760
0.19116332
-0.16184366
-0.14059138
0.03846565
-0.11003131
-0.07606931
0.09735492
-0.05306507
0.31478384
-0.19576669
0.16083845
-0.30770084
-0.36281773
-0.37636876
-0.18809530
0.17850420
-0.45948046
0.50575763
0.17218156
-0.52021205
-0.25413036
0.33117276
0.35905409
-0.00885779
0.39210957
0.35558325
0.33728415
0.82094246
-0.02670623
0.46846232
-0.98412430
0.25313032
-0.48336580
-0.06789706
-0.10911748
-0.12274814
0.00044321
-0.10531405
-0.04206194
-0.09217293
-0.12102173
0.25749636
0.15657060
0.09591413
0.01287968
-0.10826494
0.49969816
0.36735472
0.19741984
-0.09869874
0.40924731
-0.11975802
0.51829243
0.29149142
-0.03378097
0.33645576
0.50460815
0.58409894
0.42340174
-0.30104744
-0.28748888
-0.26844129
0.27730632
1.14157975
0.18959326
-0.21411403
-0.16372752
0.02466722
-0.12944056
-0.07221158
0.11209052
-0.06299084
0.61773545
-0.23300451
0.24786724
-0.34540164
-0.40663236
-0.44819421
-0.07052458
0.26700002
-0.44542682
0.50263274
0.18532035
-0.48359543
-0.16926573
0.30815539
0.34625632
-0.03104948
0.40624943
0.36382085
0.34021422
0.83427757
0.05196471
0.47487333
-1.00944984
0.24393448
-0.62247264
-0.07588740
-0.08952442
-0.14420217
0.01184953
-0.12204950
-0.05211776
-0.10658967
-1.46422541
1.22308159
0.26152831
0.37576845
0.01458621
0.14575034
0.42796284
0.02255133
0.40587455
-0.23740308
1.01020384
-0.51920927
0.59338075
0.38610092
0.83612144
0.28161371
0.75005180
1.13743162
1.08191812
-0.14669311
-0.23117453
-0.19811383
0.17111780
2.21342087
-0.15036955
-0.76586300
-0.54927588
-0.39012817
-0.44032285
-0.14484270
0.38760066
-0.32238492
0.72363710
-0.10965462
1.16004908
-0.83445382
-0.74977708
-0.26836443
0.30911535
0.55465555
-0.39992687
0.71361768
-0.26520318
-0.50837588
-0.69984770
0.13438798
0.38277683
-0.49625263
0.24550185
0.21332914
0.37481040
0.68428189
1.11647642
0.56607318
-0.99857271
0.04531208
-1.80797124
0.15292563
0.47438192
-0.48211303
0.35461709
-0.37529695
-0.32749861
-0.37298220
-0.39959040
0.27616760
-0.13979077
0.24145311
0.20572573
0.10886028
0.35729283
0.18344709
0.27620789
-0.18894003
0.40519530
-0.09737211
0.53736371
0.26481974
0.01008745
0.26609325
0.45287043
0.55833560
0.37839809
-0.25885329
-0.20858048
-0.31701672
0.25938654
1.20904410
0.07769450
0.16375557
0.21970773
0.12730393
0.22118603
0.15204635
-0.21224600
0.17285746
-0.22718427
0.20543180
0.27573305
-0.15300994
-0.20242842
-0.27003428
0.10180235
0.28643048
-0.30909815
0.40443692
0.17110001
-0.54010791
-0.15752822
0.35737863
0.27985251
-0.00668125
0.33781090
0.28624028
0.30029145
0.96890754
-0.07756047
0.60613173
-1.20436573
0.15941136
-0.45920172
-0.09151976
-0.10283408
0.22580117
-0.14313777
0.21612146
0.16728251
0.20680015
0.03654145
-0.03567230
-0.16746973
0.27588606
0.29637593
0.14952205
0.51327646
0.31132129
0.27682358
-0.20006293
0.38928291
-0.08658257
0.54702187
0.28222275
-0.09690949
0.36193660
0.46232316
0.50563890
0.37788969
-0.30393219
-0.31270680
-0.24015024
0.27466682
0.95130324
0.21628688
-0.15225178
-0.14132690
0.06748461
-0.11063391
-0.07652381
0.09669922
-0.04411478
-0.39629519
0.17345063
0.02434978
0.01771645
-0.20938253
-0.44178265
0.13027489
0.35311848
-0.39536014
0.48016876
0.26366985
-0.53108269
-0.18080404
0.36409867
0.35310921
0.02006236
0.42505860
0.38787025
0.35249722
0.82263964
-0.02835001
0.45053411
-0.97078210
0.26850885
-0.44765407
-0.09113227
-0.15380940
-0.12341038
-0.01962728
-0.10689003
-0.03081203
-0.09063602
0.57066560
-0.23338537
-0.32208675
0.35262239
0.38455829
0.28834373
0.40849778
0.17221673
0.36735523
-0.25193033
0.33289790
-0.01438238
0.54149973
0.25544810
-0.07744092
0.33018982
0.45059615
0.54651117
0.40372574
-0.30980667
-0.27288896
-0.26630601
0.27646098
1.23128664
0.17139544
-0.12299325
-0.06814244
0.08023679
-0.03472007
0.00909317
0.02038221
0.01672811
-0.34563529
0.30768946
-0.01647438
0.11780908
-0.11689611
-0.34807888
0.26397982
0.41044080
-0.32237086
0.43444440
0.29787895
-0.51890731
-0.05762450
0.35730034
0.34701753
0.00402295
0.41605037
0.36851805
0.34316787
0.87040621
-0.04033146
0.51055896
-1.11522424
0.22983307
-0.60753304
-0.10887425
-0.12578577
-0.04738398
-0.05330883
-0.02640977
0.02466761
-0.01569017
0.11445485
-0.01360780
0.03093860
0.09791131
0.20916358
0.20731291
0.44569385
0.30726290
0.20858206
-0.16043715
0.24075747
-0.00018965
0.49904695
0.20994875
-0.17342640
0.30357608
0.33388379
0.35390773
0.21477197
-0.28025168
-0.28102735
-0.24064547
0.26431048
0.71042937
0.21978861
0.01636339
0.01018821
0.15932778
0.03392210
0.03309549
-0.04246506
0.07433026
0.10314965
-0.04057247
-0.03036604
0.06735601
-0.06603023
-0.35098064
0.16483799
0.30784979
-0.33202714
0.33767027
0.28346112
-0.50314260
-0.09008531
0.38618323
0.30180085
0.12275671
0.38548642
0.34739202
0.31219348
0.71794808
-0.21253279
0.43181124
-0.87486976
0.25749624
-0.24233927
-0.14493081
-0.22652173
0.02554104
-0.12236377
0.03592507
0.08471633
0.04570537
0.23635702
-1.02403820
-0.53753138
0.43305036
0.72746384
0.37662056
0.00236455
-0.35214421
0.54961801
-0.46346804
0.92304015
-0.36531523
0.57641923
0.31089401
0.75178295
0.26535621
0.57480049
0.95653766
0.96196210
-0.13045129
-0.22479175
-0.10344490
0.14460099
2.06734943
-0.13141453
-0.66908574
-0.45630828
-0.34912813
-0.35601541
-0.06150255
0.30560240
-0.25315416
1.59687674
-0.61681521
-0.99604654
0.78854769
0.10507759
0.10917539
0.56772387
0.47464037
-0.13588719
0.53426647
0.01860523
-0.47916353
-0.49729943
0.09858400
0.41425449
-0.45475274
0.22910130
0.22499220
0.37753227
0.47013012
1.01640308
0.44812545
-0.83212864
0.05877690
-1.68007958
0.10892907
0.45460206
-0.39526704
0.30030128
-0.29092509
-0.26139882
-0.29179272
-0.33180240
0.06793968
0.12089689
-0.06876782
0.23798759
0.40697461
0.28276077
0.09680714
0.36406639
-0.27776048
0.21596536
0.02212386
0.48109198
0.21117070
-0.10983688
0.31998727
0.37227678
0.39411390
0.30527490
-0.26880261
-0.26514572
-0.17774265
0.23526062
0.81812888
0.18102224
-0.21972097
-0.21574339
0.00355954
-0.18699451
-0.14581369
0.17293525
-0.11592871
0.16154514
-0.15675664
-0.11137079
0.24765164
0.20543081
-0.12273912
0.39514306
0.42387694
-0.24051178
0.33771050
0.32783356
-0.46679479
-0.07276279
0.34177169
0.31205946
0.04708965
0.38451257
0.35476530
0.30615023
0.71111459
-0.04560138
0.34620866
-0.83732569
0.24152640
-0.42761782
-0.02843871
-0.09721810
-0.20018919
0.04758707
-0.18335795
-0.10215366
-0.16637152
-0.61891460
0.01120770
0.00826839
0.07007413
0.19006315
0.17725986
0.03023751
-0.04535829
0.20685813
-0.08501986
-0.16325602
0.22475603
0.23682736
0.02029273
-0.12981305
0.10745996
0.18528275
0.38976002
0.31422850
-0.21139967
-0.06173288
-0.15743458
0.16974580
1.26856029
0.05071801
-0.01198549
0.06705081
0.09670560
0.09502732
0.13744998
-0.10544164
0.11659010
-0.07800189
-0.49904478
-0.39569524
0.29395190
0.09648528
0.02341098
0.12686005
0.14977232
-0.01890240
0.06910297
0.20533517
-0.16581233
0.25445205
0.20530467
0.15551774
0.07076386
0.23344539
0.22145694
0.19784012
0.48375845
-0.20104218
0.33645841
-0.84441173
0.10368741
-0.59376729
-0.09841880
-0.06975026
0.08417674
-0.10598741
0.10631037
0.11326048
0.10964242
-0.45934296
1.12307072
1.05166185
-0.62165195
0.33854103
0.21398672
-0.28667197
-0.50919688
0.56522757
-0.57097089
0.90681231
-0.30193892
0.62093455
0.30310014
0.72862411
0.28333175
0.56766987
0.95123440
0.95545650
-0.13638826
-0.23442394
-0.10663028
0.14903818
2.06709766
-0.12637371
-0.66932911
-0.45707455
-0.34862778
-0.35630015
-0.06129557
0.30574182
-0.25303742
-1.54754138
-0.40966743
-0.41839686
0.65029907
0.65240705
0.32859093
0.49003589
0.30001262
0.03260517
0.41741532
0.17332269
-0.52142674
-0.44046131
0.12043336
0.45375252
-0.44377598
0.24623965
0.24645254
0.39370632
0.46844223
1.01422477
0.44737819
-0.83134538
0.06704697
-1.68046618
0.10742356
0.45383161
-0.39570841
0.29996341
-0.29096878
-0.26123571
-0.29189396
0.64925039
0.77651125
0.75724137
-0.54781270
0.08807023
0.16291606
-0.18352483
-0.31044143
0.41292852
-0.42769021
0.54673958
-0.11497938
0.64303595
0.22699545
0.35909998
0.25774860
0.48491186
0.83066875
0.81049323
-0.17384663
-0.20611116
-0.12937161
0.16382703
1.82787204
-0.05143102
-0.40060186
-0.23315907
-0.17183231
-0.15678018
0.04517930
0.12147421
-0.08891832
-0.86588132
0.24566585
0.07900536
0.28225005
0.50209486
0.23799628
0.33881268
0.21289030
0.03747657
0.22570552
0.24623021
-0.52108556
-0.27431640
0.22908217
0.37769520
-0.20425823
0.29005191
0.28321186
0.36843356
0.62351620
0.61082000
0.48312294
-0.93306881
0.09107038
-1.29473794
0.01018876
0.26054138
-0.18715030
0.13086328
-0.11044645
-0.09731661
-0.11108226
-0.09455279
-0.07427356
-0.10952238
-0.03035061
-0.00704999
0.37908098
0.12295543
0.04791301
0.32036597
-0.30254596
0.15838435
0.11463851
0.56700677
0.15638600
-0.29791504
0.28866997
0.25118333
0.28150994
0.20422041
-0.30306718
-0.27859089
-0.25003821
0.27319580
0.53360438
0.23240513
0.16157080
0.14225282
0.21713534
0.15681165
0.12373614
-0.15803154
0.16797605
-0.03270564
-0.12084847
-0.06418917
0.00752928
0.16092093
0.08886369
0.42999938
0.40478632
-0.14317764
0.20250589
0.35222036
-0.54486775
-0.04349849
0.45939779
0.24535795
0.20024401
0.39448249
0.35339451
0.31733423
0.73089659
-0.24308571
0.44897515
-0.83916670
0.25439507
-0.05099539
-0.19210796
-0.26003414
0.15318818
-0.19418147
0.15595110
0.17335911
0.15883280
0.16301432
-0.13053009
-0.02290960
-0.23270220
-0.25558364
0.26835883
-0.16731727
-0.23392348
0.47759542
-0.44480589
0.17840534
0.13566911
0.55335116
0.18268919
-0.12919280
0.33510810
0.45307159
0.52143282
0.37136143
-0.33084905
-0.28374213
-0.25598010
0.27979690
1.07110631
0.20049942
-0.18828911
-0.15942185
0.05499712
-0.12706022
-0.07759318
0.11121756
-0.05464856
0.47744334
0.18787269
0.20300765
-0.20295462
0.28838515
0.37121698
0.47259933
0.38045591
0.00089619
0.23407663
0.40780649
-0.50089514
0.01208207
0.39904213
0.32151949
0.04175636
0.45636314
0.40607357
0.34864348
0.83699310
-0.02569342
0.45163369
-1.00582647
0.25627637
-0.54256284
-0.08593172
-0.13661312
-0.14096676
-0.00845949
-0.12205344
-0.04145574
-0.10470321
-0.40111619
-0.53015262
-0.06418355
-0.38820016
-0.28691834
0.04647696
-0.24356566
-0.29176268
0.36865523
-0.38345379
0.28014123
0.05618563
0.57911915
0.17239751
0.15578300
0.24982983
0.42051870
0.74967170
0.69515455
-0.24456701
-0.19187969
-0.19671324
0.22153957
1.63187551
0.01734247
-0.23447531
-0.09999052
-0.07048386
-0.05127341
0.07641719
0.02797784
-0.00940973
0.77507442
0.43194675
0.59690440
-0.31586814
0.32212830
0.30561748
0.25172958
0.15628807
0.10103222
0.12921882
0.31541258
-0.44207743
-0.05601394
0.26623660
0.34504658
-0.08353631
0.34171289
0.34089452
0.36965472
0.65180093
0.34246555
0.46207431
-0.94315678
0.14274159
-1.02121854
-0.03416242
0.13488427
-0.07068714
0.04092157
-0.02201343
-0.01581535
-0.02093519
-0.59085625
-0.34343973
-0.23925766
-0.05876312
-0.31310719
-0.00872117
-0.28544295
-0.29820877
0.39833969
-0.38711861
0.12975055
0.17792262
0.43809149
0.12269073
-0.03043374
0.25326556
0.42123452
0.53221518
0.35514793
-0.29827404
-0.19762352
-0.26461965
0.26673946
1.16873837
0.11380007
-0.06700306
-0.01696911
0.07059593
0.00634294
0.02068357
-0.01465315
0.03496234
-0.02800342
-0.10041939
0.17610294
-0.30844760
0.08165319
0.35088849
0.28224397
0.21412189
0.10447690
0.14775142
0.33404964
-0.39102325
0.09902334
0.34509549
0.26397389
0.00313816
0.38723406
0.34612650
0.30873141
0.78835213
-0.01892487
0.45075923
-1.00900364
0.20034371
-0.57175577
-0.06706503
-0.09768984
-0.00107166
-0.05441146
0.00979030
0.03883465
0.01790622
-0.03248453
-0.00212026
0.03308611
-0.01567588
-0.18429539
0.10567531
-0.20315334
-0.18826914
0.35506052
-0.32088181
0.03872525
0.22622870
0.52332640
0.09998029
-0.25577354
0.26584342
0.27760726
0.34317264
0.22264874
-0.31885007
-0.25618941
-0.26787761
0.28615054
0.71339452
0.20713703
0.14487872
0.13983321
0.21023877
0.15414344
0.12094782
-0.15513328
0.16445301
-0.01818388
0.02288662
0.00308932
-0.09089770
0.05460531
0.35820132
0.38334537
0.35004705
-0.00118809
0.11475360
0.35127172
-0.46792907
0.08055846
0.44922739
0.23904745
0.18683919
0.40997329
0.37087265
0.32734561
0.74865180
-0.24502593
0.46489161
-0.90861678
0.25255549
-0.16238621
-0.17352125
-0.24909130
0.14999507
-0.18877491
0.15199776
0.16948743
0.15635668
0.10761671
-0.00496733
-0.12223862
0.06723264
-0.24552067
-0.04353958
-0.28721732
-0.26716936
0.35376889
-0.33957341
0.00430365
0.26764929
0.44003558
0.07462540
-0.18999510
0.25027424
0.31801331
0.41870934
0.25946295
-0.33723757
-0.22659369
-0.30637905
0.30579889
0.94105572
0.18618186
0.12382301
0.14484978
0.21642552
0.16055512
0.14099900
-0.16343497
0.17637146
-0.28299433
-0.16536283
-0.01937542
-0.18038270
-0.02925683
0.35155898
0.26714990
0.24035870
0.09685927
0.09147286
0.33438805
-0.39227509
0.17575380
0.41967860
0.24439777
0.13106783
0.41530228
0.37505579
0.32790217
0.78022540
-0.19924091
0.49319115
-1.00831866
0.24352610
-0.30725998
-0.17546825
-0.24741077
0.15630728
-0.19770311
0.15907249
0.18097863
0.16525978
0.82768041
0.38958007
-0.37501040
0.30311683
-0.38061011
-0.21438579
-0.36621019
-0.33938226
0.31841528
-0.40195844
0.13079718
0.16854528
0.57665044
0.13862625
0.02162771
0.28619128
0.44408783
0.72019058
0.64544642
-0.30358130
-0.24231952
-0.22551923
0.26091146
1.58543527
0.10579726
-0.37321186
-0.25248018
-0.08051558
-0.18766679
-0.01518544
0.15354511
-0.09368084
-0.18565230
-0.44354004
-0.34458768
-0.33099151
-0.15567541
0.28028628
0.07312997
0.04325021
0.21769178
0.02372423
0.37293726
-0.41003099
0.06229255
0.30696845
0.34616280
-0.04039327
0.42430300
0.40712565
0.39636940
0.64676315
0.28906372
0.45134893
-0.92783272
0.20664863
-1.03671026
-0.05523973
0.09228230
-0.21591812
0.08048820
-0.15482832
-0.09075894
-0.14239423
0.51548076
0.61095494
0.04600079
0.48850399
-0.18021779
-0.36876872
-0.46095940
-0.43340513
0.34651649
-0.57539451
0.26682323
0.17776600
0.57195204
0.17554638
0.16044471
0.29962716
0.49550638
0.65880209
0.47833446
-0.28973210
-0.20128702
-0.28706905
0.26602569
1.41467249
0.00604246
0.08630235
0.16954365
0.02718911
0.16708268
0.09715067
-0.15656349
0.10427757
0.62302077
0.09404606
-0.54623675
0.02004635
-0.42274591
0.09516726
-0.09816016
-0.12703729
0.39485657
-0.03517178
0.49820900
-0.51409250
0.03930041
0.36868545
0.35768586
-0.10013583
0.39443332
0.35488328
0.35616285
0.95471686
0.14260077
0.55996531
-1.20009696
0.15679604
-0.65676421
0.00109365
0.01784159
0.17428306
-0.05485192
0.16209567
0.09421211
0.15013325
-0.02047982
0.23075959
-0.04864376
0.16805354
-0.13730830
-0.20320955
-0.29937306
-0.26759145
0.25321689
-0.26110792
-0.06765173
0.29848677
0.36192280
0.01738101
-0.17970261
0.19128701
0.27445710
0.41161889
0.27213573
-0.31317276
-0.17575650
-0.27982551
0.27963281
1.05367327
0.13761745
0.07871869
0.12165093
0.16012566
0.14396715
0.14371489
-0.14977217
0.15594183
0.32658935
0.06011557
-0.15708743
-0.07866579
-0.13082644
0.20710225
0.09217906
0.12120321
0.14693895
0.02107730
0.25374404
-0.28081390
0.23020527
0.36845797
0.19017419
0.12492704
0.37332916
0.33697897
0.29763737
0.68656325
-0.18411416
0.45973799
-0.96010768
0.20534089
-0.40583989
-0.13977133
-0.16104440
0.13715874
-0.15753999
0.14826106
0.15636535
0.15176266
-0.60019696
-0.05023438
0.31029651
0.23429134
0.06869819
-0.43619436
-0.44898960
-0.41887420
0.28525370
-0.49782187
-0.00624828
0.29775915
0.48939705
0.10231434
-0.17675570
0.31081423
0.34696725
0.44525525
0.32668522
-0.36159423
-0.27859882
-0.29355365
0.30372837
1.14495385
0.18690038
-0.11194423
-0.05704417
0.08141787
-0.02680311
0.01003498
0.01412142
0.02012322
0.16979095
0.35042730
-0.08480670
0.30204061
-0.42065474
0.06991877
-0.16167605
-0.10736939
0.38912794
-0.09993389
0.44855624
-0.42154226
0.19066384
0.42301452
0.28726351
0.08127000
0.46007633
0.40843666
0.36458957
0.82304627
-0.03892766
0.50356996
-1.05384803
0.25330523
-0.56852043
-0.11447307
-0.12622143
-0.03870397
-0.05536167
-0.02092220
0.02784088
-0.01020296
-0.68675721
-0.33577222
0.52389699
0.28707936
0.03691018
-0.29157633
-0.26589966
-0.26540995
0.17392841
-0.34153461
0.05611028
0.23782215
0.47785535
0.07219199
0.05268882
0.23674116
0.37193400
0.68111098
0.60632950
-0.28857258
-0.21410787
-0.23393026
0.25461245
1.66093755
0.05211211
-0.26930687
-0.13346395
-0.05928063
-0.07595532
0.06974272
0.04763338
-0.01723593
-0.48335487
0.53652215
-0.08251125
0.34045416
-0.37755978
-0.06175036
-0.19385311
-0.16390848
0.30879885
-0.09256330
0.34946030
-0.33436772
0.15914488
0.30660507
0.33046919
-0.01635233
0.38325742
0.38243997
0.39324147
0.64129251
0.29270595
0.48944384
-0.97974968
0.17651361
-1.05571866
-0.05339747
0.11106641
-0.09905321
0.03663185
-0.04348373
-0.02073663
-0.03947593
0.05397435
-0.28743470
0.19960770
0.04496241
0.16484898
-0.41881564
-0.40423724
-0.40291402
0.25306159
-0.43848962
-0.06833981
0.35969192
0.46355173
0.05505036
-0.19685568
0.29201096
0.36648691
0.49849689
0.34465587
-0.39179212
-0.26177847
-0.33238974
0.33562636
1.23471832
0.19468549
-0.01103813
0.03712341
0.15013495
0.06665296
0.09184687
-0.07728910
0.10387489
-0.50233001
0.04993626
0.11342445
0.27408689
-0.28931743
-0.05086897
-0.20929326
-0.10027905
0.35817122
-0.10022699
0.40309200
-0.36045748
0.25786710
0.43740016
0.27018937
0.10757990
0.48935324
0.43738681
0.38398516
0.84615850
-0.12784836
0.55174285
-1.14677858
0.26749575
-0.53565902
-0.15797864
-0.18248972
0.05663101
-0.13027205
0.07321038
0.10976329
0.08103239
1.47057319
-0.93898350
0.48119935
-0.24909112
0.47924408
-0.16444519
-0.09172946
-0.13652033
0.08448178
-0.69266522
0.58140981
0.09549006
0.90403080
0.26776558
0.62698781
0.41308981
0.67839777
1.08695281
1.02739751
-0.20945430
-0.30822605
-0.22736305
0.21004321
2.21113944
-0.11056101
-0.76828158
-0.55510253
-0.38563871
-0.44277921
-0.14288281
0.38887897
-0.32128930
-0.71064842
-0.79136765
1.08745492
0.88060707
-0.57680458
-0.25733325
-0.51989442
-0.53806466
0.56350553
-0.29295960
0.86764455
-0.72035128
-0.15689434
0.30892658
0.67268378
-0.39361116
0.40326813
0.39723223
0.50545418
0.66774964
1.09770584
0.55497205
-0.99111593
0.11021943
-1.81084156
0.14027043
0.46755046
-0.48571157
0.35154518
-0.37604752
-0.32597977
-0.37392640
0.49673730
-0.05084675
-0.10340288
-0.28884563
0.34089643
-0.16137320
-0.14450684
-0.19734371
0.04507145
-0.36117706
-0.04514062
0.34000924
0.41454491
0.04461510
-0.06406381
0.22940822
0.38683739
0.51549870
0.34896913
-0.31504175
-0.14745443
-0.29772058
0.26124361
1.22931969
0.05039050
0.05186726
0.11700892
0.04421454
0.11486417
0.05351787
-0.10521235
0.07360935
0.31142044
-0.40332404
0.31168166
0.15939523
0.02641810
-0.27158260
-0.31671613
-0.25988269
0.40907785
-0.21597470
0.37953568
-0.30803579
0.23832855
0.36290237
0.24226239
0.01513936
0.39714640
0.33995745
0.29223210
0.92476249
-0.02987395
0.50883996
-1.15591025
0.15074861
-0.52931762
-0.01874215
-0.03402394
0.11887605
-0.05282282
0.10662035
0.06910907
0.10095467
0.02801866
0.16887271
-0.17594846
-0.26952597
0.30678639
-0.19018260
-0.15482306
-0.24056828
0.08408274
-0.36722818
-0.10023259
0.34135541
0.31260437
0.01889376
-0.13222764
0.24603043
0.31838438
0.45223853
0.31227824
-0.35324115
-0.21253587
-0.29944062
0.30232784
1.19856334
0.13583492
-0.02195549
0.03190091
0.10533167
0.05322918
0.06804207
-0.06076637
0.07778229
0.55923474
-0.31121859
0.21330315
0.10584334
-0.00763778
-0.29790261
-0.35700962
-0.26920253
0.39108157
-0.18306838
0.33656153
-0.24539238
0.28406674
0.37538555
0.23332500
0.06859936
0.42704976
0.38588813
0.34388724
0.76359451
-0.06098002
0.49128705
-1.05781186
0.22438510
-0.55515438
-0.10429680
-0.12432857
0.04697553
-0.09299006
0.05654005
0.08096847
0.06304681
-0.43194446
0.22988497
-0.22646491
-0.28713730
0.31823313
-0.19994140
-0.14019997
-0.27223605
0.05958629
-0.38214329
-0.16651836
0.39043352
0.52949286
0.04259251
-0.25883985
0.30768758
0.30955330
0.39225587
0.30805808
-0.36970156
-0.29218048
-0.26144943
0.30117491
0.91672051
0.23104198
-0.16577378
-0.13696988
0.07168073
-0.09858074
-0.03825673
0.07923186
-0.02425663
0.22089809
0.02607178
-0.02046004
-0.06666967
0.14151555
-0.38278934
-0.44670486
-0.31207210
0.44146061
-0.28216767
0.41147569
-0.36877161
0.23707747
0.44581068
0.25250784
0.14420684
0.48805040
0.43698767
0.37047485
0.73960829
-0.04351206
0.41730040
-0.88755137
0.28198728
-0.47773793
-0.12187992
-0.14100394
-0.11426593
-0.03165096
-0.08833333
-0.01232266
-0.07323328
-0.42128658
0.26140302
-0.20759866
-0.24510320
0.24847807
-0.14120376
-0.11411339
-0.23846912
0.05862834
-0.27392995
-0.18114895
0.38001901
0.40859354
-0.00369900
-0.22010334
0.25128275
0.27097934
0.46149936
0.37655002
-0.35840234
-0.26024809
-0.26920468
0.30191475
1.23016262
0.19257692
-0.19018358
-0.12108007
0.05357191
-0.07070722
0.03829141
0.04520924
0.00775581
-0.13553940
0.05571633
0.03026579
0.00228380
0.05858456
-0.32100305
-0.34974578
-0.23715337
0.33593309
-0.19923353
0.28451565
-0.25133860
0.29601040
0.39165387
0.24036488
0.13581491
0.45420015
0.43069267
0.38502803
0.64881569
-0.02967366
0.45879677
-0.92431808
0.26311734
-0.68658012
-0.13123417
-0.07373263
-0.09205321
-0.03778936
-0.04964827
0.01435975
-0.03695381
-0.03999262
0.07651765
-0.21968919
-0.20740071
0.18897569
0.09588814
0.08544586
-0.09716456
-0.07330437
-0.34284353
-0.18158692
0.37385806
0.34191912
0.02155633
-0.10961895
0.28443882
0.34123528
0.48412752
0.37047422
-0.36897892
-0.22535804
-0.28192014
0.31449273
1.24309599
0.13768114
-0.16482295
-0.10636306
0.00847085
-0.08295451
-0.04844483
0.07222907
-0.04181392
-0.73222971
0.45521510
-0.33338457
-0.33669510
0.33346376
-0.39089066
-0.43437445
-0.39623877
0.45595792
-0.31248921
0.34588340
-0.23481749
0.30218744
0.38141578
0.28562668
0.05250224
0.46242097
0.43126518
0.37443417
0.77600437
0.02639444
0.44541219
-1.03199553
0.25019246
-0.66077495
-0.03434037
-0.04733774
-0.09168994
0.01373087
-0.07877624
-0.03623902
-0.06826472
0.23909140
-0.06729058
-0.01484348
-0.07056472
0.11874016
0.01955144
-0.00409967
-0.22787821
0.01688465
-0.30150115
-0.20800540
0.47833186
0.44500801
-0.05550459
-0.23642613
0.25544733
0.32843649
0.44011745
0.27521694
-0.40025973
-0.25529468
-0.34168908
0.34868276
1.03056788
0.19313911
0.03791569
0.06368670
0.15921967
0.08539162
0.07224489
-0.09060809
0.10837486
-0.20300290
0.14221418
-0.12169570
-0.19458465
0.24151611
-0.38637549
-0.45167208
-0.33776382
0.40718481
-0.26120237
0.33002317
-0.26421180
0.32944214
0.47469023
0.23149756
0.18285862
0.50541043
0.45359868
0.38176012
0.83840394
-0.16070510
0.52370894
-1.07066345
0.28279087
-0.40652612
-0.13470247
-0.20041072
0.07840294
-0.13590281
0.08571371
0.11444697
0.09311552
0.85552704
-0.59952176
0.14395063
-0.00106011
0.07708624
0.20817465
0.21209249
0.06718867
-0.14768922
-0.23544350
-0.09606622
0.33281797
0.52611524
0.05413217
0.04598998
0.26221338
0.35664502
0.70024794
0.65669608
-0.29062539
-0.21000414
-0.21517615
0.24994634
1.62822056
0.03469984
-0.23402077
-0.10127539
-0.06997532
-0.05149266
0.07650531
0.02802552
-0.00936224
0.17236008
0.32895803
-0.58283156
-0.50047070
0.42443669
-0.22852892
-0.27876297
-0.32409430
0.35256502
-0.32909063
0.41077423
-0.29634690
0.24843366
0.31252605
0.37577972
-0.02524671
0.40793133
0.43343922
0.43432111
0.63260925
0.33166060
0.45377088
-0.93602955
0.17969613
-1.02077615
-0.03714870
0.13392223
-0.07119060
0.04064534
-0.02170519
-0.01573070
-0.02095647
0.21293701
-0.47243613
0.37756428
0.28651857
-0.21345413
0.31149930
0.29859641
0.13691725
-0.24163155
-0.23446265
-0.14204724
0.40003145
0.39511883
0.00765629
0.00436398
0.25255316
0.36652461
0.52544755
0.37560692
-0.33778602
-0.16900976
-0.29897490
0.29121011
1.27862263
0.02518116
0.11065521
0.18264598
0.04658667
0.18009356
0.10699721
-0.16875698
0.11824501
0.63874876
-0.19131295
-0.21370247
-0.27889130
0.32227674
-0.12214326
-0.24492010
-0.33869392
0.36758524
-0.40513474
0.42195076
-0.24989952
0.28687921
0.37037492
0.29273292
-0.00801129
0.41345513
0.37419933
0.34375456
0.86675209
0.06023903
0.51713246
-1.12512207
0.17129403
-0.55670333
-0.01454053
-0.00515656
0.18640743
-0.07237426
0.17399599
0.10869074
0.16253938
-0.42352730
-0.22642386
0.32369149
0.24733584
-0.14367038
0.31159362
0.25808248
0.04227109
-0.16732839
-0.20798856
-0.24750821
0.35964084
0.20643336
-0.03780801
-0.17134669
0.22970970
0.25023443
0.42642766
0.33391231
-0.36242747
-0.19751942
-0.26080313
0.30385393
1.20822895
0.15763924
-0.13370356
-0.07391627
0.05835774
-0.04425620
0.01721039
0.02864586
0.01115392
0.50634485
-0.34605363
-0.08011821
-0.22311261
0.29740927
-0.19544321
-0.27568668
-0.34673634
0.34142950
-0.29558980
0.17421508
-0.09137288
0.34906328
0.32816625
0.21612263
0.09360595
0.43309242
0.42031327
0.36146319
0.62769431
-0.04833467
0.40075192
-0.91989076
0.25248843
-0.62894619
-0.09027707
-0.08549128
-0.05635711
-0.03935350
-0.03538979
0.01662891
-0.02276479
-0.55141526
0.13396779
0.22082412
0.30589849
-0.31490943
0.32185939
0.30967680
0.13318104
-0.24984567
-0.15852839
-0.21970081
0.40198183
0.27064455
-0.03928957
-0.08954203
0.20778461
0.33448622
0.46580181
0.29931211
-0.33399171
-0.13364847
-0.29370090
0.26922154
1.20237851
0.05479769
0.04746730
0.10545604
0.06005641
0.10186573
0.04779182
-0.09349540
0.07159929
-0.09225757
-0.34666929
0.18495496
0.04866444
0.09727176
-0.02306412
-0.16982603
-0.29725471
0.30047354
-0.35534811
0.27031708
-0.13100561
0.33136094
0.34071445
0.22492214
0.05115143
0.41219354
0.36132360
0.29573768
0.87823379
-0.06911775
0.48556283
-1.14149857
0.16409616
-0.51114661
-0.02223756
-0.06187563
0.10638501
-0.06154690
0.09331846
0.06938262
0.09087591
-0.30764312
0.26335219
0.28096944
0.27900779
-0.17515014
0.21897978
0.17175375
0.08333767
-0.17681055
-0.05712730
-0.23743862
0.30530825
0.12649141
-0.08240406
-0.19992393
0.14792551
0.21149097
0.42322403
0.34701678
-0.30339572
-0.12717840
-0.21630535
0.24089409
1.25937319
0.11966646
-0.16763164
-0.09022038
0.04365008
-0.04739347
0.04390366
0.02695655
0.01526834
-0.49646813
-0.31150848
0.17892930
-0.06780323
0.14552593
-0.03937397
-0.08258668
-0.17706160
0.16401407
-0.17787966
-0.01812757
0.02957030
0.34739214
0.24365142
0.13818389
0.10348056
0.36947757
0.36574551
0.29692119
0.51116133
-0.07081487
0.35095936
-0.83517295
0.19307378
-0.68002212
-0.09603414
-0.05015225
-0.06589452
-0.03434341
-0.03024091
0.01863192
-0.01962750
0.26628184
0.38939726
0.05749940
0.23043400
-0.21441230
0.21315524
0.20871472
0.08420895
-0.17006573
-0.12615454
-0.18038802
0.29621169
-0.04192605
-0.12296519
-0.08644978
0.08390756
0.20286600
0.35421339
0.16923825
-0.31146690
-0.01500127
-0.30019471
0.26831633
1.18469357
0.02345001
0.19934453
0.25124711
0.16355306
0.24510556
0.17776944
-0.23401636
0.20137048
-0.43528616
0.02104032
0.28083497
0.10215572
0.06159967
0.02852241
-0.09961873
-0.21636657
0.20575860
-0.18109235
0.02344004
0.09212265
0.33820128
0.23143001
0.12997681
0.07399713
0.30293363
0.28294447
0.22002476
0.69051027
-0.28870359
0.44726586
-1.07619703
0.14088583
-0.42843351
-0.07072661
-0.13849518
0.25263330
-0.17631446
0.23766075
0.19598253
0.22987171
0.53461897
0.42233026
-0.02318177
0.25806719
-0.18653680
0.09512554
0.08422895
0.08526734
-0.16227129
0.01380271
-0.17894687
0.28733912
0.05936389
-0.12895617
-0.12292241
0.05529181
0.15132888
0.38402131
0.29580513
-0.26423755
-0.02898706
-0.19745564
0.21432164
1.33192456
0.00465273
0.10335482
0.19415879
0.08687609
0.21163701
0.19837028
-0.21186990
0.17820427
-0.14079279
0.26234508
0.41241264
0.15146206
0.02143766
0.05144888
-0.00914579
-0.06961511
0.06589392
-0.08681158
-0.10595170
0.09566421
0.33942714
0.20111205
0.09970412
0.09671988
0.26313478
0.28696147
0.24775979
0.53250390
-0.17501174
0.38968715
-0.89346659
0.12754722
-0.60352498
-0.06497556
-0.01259545
0.20851511
-0.12460804
0.21934581
0.16633341
0.21064775
0.36025524
0.11420536
-0.17563397
0.16801415
-0.18307680
0.16617230
0.14006902
0.10767512
-0.19590156
0.00670192
-0.22604139
0.30508181
0.04610721
-0.11919579
-0.23690565
0.10357608
0.12905183
0.31851047
0.26355281
-0.29627219
-0.08160304
-0.21324524
0.23473477
1.10934043
0.10088542
0.03812159
0.09788129
0.12501921
0.12444552
0.14505124
-0.13143244
0.13756584
0.34869787
0.37944013
0.27627879
0.20785719
-0.03457990
0.07834743
-0.00684665
-0.10665182
0.07413661
-0.14545551
-0.11114601
0.09509150
0.36263263
0.23563731
0.06464710
0.13125776
0.31662217
0.31768411
0.25909936
0.52229154
-0.20338610
0.35938221
-0.84453499
0.16857480
-0.46360436
-0.12650067
-0.10820434
0.11435127
-0.13063309
0.13305570
0.13536380
0.13410017
-0.22003010
-0.16381010
-0.15025778
-0.07328233
-0.19636796
0.30905586
0.44021890
0.26816076
-0.32350171
-0.07451966
-0.33749983
0.45041287
0.26681992
-0.09478027
-0.26856682
0.25353307
0.27323067
0.40394458
0.29227608
-0.39990795
-0.24563546
-0.27706772
0.32170290
1.06970680
0.21412256
-0.14923066
-0.12090851
0.08992229
-0.08572111
-0.02819067
0.06761294
-0.00983392
0.39443848
0.12836236
-0.02162922
0.21833494
-0.21174271
0.27296087
0.06234343
-0.30315414
0.24567114
-0.39242446
0.12412944
-0.04268028
0.40625918
0.38493451
0.18444003
0.16148315
0.51785755
0.47204140
0.37814611
0.70862007
-0.12575895
0.41328663
-0.94993913
0.28852594
-0.51916546
-0.11593568
-0.15932637
-0.10079018
-0.04859283
-0.07808722
0.00196408
-0.06033829
-1.59987402
-1.18095708
-0.80174077
-0.67433345
-0.29743052
-0.09841831
0.23099360
0.55977666
-0.56417227
0.03366485
-0.27731276
0.40637678
0.71979225
0.15094897
0.39662540
0.43379715
0.46954694
0.87228698
0.87578773
-0.19440249
-0.32944340
-0.13816075
0.19315603
2.06276226
-0.07591041
-0.67157620
-0.46466538
-0.34359396
-0.35912976
-0.05922405
0.30713108
-0.25186765
0.21513484
-0.18562201
-0.79891211
0.59549522
-0.67214584
0.37957364
0.51861155
0.18957619
0.04748601
-0.70647717
0.88059461
-0.44487172
0.24792138
0.28911644
0.76123101
-0.29838565
0.40299964
0.45243925
0.54854137
0.44749027
0.98745823
0.43866715
-0.82221550
0.14966685
-1.68350077
0.09233987
0.44605646
-0.40008706
0.29656979
-0.29139748
-0.25960094
-0.29290390
-0.37025669
-0.19111446
-0.05687252
-0.28768632
-0.02384339
0.13063991
0.38790634
0.37804055
-0.40701669
0.01167214
-0.38200021
0.48339587
0.33309013
-0.08695191
-0.26566952
0.29346600
0.29496446
0.48566628
0.39997223
-0.41857165
-0.28562778
-0.27488637
0.33352822
1.21460688
0.23877566
-0.31736696
-0.26446146
0.02557026
-0.21024220
-0.07232589
0.17877588
-0.09126601
-0.49994129
-0.24313101
-0.24768032
0.10930455
-0.35861063
0.42310464
0.26518691
-0.18358259
0.15809381
-0.44849196
0.13112970
-0.05141453
0.44897711
0.39890289
0.23551621
0.15192661
0.56517434
0.53624463
0.43968156
0.67571872
0.00459446
0.41377348
-0.92142522
0.31646305
-0.72501260
-0.11638352
-0.09783448
-0.23511799
0.01990988
-0.18973003
-0.07658478
-0.16687967
0.31033003
0.00615802
0.15058701
-0.50883400
0.16272292
-0.13689059
0.15528746
0.38965958
-0.45021510
0.11129658
-0.34826481
0.42221758
0.33236670
-0.04012447
-0.09384011
0.30724096
0.39341855
0.67690331
0.60508037
-0.36449915
-0.26074398
-0.22872344
0.28552428
1.69749844
0.11394498
-0.54972255
-0.41480258
-0.17598349
-0.34506756
-0.14812265
0.30634719
-0.22589296
-0.99774337
-0.69127536
-0.57331347
-0.03487283
-0.40617517
0.36285916
0.38411057
0.08309884
-0.01816113
-0.42892689
0.16663823
-0.04875501
0.43111739
0.32212031
0.35070831
0.01625346
0.54405200
0.54204619
0.46827027
0.67037719
0.34723464
0.40176105
-0.94300121
0.25360367
-1.20713484
0.01510284
0.15828611
-0.37710825
0.19140643
-0.31303120
-0.21894848
-0.29287949
0.21027140
0.07631025
0.06653918
-0.14531478
0.11512481
0.03201563
0.34329641
0.35567802
-0.36021852
0.06325199
-0.37984008
0.54679447
0.28909284
-0.17837518
-0.33046603
0.21160653
0.16942313
0.26101461
0.17230931
-0.40617400
-0.25631827
-0.29944152
0.33781469
0.80127913
0.20521884
0.06429908
0.07450456
0.15629052
0.09083088
0.06738180
-0.09349027
0.10516413
-0.03118457
-0.02289830
-0.01112625
-0.07462481
-0.19992903
0.38092217
0.28249845
-0.19417721
0.13379303
-0.35959178
0.06236902
-0.00362626
0.45876873
0.43716517
0.14271529
0.26269746
0.48567730
0.43967313
0.36856598
0.72892123
-0.23596804
0.45903730
-0.94815695
0.28776395
-0.27022731
-0.13441089
-0.20022175
0.08572470
-0.13273171
0.08989225
0.11145450
0.09425390
1.20856202
1.19534075
1.12516677
-0.51345301
0.55137819
-0.36579478
-0.16358486
0.38561800
-0.53812903
0.24091147
-0.46673852
0.47529420
0.68276525
0.12288737
0.34152076
0.44908875
0.45305565
0.85832536
0.86322856
-0.20192266
-0.34190717
-0.14231545
0.19899963
2.06193447
-0.06917582
-0.67185020
-0.46566755
-0.34291860
-0.35950461
-0.05894762
0.30731568
-0.25171137
1.07016718
0.01660159
-0.12267214
-0.73871922
-0.48603198
0.14126742
0.54365063
0.44787031
-0.17596157
-0.66498494
0.79655790
-0.37033543
0.33674541
0.30211353
0.78749478
-0.27483311
0.42145413
0.47839671
0.56810063
0.44414762
0.98321223
0.43733692
-0.82082075
0.16066761
-1.68379104
0.09032501
0.44501013
-0.40066609
0.29611528
-0.29145351
-0.25938240
-0.29303822
-0.02069942
0.15144038
0.10892693
-0.05995130
0.20066307
-0.16995418
0.17277357
0.34460804
-0.34704527
0.08849461
-0.31048560
0.44597498
0.09332398
-0.20338543
-0.28227520
0.15767848
0.16059376
0.28870043
0.16336587
-0.41275972
-0.19211598
-0.32793984
0.34399700
0.93944860
0.16654482
0.14565024
0.17236403
0.19132194
0.18052514
0.13553222
-0.17865513
0.17406820
0.28463173
0.07724068
0.01955481
-0.16241533
-0.08149315
0.28910232
0.33685508
-0.04915548
0.02871755
-0.30244711
-0.03002374
0.11138979
0.43025750
0.36526984
0.09680361
0.22308958
0.45019722
0.41792312
0.34023887
0.74367374
-0.24527672
0.47533882
-1.01327598
0.26099110
-0.30291972
-0.14318419
-0.20912305
0.18022633
-0.18122843
0.17567621
0.17605841
0.17802049
-1.47603965
0.06825002
0.59613323
0.21034074
0.73203647
-0.38993579
-0.34264979
0.25394660
-0.49244416
0.33756709
-0.55318844
0.50480163
0.66011673
0.10842609
0.31330305
0.45625812
0.44453651
0.85105413
0.85678476
-0.20566136
-0.34811866
-0.14438802
0.20191765
2.06149864
-0.06580810
-0.67198491
-0.46616775
-0.34258056
-0.35969183
-0.05880938
0.30740792
-0.25163323
0.65359575
1.19350624
0.96211946
-0.87469810
-0.06608811
-0.04138110
0.45266670
0.53366673
-0.27936369
-0.62152374
0.73914260
-0.32898059
0.37922522
0.30759987
0.79914057
-0.26275939
0.43043035
0.49121547
0.57777309
0.44242886
0.98103011
0.43665701
-0.82010776
0.16616631
-1.68392599
0.08931728
0.44448608
-0.40095517
0.29588786
-0.29148144
-0.25927311
-0.29310536
-0.94184327
-0.45923805
0.05485177
0.33158737
0.49802536
-0.28743055
-0.22233112
0.18468843
-0.35371295
0.29005346
-0.46092635
0.51430702
0.51852286
-0.02348024
0.06238131
0.32294813
0.35164964
0.72505164
0.71986336
-0.26614046
-0.27416387
-0.17009436
0.22318390
1.82139575
-0.00479720
-0.40073091
-0.23838539
-0.16897146
-0.15825976
0.04612051
0.12209471
-0.08838403
-0.53311139
0.67262316
0.75937319
-0.51943588
0.10874894
-0.02382327
0.31471294
0.32800359
-0.21633679
-0.38695076
0.38353676
-0.14226264
0.46891230
0.32164305
0.51741183
-0.06213121
0.44228059
0.49448916
0.52386969
0.59005457
0.58345276
0.47033259
-0.92067671
0.17868200
-1.29575014
-0.00062836
0.25576818
-0.18973723
0.12907003
-0.11005674
-0.09653696
-0.11150786
-0.02608576
-0.19217533
-0.07276918
0.18477191
0.19682273
-0.33050320
-0.04491400
0.34251091
-0.37383774
0.21525274
-0.38520053
0.52755785
0.20361879
-0.22775170
-0.27661425
0.21122506
0.25072268
0.39372459
0.25335130
-0.44418415
-0.24009401
-0.33606428
0.35439470
1.02507889
0.16763826
0.07228871
0.10910268
0.14860202
0.12257972
0.08344948
-0.12274321
0.12266915
-0.36382970
0.05407615
0.13761798
-0.11518411
0.16068292
0.10969679
0.40303734
0.12114986
-0.11658401
-0.31553152
-0.01328072
0.12610368
0.51058918
0.40369779
0.15795083
0.21455903
0.54539663
0.49444854
0.39284337
0.83822930
-0.12632802
0.49902922
-1.05769908
0.27438024
-0.39931127
-0.11576781
-0.17423552
0.11966266
-0.13453494
0.11800118
0.12553668
0.12285636
