1
-2
1
0
0
2
-1
-2
-1
0
1
0
1
1
-2
1
2
1
0
-1
-1
0
1
0
1
0
-1
1
-1
-1
1
0
1
1
2
1
0
-1
2
-1
1
-1
2
-2
-1
1
2
1
1
1
1
2
-3
0
-1
1
1
-1
-2
-1
-1
-1
0
-1
25
27
-2
-6
15
9
-14
3
-14
11
14
-12
19
12
4
10
22
34
29
-10
-8
-9
9
80
2
-8
-2
0
0
6
-1
2
-27
6
-23
-18
-6
11
-5
-13
-8
9
-3
-14
-15
8
13
-2
12
9
12
34
2
24
-50
5
-45
-4
2
-1
-1
1
2
1
38
11
19
14
20
1
-16
13
-18
18
21
-21
20
19
12
12
29
36
26
-10
-9
-14
11
74
0
6
10
3
10
6
-10
7
9
27
-16
-18
10
19
-15
-16
-18
20
-15
-17
-20
10
12
-9
12
10
14
52
5
31
-66
5
-32
-1
-1
11
-4
10
6
9
9
-4
10
10
13
4
-18
7
-18
16
19
-15
22
18
0
15
25
29
19
-13
-13
-14
13
64
8
3
5
8
6
6
-6
7
23
14
-3
-8
9
20
-13
-19
-14
16
-3
-20
-12
13
16
-2
16
14
15
48
-7
29
-62
10
-26
-7
-10
6
-8
6
7
6
-19
-14
9
18
10
0
-19
12
-18
18
25
-20
24
22
-1
19
27
29
22
-13
-15
-13
13
58
9
-5
-4
5
-3
-1
2
0
20
2
9
1
19
25
-19
-21
-20
23
-4
-22
-19
14
20
-3
19
17
16
52
-3
28
-62
11
-26
-5
-8
-3
-3
-2
1
-2
-40
-27
19
19
10
-4
-6
10
-8
7
12
-6
22
11
-1
11
20
31
25
-12
-8
-9
10
75
5
-9
-4
3
-2
3
1
2
-1
0
10
-4
13
15
-12
-9
-14
12
7
-18
-8
10
14
0
14
12
12
32
-3
21
-48
7
-41
-6
-2
-3
-2
-1
2
0
-39
-30
4
42
9
-21
9
34
-9
19
34
-34
15
19
48
9
35
56
57
-6
-10
-5
7
119
-9
-38
-26
-20
-20
-4
17
-15
-84
-61
65
29
41
8
-31
3
-31
36
-41
-8
-41
-1
11
-29
8
6
17
27
59
26
-48
1
-96
7
26
-23
17
-17
-15
-17
14
7
-10
4
-10
-16
-5
19
-11
10
24
-17
25
19
-4
18
21
23
18
-14
-15
-12
13
55
10
-2
-1
5
1
2
-1
3
-21
-12
8
18
19
18
-25
-13
-23
24
1
-24
-16
15
19
0
18
17
16
45
-6
27
-56
12
-23
-6
-8
0
-4
1
3
1
47
23
-18
11
-6
-13
3
13
-1
2
9
-1
22
9
1
9
20
33
28
-11
-6
-9
10
86
2
-5
1
2
3
6
-4
4
-7
-28
23
21
17
5
-11
0
-17
12
11
-18
0
11
13
0
14
12
12
37
-1
24
-56
5
-45
-4
0
2
-3
4
4
4
9
7
-6
-2
-11
-19
-3
19
-11
9
24
-15
29
20
-6
19
25
28
19
-16
-17
-17
16
54
13
5
6
12
7
7
-8
9
13
2
-1
11
11
14
-27
-15
-21
23
3
-29
-17
20
21
4
22
20
19
51
-10
32
-61
14
-19
-11
-14
7
-11
7
9
8
-18
11
-14
-17
-22
-24
11
24
-2
6
24
-12
25
17
3
17
29
34
26
-14
-14
-13
13
70
8
-15
-12
0
-10
-6
9
-6
35
20
-14
13
5
0
-23
-1
-26
27
3
-23
-13
14
18
-5
19
17
17
45
5
25
-57
11
-39
-2
-3
-11
2
-10
-5
-9
-12
-2
0
-9
-12
-17
5
16
-5
5
18
-8
21
13
-1
13
17
21
13
-12
-11
-14
12
54
5
10
11
11
12
10
-12
11
2
7
-6
3
1
1
-19
-7
-17
18
3
-23
-6
17
13
3
15
13
14
44
-10
29
-59
8
-17
-8
-11
12
-11
12
11
12
-26
-10
-10
-13
-12
-10
4
8
3
-1
1
4
19
5
-6
7
13
24
20
-10
-4
-8
8
69
3
-2
3
5
5
8
-5
6
-20
23
-18
10
3
-2
-6
1
-11
6
14
-16
4
11
11
4
12
11
10
28
-10
19
-46
5
-33
-6
-4
4
-6
5
6
6
7
-30
7
-21
-16
-11
10
11
6
-1
3
4
21
7
-4
9
17
29
23
-12
-6
-10
10
78
3
-5
0
4
2
5
-3
4
-43
8
-24
-1
-5
-9
-6
5
-14
10
15
-17
5
12
13
1
14
13
12
34
-7
21
-52
6
-39
-5
-3
1
-4
3
4
3
32
-22
14
-19
-19
-18
14
18
0
1
16
-6
27
12
0
14
24
39
34
-14
-12
-11
13
82
8
-20
-14
0
-10
1
8
-3
-14
-10
-14
-5
-6
-10
-14
1
-17
17
7
-21
-10
13
17
-2
19
17
17
33
8
24
-49
10
-52
-7
0
-12
1
-8
-3
-7
16
5
9
0
-5
-13
27
24
8
-4
25
-11
30
19
-2
21
26
27
20
-16
-18
-14
16
56
11
-9
-8
2
-6
-4
6
-3
18
-11
9
-18
-21
-22
-11
10
-26
29
10
-30
-15
19
21
-1
22
20
19
47
-2
27
-56
15
-28
-4
-6
-7
0
-6
-2
-5
-7
15
9
6
1
-6
29
21
11
-6
23
-7
30
17
-2
19
29
34
24
-17
-16
-15
16
66
11
-12
-9
1
-7
-4
6
-4
35
-13
14
-20
-23
-26
-4
15
-26
29
11
-28
-10
18
20
-2
23
21
20
48
3
27
-58
14
-36
-4
-5
-8
1
-7
-3
-6
-84
70
15
22
1
8
25
1
23
-14
58
-30
34
22
48
16
43
65
62
-8
-13
-11
10
127
-9
-44
-32
-22
-25
-8
22
-18
42
-6
67
-48
-43
-15
18
32
-23
41
-15
-29
-40
8
22
-28
14
12
22
39
64
32
-57
3
-104
9
27
-28
20
-22
-19
-21
-23
16
-8
14
12
6
21
11
16
-11
23
-6
31
15
1
15
26
32
22
-15
-12
-18
15
69
4
9
13
7
13
9
-12
10
-13
12
16
-9
-12
-15
6
16
-18
23
10
-31
-9
21
16
0
19
16
17
56
-4
35
-69
9
-26
-5
-6
13
-8
12
10
12
2
-2
-10
16
17
9
29
18
16
-11
22
-5
31
16
-6
21
27
29
22
-17
-18
-14
16
55
12
-9
-8
4
-6
-4
6
-3
-23
10
1
1
-12
-25
7
20
-23
28
15
-30
-10
21
20
1
24
22
20
47
-2
26
-56
15
-26
-5
-9
-7
-1
-6
-2
-5
33
-13
-18
20
22
17
23
10
21
-14
19
-1
31
15
-4
19
26
31
23
-18
-16
-15
16
71
10
-7
-4
5
-2
1
1
1
-20
18
-1
7
-7
-20
15
24
-18
25
17
-30
-3
21
20
0
24
21
20
50
-2
29
-64
13
-35
-6
-7
-3
-3
-2
1
-1
7
-1
2
6
12
12
26
18
12
-9
14
0
29
12
-10
17
19
20
12
-16
-16
-14
15
41
13
1
1
9
2
2
-2
4
6
-2
-2
4
-4
-20
9
18
-19
19
16
-29
-5
22
17
7
22
20
18
41
-12
25
-50
15
-14
-8
-13
1
-7
2
5
3
14
-59
-31
25
42
22
0
-20
32
-27
53
-21
33
18
43
15
33
55
55
-7
-13
-6
8
119
-8
-38
-26
-20
-20
-4
18
-15
92
-35
-57
45
6
6
33
27
-8
31
1
-27
-29
6
24
-26
13
13
22
27
58
26
-48
3
-96
6
26
-23
17
-17
-15
-17
-19
4
7
-4
14
23
16
6
21
-16
12
1
28
12
-6
18
21
23
18
-15
-15
-10
13
47
10
-13
-12
0
-11
-8
10
-7
9
-9
-6
14
12
-7
23
24
-14
19
19
-27
-4
20
18
3
22
20
18
41
-3
20
-48
14
-25
-2
-6
-11
3
-11
-6
-10
-36
1
0
4
11
10
2
-3
12
-5
-9
13
14
1
-7
6
11
22
18
-12
-4
-9
10
73
3
-1
4
6
5
8
-6
7
-4
-29
-23
17
6
1
7
9
-1
4
12
-10
15
12
9
4
13
13
11
28
-12
19
-48
6
-34
-6
-4
5
-6
6
6
6
-26
64
60
-36
19
12
-16
-29
32
-33
52
-17
36
17
42
16
33
55
55
-8
-13
-6
9
119
-7
-38
-26
-20
-20
-4
18
-15
-89
-24
-24
37
37
19
28
17
2
24
10
-30
-25
7
26
-25
14
14
23
27
58
26
-48
4
-96
6
26
-23
17
-17
-15
-17
37
45
43
-31
5
9
-11
-18
24
-25
31
-7
37
13
21
15
28
48
47
-10
-12
-7
9
105
-3
-23
-13
-10
-9
3
7
-5
-50
14
5
16
29
14
19
12
2
13
14
-30
-16
13
22
-12
17
16
21
36
35
28
-54
5
-74
1
15
-11
8
-6
-6
-6
-5
-4
-6
-2
0
22
7
3
18
-17
9
7
33
9
-17
17
14
16
12
-17
-16
-14
16
31
13
9
8
12
9
7
-9
10
-2
-7
-4
0
9
5
25
23
-8
12
20
-31
-2
26
14
11
23
20
18
42
-14
26
-48
15
-3
-11
-15
9
-11
9
10
9
9
-7
-1
-13
-15
15
-10
-13
27
-26
10
8
32
10
-7
19
26
30
21
-19
-16
-15
16
61
12
-11
-9
3
-7
-4
6
-3
27
11
12
-12
17
21
27
22
0
13
23
-29
1
23
18
2
26
23
20
48
-1
26
-58
15
-31
-5
-8
-8
0
-7
-2
-6
-23
-30
-4
-22
-16
3
-14
-17
21
-22
16
3
33
10
9
14
24
43
40
-14
-11
-11
13
94
1
-13
-6
-4
-3
4
2
-1
44
25
34
-18
18
18
14
9
6
7
18
-25
-3
15
20
-5
20
20
21
37
20
27
-54
8
-59
-2
8
-4
2
-1
-1
-1
-34
-20
-14
-3
-18
-1
-16
-17
23
-22
7
10
25
7
-2
15
24
31
20
-17
-11
-15
15
67
7
-4
-1
4
0
1
-1
2
-2
-6
10
-18
5
20
16
12
6
8
19
-22
6
20
15
0
22
20
18
45
-1
26
-58
11
-33
-4
-6
0
-3
1
2
1
-2
0
2
-1
-11
6
-12
-11
20
-18
2
13
30
6
-15
15
16
20
13
-18
-15
-15
16
41
12
8
8
12
9
7
-9
9
-1
1
0
-5
3
21
22
20
0
7
20
-27
5
26
14
11
24
21
19
43
-14
27
-52
14
-9
-10
-14
9
-11
9
10
9
6
0
-7
4
-14
-2
-16
-15
20
-19
0
15
25
4
-11
14
18
24
15
-19
-13
-18
18
54
11
7
8
12
9
8
-9
10
-16
-9
-1
-10
-2
20
15
14
6
5
19
-23
10
24
14
8
24
22
19
45
-11
28
-58
14
-18
-10
-14
9
-11
9
10
9
47
22
-22
17
-22
-12
-21
-19
18
-23
8
10
33
8
1
16
25
41
37
-17
-14
-13
15
91
6
-21
-14
-5
-11
-1
9
-5
-11
-25
-20
-19
-9
16
4
2
12
1
21
-24
4
18
20
-2
24
23
23
37
17
26
-53
12
-59
-3
5
-12
5
-9
-5
-8
30
35
3
28
-10
-21
-26
-25
20
-33
15
10
33
10
9
17
28
38
27
-17
-12
-16
15
81
0
5
10
2
10
6
-9
6
36
5
-31
1
-24
5
-6
-7
23
-2
29
-29
2
21
21
-6
23
20
20
55
8
32
-69
9
-38
0
1
10
-3
9
5
9
-1
13
-3
10
-8
-12
-17
-15
15
-15
-4
17
21
1
-10
11
16
24
16
-18
-10
-16
16
60
8
5
7
9
8
8
-9
9
19
3
-9
-5
-8
12
5
7
8
1
15
-16
13
21
11
7
21
19
17
39
-11
26
-55
12
-23
-8
-9
8
-9
9
9
9
-34
-3
18
13
4
-25
-26
-24
16
-29
0
17
28
6
-10
18
20
26
19
-21
-16
-17
17
66
11
-6
-3
5
-2
1
1
1
10
20
-5
17
-24
4
-9
-6
22
-6
26
-24
11
24
16
5
26
23
21
47
-2
29
-60
15
-33
-7
-7
-2
-3
-1
2
-1
-39
-19
30
16
2
-17
-15
-15
10
-20
3
14
27
4
3
14
21
39
35
-17
-12
-13
15
95
3
-15
-8
-3
-4
4
3
-1
-28
31
-5
20
-22
-4
-11
-9
18
-5
20
-19
9
18
19
-1
22
22
23
37
17
28
-56
10
-61
-3
6
-6
2
-2
-1
-2
3
-16
11
3
9
-24
-23
-23
15
-25
-4
21
27
3
-11
17
21
29
20
-22
-15
-19
19
71
11
-1
2
9
4
5
-4
6
-29
3
7
16
-17
-3
-12
-6
21
-6
23
-21
15
25
16
6
28
25
22
49
-7
32
-66
15
-31
-9
-10
3
-7
4
6
5
84
-54
28
-14
27
-9
-5
-8
5
-40
33
5
52
15
36
24
39
62
59
-12
-18
-13
12
127
-6
-44
-32
-22
-25
-8
22
-18
-41
-45
62
51
-33
-15
-30
-31
32
-17
50
-41
-9
18
39
-23
23
23
29
38
63
32
-57
6
-104
8
27
-28
20
-22
-19
-21
29
-3
-6
-17
20
-9
-8
-11
3
-21
-3
20
24
3
-4
13
22
30
20
-18
-8
-17
15
71
3
3
7
3
7
3
-6
4
18
-23
18
9
2
-16
-18
-15
23
-12
22
-18
14
21
14
1
23
20
17
53
-2
29
-66
9
-30
-1
-2
7
-3
6
4
6
2
10
-10
-15
18
-11
-9
-14
5
-21
-6
20
18
1
-8
14
18
26
18
-20
-12
-17
17
69
8
-1
2
6
3
4
-3
4
32
-18
12
6
0
-17
-20
-15
22
-11
19
-14
16
22
13
4
25
22
20
44
-3
28
-61
13
-32
-6
-7
3
-5
3
5
4
-25
13
-13
-16
18
-11
-8
-16
3
-22
-10
22
30
2
-15
18
18
23
18
-21
-17
-15
17
53
13
-10
-8
4
-6
-2
5
-1
13
1
-1
-4
8
-22
-26
-18
25
-16
24
-21
14
26
14
8
28
25
21
42
-2
24
-51
16
-27
-7
-8
-7
-2
-5
-1
-4
-24
15
-12
-14
14
-8
-7
-14
3
-16
-10
22
23
0
-13
14
16
26
22
-21
-15
-15
17
71
11
-11
-7
3
-4
2
3
0
-8
3
2
0
3
-18
-20
-14
19
-11
16
-14
17
22
14
8
26
25
22
37
-2
26
-53
15
-39
-8
-4
-5
-2
-3
1
-2
-2
4
-13
-12
11
6
5
-6
-4
-20
-10
21
20
1
-6
16
20
28
21
-21
-13
-16
18
71
8
-9
-6
0
-5
-3
4
-2
-42
26
-19
-19
19
-22
-25
-23
26
-18
20
-13
17
22
16
3
27
25
21
45
2
26
-59
14
-38
-2
-3
-5
1
-5
-2
-4
14
-4
-1
-4
7
1
0
-13
1
-17
-12
27
26
-3
-14
15
19
25
16
-23
-15
-20
20
59
11
2
4
9
5
4
-5
6
-12
8
-7
-11
14
-22
-26
-19
23
-15
19
-15
19
27
13
10
29
26
22
48
-9
30
-61
16
-23
-8
-11
4
-8
5
7
5
49
-34
8
0
4
12
12
4
-8
-14
-6
19
30
3
3
15
20
40
38
-17
-12
-12
14
93
2
-13
-6
-4
-3
4
2
-1
10
19
-33
-29
24
-13
-16
-19
20
-19
24
-17
14
18
22
-1
23
25
25
36
19
26
-54
10
-59
-2
8
-4
2
-1
-1
-1
12
-27
22
16
-12
18
17
8
-14
-13
-8
23
23
0
0
14
21
30
22
-19
-10
-17
17
73
1
6
10
3
10
6
-10
7
37
-11
-12
-16
18
-7
-14
-19
21
-23
24
-14
16
21
17
0
24
21
20
50
3
30
-65
10
-32
-1
0
11
-4
10
6
9
-24
-13
19
14
-8
18
15
2
-10
-12
-14
21
12
-2
-10
13
14
24
19
-21
-11
-15
17
69
9
-8
-4
3
-3
1
2
1
29
-20
-5
-13
17
-11
-16
-20
20
-17
10
-5
20
19
12
5
25
24
21
36
-3
23
-53
14
-36
-5
-5
-3
-2
-2
1
-1
-32
8
13
18
-18
18
18
8
-14
-9
-13
23
16
-2
-5
12
19
27
17
-19
-8
-17
15
69
3
3
6
3
6
3
-5
4
-5
-20
11
3
6
-1
-10
-17
17
-20
16
-8
19
20
13
3
24
21
17
50
-4
28
-65
9
-29
-1
-4
6
-4
5
4
5
-18
15
16
16
-10
13
10
5
-10
-3
-14
18
7
-5
-11
8
12
24
20
-17
-7
-12
14
72
7
-10
-5
3
-3
3
2
1
-28
-18
10
-4
8
-2
-5
-10
9
-10
-1
2
20
14
8
6
21
21
17
29
-4
20
-48
11
-39
-6
-3
-4
-2
-2
1
-1
15
22
3
13
-12
12
12
5
-10
-7
-10
17
-2
-7
-5
5
12
20
10
-18
-1
-17
15
68
1
11
14
9
14
10
-13
12
-25
1
16
6
4
2
-6
-12
12
-10
1
5
19
13
7
4
17
16
13
40
-17
26
-62
8
-25
-4
-8
14
-10
14
11
13
31
24
-1
15
-11
5
5
5
-9
1
-10
16
3
-7
-7
3
9
22
17
-15
-2
-11
12
76
0
6
11
5
12
11
-12
10
-8
15
24
9
1
3
-1
-4
4
-5
-6
5
19
12
6
6
15
16
14
31
-10
22
-51
7
-35
-4
-1
12
-7
13
10
12
21
7
-10
10
-11
10
8
6
-11
0
-13
18
3
-7
-14
6
7
18
15
-17
-5
-12
13
64
6
2
6
7
7
8
-8
8
20
22
16
12
-2
4
0
-6
4
-8
-6
5
21
14
4
8
18
18
15
30
-12
21
-48
10
-27
-7
-6
7
-7
8
8
8
-13
-9
-9
-4
-11
18
25
15
-19
-4
-19
26
15
-5
-15
15
16
23
17
-23
-14
-16
18
61
12
-9
-7
5
-5
-2
4
-1
23
7
-1
13
-12
16
4
-17
14
-23
7
-2
23
22
11
9
30
27
22
41
-7
24
-55
17
-30
-7
-9
-6
-3
-4
0
-3
-92
-68
-46
-39
-17
-6
13
32
-32
2
-16
23
41
9
23
25
27
50
50
-11
-19
-8
11
118
-4
-39
-27
-20
-21
-3
18
-14
12
-11
-46
34
-39
22
30
11
3
-41
51
-26
14
17
44
-17
23
26
31
26
57
25
-47
9
-97
5
26
-23
17
-17
-15
-17
-21
-11
-3
-17
-1
7
22
22
-23
1
-22
28
19
-5
-15
17
17
28
23
-24
-16
-16
19
70
14
-18
-15
1
-12
-4
10
-5
-29
-14
-14
6
-21
24
15
-11
9
-26
8
-3
26
23
14
9
32
31
25
39
0
24
-53
18
-42
-7
-6
-13
1
-11
-4
-10
18
0
9
-29
9
-8
9
22
-26
6
-20
24
19
-2
-5
18
23
39
35
-21
-15
-13
16
97
7
-32
-24
-10
-20
-8
18
-13
-57
-40
-33
-2
-23
21
22
5
-1
-25
10
-3
25
18
20
1
31
31
27
38
20
23
-54
15
-69
1
9
-22
11
-18
-13
-17
12
4
4
-8
7
2
20
20
-21
4
-22
31
17
-10
-19
12
10
15
10
-23
-15
-17
19
46
12
4
4
9
5
4
-5
6
-2
-1
-1
-4
-11
22
16
-11
8
-21
4
0
26
25
8
15
28
25
21
42
-14
26
-54
17
-16
-8
-11
5
-8
5
6
5
69
69
65
-29
32
-21
-9
22
-31
14
-27
27
39
7
20
26
26
49
50
-12
-20
-8
11
118
-4
-39
-27
-20
-21
-3
18
-14
61
1
-7
-42
-28
8
31
26
-10
-38
46
-21
19
17
45
-16
24
27
33
25
56
25
-47
9
-97
5
26
-23
17
-17
-15
-17
-1
9
6
-3
12
-10
10
20
-20
5
-18
26
5
-12
-16
9
9
17
9
-24
-11
-19
20
54
10
8
10
11
10
8
-10
10
16
4
1
-9
-5
17
19
-3
2
-17
-2
6
25
21
6
13
26
24
20
43
-14
27
-58
15
-17
-8
-12
10
-10
10
10
10
-85
4
34
12
42
-22
-20
15
-28
19
-32
29
38
6
18
26
26
49
49
-12
-20
-8
12
118
-4
-39
-27
-20
-21
-3
18
-14
38
68
55
-50
-4
-2
26
31
-16
-36
42
-19
22
18
46
-15
25
28
33
25
56
25
-47
10
-97
5
26
-23
17
-17
-15
-17
-54
-26
3
19
29
-16
-13
11
-20
17
-26
30
30
-1
4
19
20
42
41
-15
-16
-10
13
105
0
-23
-14
-10
-9
3
7
-5
-31
39
44
-30
6
-1
18
19
-12
-22
22
-8
27
18
30
-4
25
28
30
34
33
27
-53
10
-74
0
15
-11
7
-6
-6
-6
-1
-11
-4
11
11
-19
-3
20
-21
12
-22
30
12
-13
-16
12
14
23
15
-25
-14
-19
20
59
10
4
6
9
7
5
-7
7
-21
3
8
-7
9
6
23
7
-7
-18
-1
7
29
23
9
12
31
28
23
48
-7
29
-61
16
-23
-7
-10
7
-8
7
7
7
