-0.01926317
-0.02322639
-0.01175206
-0.01223374
-0.07230013
0.00873577
0.01321379
-0.03215015
0.01557800
-0.02391270
-0.08331233
0.16836768
-0.05208663
-0.17802235
-0.04169805
-0.08288603
-0.07496405
-0.05917413
-0.06411156
0.18402296
0.03674223
0.27403587
-0.35993361
-0.04653171
-0.03437557
0.03110693
0.03247749
0.02605373
0.03070962
0.02955658
-0.02979397
0.02902586
0.00915246
-0.02805345
0.04968873
0.05244437
-0.00662007
-0.02118446
0.04692200
-0.00623620
0.03790671
-0.03504699
0.04081509
0.06659482
0.11274887
-0.01597625
-0.03178550
0.03671817
-0.05986363
-0.04749848
-0.06906727
-0.15800947
-0.03047653
-0.21672563
0.17620213
-0.08871201
0.03426408
-0.01585989
-0.02294193
0.03126864
-0.02735246
0.02946432
0.02856165
0.02955406
-0.00957857
0.00269299
-0.02094129
-0.00491739
0.08075855
-0.03697833
-0.00868740
0.04125224
-0.01883418
-0.00427506
0.08110978
-0.49940735
0.07195996
0.64176488
-0.01222914
0.16376531
0.12290696
0.11824823
0.07652853
-0.49339023
-0.27115873
-0.46389022
0.78001249
-0.02320003
0.21351264
0.10975545
0.11900704
0.12943326
0.12290027
0.12587510
-0.12245016
0.12435515
0.01994252
0.01549589
-0.03398255
-0.08587699
0.00132608
0.06590515
-0.03766206
-0.02265646
-0.02730865
0.15009335
-0.10194221
-0.09516155
-0.36465782
0.13943492
0.10728930
-0.01806632
0.23124577
0.19801229
0.26773170
0.36841643
0.06917666
0.79587752
-0.44356608
0.28319800
0.07179739
-0.16219895
-0.13249682
0.12150911
-0.12795760
0.12364235
0.12512632
0.12339626
-0.04519835
-0.00722324
-0.06722283
-0.04213304
0.03057498
0.05429576
-0.02079917
-0.01321176
-0.06025006
0.08497445
-0.03178068
-0.42072016
-0.05178306
0.55666041
0.11690655
0.21096539
0.11085188
0.10310393
0.09724434
-0.52833343
-0.28928620
-0.49802652
0.94341713
0.03443865
0.17024064
0.03110317
0.04409870
0.05530759
0.05324475
0.08618420
-0.05679751
0.06283627
-0.01491883
-0.16279911
-0.00996336
0.03907300
0.01038478
0.03766221
-0.01843050
-0.05662591
-0.01649678
0.10612271
-0.12368360
0.03868650
-0.30290323
-0.01251814
0.09235716
-0.07854398
0.28092742
0.21213511
0.23127146
0.26730663
0.11722579
0.85842836
-0.32087496
0.26804671
-0.00641732
-0.11058802
-0.04454379
0.04965084
-0.05946364
0.05916911
0.06230250
0.05838817
0.03993298
0.13372815
-0.07358742
-0.06130096
0.00340339
0.05371916
-0.03483986
0.01052163
-0.04296330
0.05026688
-0.12267738
-0.16562302
-0.12274224
0.18168782
0.04035299
0.05201386
0.00159771
0.01753687
-0.02227999
-0.05355112
-0.27553168
0.13127561
0.09002785
-0.12538092
0.17288516
0.15087253
0.15212461
0.17249158
0.15879743
0.17406328
-0.15981664
0.16756362
-0.04828130
-0.05883385
-0.05884079
-0.02136642
-0.05284496
0.06450105
0.01272091
-0.05691906
0.02109200
0.05704183
-0.10465620
0.15081842
-0.14547923
-0.03030196
0.05348942
-0.02826478
0.13479823
0.14521025
0.19195352
0.01056535
0.00794108
0.32033992
-0.00000732
0.15641056
0.13712928
-0.19560724
-0.17135054
0.15611601
-0.17104223
0.16068535
0.16823810
0.16108070
0.10616297
0.12554182
-0.02663973
-0.05073367
0.03354293
0.05115325
-0.06346522
0.03539263
-0.06076204
0.08361168
-0.17277853
0.00704261
-0.22179462
-0.04035118
0.05477379
-0.01478772
-0.03058174
-0.00220817
-0.04609427
0.13829443
-0.29377553
0.43519086
-0.18680637
-0.15783301
0.19793899
0.16805691
0.16778904
0.20229089
0.17693400
0.19725253
-0.17911412
0.19145688
0.04859339
0.08264039
-0.08815643
-0.03304344
-0.10252595
0.07462090
0.01075026
-0.06830209
0.02588275
0.02127870
-0.12977195
0.27465272
-0.05074422
-0.11632898
0.00770934
-0.04068872
0.05637370
0.11081561
0.22177677
-0.14891297
-0.00847761
0.05042053
0.16899988
0.17690003
0.16207321
-0.22323546
-0.20523344
0.17313384
-0.19871069
0.17899427
0.19311400
0.18081020
0.01857324
0.01444877
0.03992609
-0.00549227
0.07465949
-0.01330979
-0.06396556
0.00494711
-0.02097055
-0.04783104
-0.06545191
-0.08876179
0.03704391
0.24113873
-0.08449923
0.00637901
-0.01274082
0.00784887
-0.03851188
-0.19570294
-0.21274245
-0.01326439
0.19402556
-0.10935796
0.16470233
0.17583787
0.18642570
0.17812203
0.18241763
0.17000969
-0.17826913
0.17544448
0.00427457
0.05914518
-0.11785761
-0.08931420
-0.09756077
0.00103228
0.05723144
-0.07590930
0.05143763
0.01142310
-0.00812366
-0.00384259
-0.08554980
0.11783694
0.02939686
0.03253319
0.09512682
0.07280853
0.18967213
0.08254571
-0.01410075
0.37181833
-0.15997364
0.16464812
0.14549617
-0.18207510
-0.18108265
0.18401341
-0.17746390
0.17782007
0.17563361
0.17824054
0.12908898
0.27237445
-0.38669658
0.28957850
-0.38551253
-0.42823118
0.50924712
0.34042865
0.15840729
-0.08623479
1.37448370
-2.32452679
1.18949795
2.84171057
0.30347359
1.32473028
0.84896857
0.79586232
0.65646964
-2.72885513
-0.93786395
-3.91716313
5.22195673
0.34783968
0.57386643
-0.05659563
-0.05679182
-0.03725361
-0.04846304
-0.05391910
0.05102458
-0.05594015
-0.26185787
-0.72577190
0.72166115
0.89884204
0.89639974
-0.17425027
-0.44625258
0.50533360
-0.56522125
0.73570085
-0.25417197
-1.68416524
-1.56210518
0.92469573
0.62047857
-0.25444412
1.13136625
0.88723528
1.30159903
2.13627672
0.36895114
3.54607749
-2.44351339
1.26278710
-0.14796312
-0.08653514
0.01580620
-0.05100990
0.04354145
-0.04418617
-0.05318758
-0.04977464
-0.04909283
-0.06240678
0.04309257
-0.01406134
0.06654342
-0.01943372
-0.04693215
0.04253114
-0.05136767
0.04169557
-0.19603381
0.05139543
-0.23526651
-0.06401947
0.03171129
-0.06396653
-0.05000138
-0.01809732
-0.07326338
0.12941085
-0.21776971
0.39057353
-0.23212975
-0.13028607
0.11879319
0.13225275
0.13730015
0.15096191
0.13927719
0.15207976
-0.13912430
0.14629078
-0.06395386
-0.01674553
0.00619872
-0.02166981
-0.03548342
0.02704864
0.01070468
-0.04920047
0.01457175
0.02130371
-0.11465876
0.26373163
-0.01620187
-0.11599880
-0.03044879
-0.02919829
0.02277948
0.08324327
0.15012029
-0.18048531
-0.00060252
0.02173599
0.18842912
0.08198982
0.12574251
-0.16403931
-0.15162048
0.13819319
-0.14929529
0.13862909
0.14703546
0.14009213
-0.05504575
-0.00206174
0.11327597
0.03010838
0.09268375
0.06917045
-0.06799061
-0.07530462
0.00052410
-0.12058970
-0.10734129
-0.03236113
0.12095360
0.30368215
-0.15147620
0.00229462
-0.02821831
-0.01072443
-0.04001837
-0.45231360
-0.15955932
-0.32128996
0.53018725
-0.04114844
0.10929428
0.13445541
0.15311493
0.11381320
0.14413862
0.12675534
-0.13845064
0.12636134
0.04276160
0.03057976
0.01051920
-0.04010157
-0.05332299
-0.09671135
0.09869535
-0.07226831
0.12531742
-0.07238569
0.08954194
-0.15597717
-0.02798161
0.24792230
-0.01332187
0.08497836
0.13436744
0.05853700
0.13508599
0.15871626
-0.01070829
0.61894739
-0.28962341
0.13708748
0.08571544
-0.11983810
-0.10693595
0.14801206
-0.11921441
0.13904016
0.12472334
0.13712943
0.08657194
0.02191662
-0.05553607
-0.00487004
-0.02884468
-0.11806866
0.04066934
0.11629153
-0.02873848
0.01949475
0.05209551
-0.26647863
-0.02262822
0.25754371
0.03604519
0.10045758
0.02151501
0.06837568
-0.01742888
-0.03828484
-0.37504947
0.08617660
0.15995890
-0.14158808
0.17565821
0.16493805
0.15842050
0.17358096
0.15972055
0.15611322
-0.15636520
0.16071798
-0.05532639
-0.10250466
0.04940777
0.09342062
0.09421054
0.00209145
-0.06091494
0.04409323
-0.08703737
0.16590035
-0.14789605
0.04703899
-0.21061659
0.02379901
0.10719763
-0.03488969
0.16997410
0.18652487
0.28746057
0.06442716
0.01551381
0.33005735
-0.03725241
0.19039121
0.15823497
-0.18519945
-0.18093427
0.15967120
-0.16830353
0.15757196
0.16198742
0.15719593
0.09716189
0.00778588
0.02879858
0.06985390
0.07296329
-0.05596914
-0.04596363
0.07441556
-0.06405824
0.05403850
-0.04014422
-0.19455796
-0.10449863
0.15452923
0.06701556
0.06896564
0.01379878
0.03557449
-0.02161015
-0.05110024
-0.31236386
0.13041687
0.11773918
-0.14676653
0.20589246
0.16518758
0.16841793
0.19605203
0.17537877
0.19668992
-0.17674051
0.18826918
-0.03606874
-0.16510549
0.11457372
0.00480179
0.05707502
0.06857768
-0.05513108
-0.02748616
-0.02746019
0.07791916
-0.17147028
0.11711125
-0.17077078
-0.03253502
0.03850041
-0.05071145
0.11850162
0.14774486
0.26538047
-0.02260950
0.00077261
0.25969321
0.02816235
0.20801643
0.15798593
-0.22208047
-0.19717848
0.17203312
-0.19417302
0.17703225
0.18947203
0.17854160
0.01396677
0.04019701
-0.01717066
-0.05882099
-0.11605069
-0.07093872
0.11215509
0.03009830
0.01781804
-0.04806569
0.13206899
-0.39380482
0.04686719
0.42362806
0.06026714
0.13758615
0.06101317
0.08677571
0.04925704
-0.25748700
-0.29884806
-0.26351362
0.50294483
-0.03638152
0.11811951
0.06725324
0.06423841
0.07049184
0.06921915
0.07943602
-0.06885935
0.07108767
0.04515781
-0.03102376
-0.01525456
0.00074089
-0.00202613
-0.05074602
0.02213031
0.06636956
-0.06218076
0.19505477
-0.11766279
-0.13729051
-0.28346542
0.11138474
0.08683643
-0.03085504
0.19379658
0.14898877
0.22440472
0.17022879
0.07026014
0.59672320
-0.17776842
0.16870090
0.04926603
-0.09797071
-0.06868849
0.06808249
-0.07076190
0.07172944
0.07086808
0.06973347
0.00312723
0.01125789
-0.10712446
0.05967383
0.08940361
0.07817035
-0.12515745
0.01135178
-0.06647061
-0.06506923
-0.16730921
0.06767824
0.00618683
0.07812193
-0.13620362
-0.11689357
-0.05849933
-0.03638038
-0.05788613
-0.15391241
-0.09596948
0.06565976
0.04773371
-0.06112000
0.09647669
0.13413821
0.15037937
0.12404055
0.14359719
0.12889670
-0.13858904
0.13058925
0.00408542
0.01732110
0.07221307
0.06285843
0.11318533
0.00595630
-0.00387500
-0.10406712
0.10764126
-0.10285340
0.00109088
0.03434302
0.03756834
0.14670971
-0.07992022
0.06665616
0.01041496
-0.03562246
0.04633975
0.00805188
-0.00720417
0.28834552
-0.11456237
0.08419079
0.09348523
-0.12454900
-0.12163187
0.14647037
-0.12675102
0.13868587
0.12934591
0.13754369
0.00237948
0.02281371
-0.15750605
0.02716904
0.06054830
0.07598295
-0.13286445
0.02818716
-0.08261546
-0.04830891
-0.18508527
0.07389645
-0.01062634
0.08741473
-0.11914253
-0.09695487
-0.05565780
-0.03007304
-0.06068356
-0.19821471
-0.13693370
0.02437949
0.09593979
-0.07508571
0.10589021
0.14488624
0.15969856
0.13769779
0.15337992
0.13879673
-0.14851803
0.14172749
0.01418340
0.02999370
0.00477497
0.08292595
0.14483465
0.03836042
-0.03137582
-0.10843237
0.09478977
-0.10833723
-0.01595271
0.04011880
0.02551476
0.14405140
-0.07307535
0.05677076
0.02752048
-0.01473829
0.09352536
0.00430150
-0.01585019
0.33264655
-0.10450655
0.09260776
0.10634441
-0.13784394
-0.13664652
0.15629347
-0.13952552
0.14829336
0.14098036
0.14773010
0.04248114
-0.01288687
0.09694799
-0.07827547
-0.05215414
0.05184565
0.07359068
-0.01600258
0.07700196
-0.17098074
0.26317677
-0.47520348
0.33888811
0.67189282
-0.06712380
0.25308135
0.09075494
0.10132670
0.02091255
-0.53398186
-0.34213251
-0.63906288
0.90345544
-0.11169736
0.24710990
0.18641876
0.18619983
0.19276240
0.18543528
0.17129187
-0.18162258
0.18112023
0.01345147
-0.11321029
0.01342274
-0.15184250
-0.13953830
-0.10969844
0.04422253
0.13633128
-0.04007048
0.11737952
0.03012576
-0.51656991
-0.34046811
0.43363005
0.17081705
0.03342058
0.29926547
0.28174281
0.38766399
0.41205648
-0.01154882
0.85900742
-0.49303460
0.31786498
0.16299438
-0.20891304
-0.20281568
0.18607512
-0.18854094
0.18269500
0.18270181
0.18217085
0.10136879
-0.07562327
0.04680499
0.01825088
-0.03565751
-0.02030470
0.02658205
0.04557816
-0.00728580
0.00262871
0.00664023
-0.17616419
-0.12154326
0.09666345
0.04553383
0.02651095
-0.02234360
0.01840312
-0.05753471
0.08526991
-0.30818897
0.23784901
-0.06909715
-0.15679446
0.14635575
0.15342179
0.14958090
0.16863750
0.15173326
0.15729114
-0.15006711
0.15799712
-0.04927997
-0.02098084
-0.00907653
-0.04803232
0.00463260
-0.06165587
-0.01948043
0.06762006
-0.06227286
0.10744368
-0.16335201
0.12655044
-0.15426707
-0.05762843
0.03578568
-0.03557684
0.07498571
0.12538798
0.23564844
-0.07720410
-0.01247195
0.12736690
0.11733600
0.13182218
0.15634021
-0.17885235
-0.17412157
0.15082684
-0.16456987
0.15035649
0.15917116
0.15123349
0.11204578
-0.13416517
0.05933985
-0.04779719
-0.04637527
-0.02193705
0.01535975
0.02782256
-0.00100456
-0.05053827
-0.07621984
-0.12736405
-0.18007356
0.02041531
0.00400833
-0.02884422
-0.05798075
-0.03380229
-0.08311877
0.12596491
-0.27918217
0.39134201
-0.27993041
-0.18844473
0.13916628
0.18636547
0.18759280
0.19933288
0.19007017
0.19990237
-0.18917593
0.19520018
-0.00095948
-0.04538289
-0.08603808
-0.02519498
0.03202244
-0.06922199
-0.01547818
0.05477308
-0.02033608
0.05441846
-0.16689833
0.19607282
-0.13180222
-0.06816526
0.01712523
-0.01307271
0.04866033
0.10817089
0.17270768
-0.14931937
-0.04907340
0.08918291
0.20285286
0.07889935
0.18272451
-0.20767313
-0.19727200
0.18885432
-0.19832541
0.18998396
0.19578876
0.19022682
-0.10593846
0.39395311
-0.16577920
0.79734558
0.55260366
0.48102611
0.56331605
-0.42010766
0.82598668
-0.67813045
1.82447362
-1.70000863
2.15992022
3.09217095
0.27333146
1.82703412
0.90069419
0.91865230
0.73565984
-3.34367180
-1.21684957
-4.63654280
6.27257252
0.46444482
0.69004875
-0.12151849
-0.13122796
-0.10729980
-0.12508075
-0.14259337
0.13024619
-0.13806383
-0.05281673
0.24736801
0.81182969
-0.64473224
-1.11125684
-0.38395119
0.78810406
0.76110387
-0.34972405
0.83152819
0.76290900
-3.03373933
-1.27506638
1.90597665
1.04515469
-0.08929396
1.62403941
1.27276802
1.75821722
2.43127584
0.41387260
3.93367767
-2.84515500
1.59476209
-0.22668098
-0.04133973
0.07276901
-0.12638164
0.11942562
-0.12216721
-0.13408694
-0.12894653
0.02902841
-0.04619391
0.05660227
-0.03073655
0.02454734
0.00198367
0.01788462
0.04404468
0.00880769
-0.06518296
0.08016405
-0.35923231
0.06788969
0.45320597
0.08124231
0.17194417
0.04969714
0.07322890
0.05003200
-0.36611643
-0.31492665
-0.32956460
0.72113168
-0.02475737
0.20671040
0.08383761
0.09129564
0.11163893
0.10182498
0.13113870
-0.10502073
0.11309602
0.06790867
-0.12531337
-0.00434060
-0.01060560
-0.03969377
-0.06824932
0.01746402
0.03149235
-0.06502058
0.11953796
-0.13847625
-0.17704751
-0.29998043
0.15247577
0.10802868
-0.04277115
0.25065124
0.21260205
0.24383621
0.18136109
0.09324239
0.70988524
-0.22916931
0.27937549
0.05082788
-0.16148974
-0.10543960
0.09781220
-0.11306645
0.10736279
0.11306421
0.10685395
-0.11410759
0.09243783
0.04177114
-0.01965757
-0.09881431
-0.00725187
0.01446675
0.02622320
-0.05090353
0.00767260
-0.04288861
-0.11715086
-0.18649597
-0.04893203
0.01050207
-0.06073500
-0.07137928
-0.03197108
-0.10217716
0.23603454
-0.28534293
0.44884795
-0.35953403
-0.19589333
0.14220892
0.18308410
0.17480110
0.19862083
0.17804295
0.17946792
-0.17608017
0.18454376
0.01739864
-0.03422104
0.01993307
0.00148189
-0.00146833
-0.04296736
-0.05556360
0.03619364
-0.03618969
0.04340198
-0.20249283
0.22681247
-0.09754544
-0.11269011
-0.01636845
-0.02134562
-0.00142727
0.07443644
0.18150236
-0.18113795
-0.05530923
-0.01973345
0.23072197
0.09078564
0.19008860
-0.19808608
-0.20613807
0.17704032
-0.19292691
0.17642924
0.18592079
0.17690371
-0.05065439
0.08953308
-0.01403069
0.05897062
0.02608578
0.06985182
0.03905516
-0.02268419
0.05013362
-0.07913058
0.09154082
-0.22557890
0.02571613
0.24369369
0.03243407
0.12844859
0.00838865
0.04338565
-0.03338435
-0.17013457
-0.36454496
0.00673648
0.28830171
-0.14261681
0.20193739
0.17607392
0.17728217
0.18902501
0.17966497
0.18753050
-0.17787646
0.18317495
-0.06055154
0.02374189
0.04604131
0.00860870
-0.05975532
-0.05336044
0.04250148
0.09563029
-0.05015014
0.10232501
-0.10705836
-0.06973495
-0.21052274
0.09020600
0.09930328
-0.02291297
0.18783690
0.20304094
0.32724303
0.04914965
-0.00937196
0.39914408
-0.04964897
0.22430144
0.16182980
-0.21158402
-0.19043289
0.17846419
-0.18752228
0.17893575
0.18394889
0.17916366
0.12354855
-0.07622097
-0.10112102
0.07825944
0.07188273
0.11333182
0.00171850
-0.08190376
0.06828819
-0.09908620
0.07203330
-0.13618779
-0.02398944
0.05625661
-0.02685044
0.01407348
-0.05550646
0.00310883
-0.09087195
0.13159972
-0.33468148
0.26191720
-0.12990040
-0.17950402
0.15527906
0.18001875
0.16693696
0.18797602
0.16697659
0.15530789
-0.16235401
0.16840899
-0.08407071
0.10183612
-0.03677659
0.11152575
-0.02477276
0.00793851
0.06414582
0.09502815
-0.01888972
0.07862933
-0.05419716
0.03619144
-0.08785352
0.00764164
0.04871755
0.00278665
0.07685933
0.12342960
0.24490258
-0.06992871
-0.04883123
0.09837076
0.11836176
0.13561450
0.18675254
-0.18508509
-0.20133038
0.16723019
-0.17960766
0.16291419
0.16998512
0.16315536
-0.19901304
-0.16086876
0.05284728
-0.14325854
0.71169704
0.23441666
-0.35673133
-0.60903174
0.56035483
-0.71691823
1.05372572
-0.76313394
1.79753900
2.29711699
0.11710334
1.34856915
0.65787768
0.68394256
0.53686130
-2.86667442
-0.95532340
-4.04885674
5.28935766
0.32081929
0.57616025
-0.05555331
-0.05693173
-0.03690859
-0.04868272
-0.05375106
0.05117571
-0.05583382
0.21360554
-0.75832307
-0.81702888
0.93340760
0.66756248
0.39848953
0.57551432
0.01827526
0.17484395
0.18633409
0.91840655
-2.76721215
-0.78989339
1.91144836
0.68071777
0.03183487
1.25217187
0.97611767
1.35531998
1.94743598
0.32104665
3.39493608
-2.29396677
1.26992071
-0.13876271
-0.08720795
0.01529459
-0.05126010
0.04329569
-0.04439043
-0.05304218
-0.04989389
0.03539362
-0.09778827
-0.02549186
-0.03743571
-0.05720499
0.00971428
0.07278370
0.00998922
-0.02742763
0.01465565
-0.03148109
-0.08965325
-0.21910387
-0.14879078
-0.01562057
-0.12758663
-0.09067403
-0.04518278
-0.11124310
0.35184047
-0.21414283
0.59876662
-0.56168252
-0.17933990
0.10398276
0.15785562
0.14910057
0.17568204
0.15127562
0.14907758
-0.14897682
0.15821993
0.14940247
-0.02575603
-0.01534854
-0.00213964
-0.09849744
-0.02514093
-0.04488077
0.05026228
-0.05067993
0.03246472
-0.19446990
0.29545850
-0.06114291
-0.17498165
-0.05329800
-0.01211768
-0.07936694
-0.00265911
0.10181687
-0.22085568
-0.06133823
-0.18654321
0.28475568
0.03095907
0.17105794
-0.16896540
-0.18593685
0.15054002
-0.16828631
0.14832798
0.15997456
0.14960335
0.01799598
-0.01711959
-0.11517175
0.05722193
0.01316166
-0.07373688
0.05614461
0.10307171
-0.10665540
0.02915865
-0.08495224
0.01033515
0.07687322
0.13906562
-0.09361748
-0.05211590
-0.02905602
0.00534312
-0.03344478
-0.28877679
-0.15321735
-0.09641003
0.25027651
-0.05636892
0.12790182
0.14194906
0.15407617
0.13282463
0.14911638
0.13190874
-0.14408208
0.13642982
-0.00399309
0.00202748
0.00115117
-0.01910912
-0.12293953
0.03026982
-0.09170818
0.02095347
-0.03520237
-0.08079946
-0.08277829
-0.04288200
-0.00089875
0.23143926
-0.05758630
0.03735077
0.08662857
0.01576582
0.12869987
0.07922028
0.00010272
0.42920423
-0.19695696
0.13792138
0.09717058
-0.13765612
-0.13212673
0.15166090
-0.13418156
0.14451936
0.13570060
0.14325973
0.16687740
0.69119620
0.80538803
-0.93324572
-0.12774988
-0.08261864
-0.59982991
-0.56805968
0.48365748
-0.74041933
0.88456285
-0.40789145
1.86427975
2.15543842
0.08063874
1.34621692
0.62002218
0.66181183
0.51392138
-2.89108133
-0.95832610
-4.07290602
5.30152035
0.31573635
0.57657397
-0.05535698
-0.05695745
-0.03684372
-0.04872377
-0.05371946
0.05120400
-0.05581385
-0.23955260
0.35097069
0.14723854
0.14430931
0.96738422
0.45488378
0.31413069
-0.22036754
0.33263093
0.02171192
1.08229256
-2.84138370
-0.61606765
2.06989527
0.68599361
0.08574542
1.27134180
0.99125594
1.36418355
1.91101503
0.31196934
3.36604643
-2.26571655
1.27119398
-0.13703361
-0.08733270
0.01519852
-0.05130675
0.04324949
-0.04442865
-0.05301487
-0.04991622
0.18911962
0.10882866
0.30963469
-0.45341876
-0.23663658
-0.12525493
-0.30310711
-0.25095245
0.21721168
-0.41150400
0.45737800
-0.22951907
1.12634802
1.35789633
-0.01930045
0.78858823
0.30894297
0.34414637
0.24556226
-1.81937456
-0.63678688
-2.47850609
3.24632263
0.11624020
0.40441751
0.05373872
0.05797134
0.06143928
0.06057788
0.05235942
-0.05709714
0.05251290
0.01170169
0.40785107
0.28606823
-0.15024808
0.43582568
0.22872925
0.07916559
-0.14445403
0.17426108
-0.05272007
0.58689123
-1.74480605
-0.38327676
1.38775599
0.39278439
0.10380767
0.81257308
0.62738889
0.83117610
1.13991237
0.16553310
2.21238732
-1.39397860
0.79240167
-0.00376521
-0.13651150
-0.07284991
0.06017048
-0.05867093
0.06129844
0.05344642
0.05778429
0.07116729
0.11663828
0.10775016
-0.11144330
0.02973105
0.04401211
-0.02319569
-0.13033380
0.09904583
-0.10316645
0.12123845
-0.20403345
-0.03478386
0.07939350
0.02931686
0.01564611
-0.00818608
0.03512306
-0.05444419
0.18267442
-0.30131334
0.31877583
-0.12422351
-0.12675956
0.15765324
0.12311895
0.11253011
0.14684637
0.11402587
0.10926579
-0.11180788
0.12174874
-0.09987235
0.03430920
0.05715714
-0.00414237
0.07903890
0.11461437
0.06776785
0.06404507
-0.02256674
0.08710393
-0.08069743
0.04842472
-0.14257866
-0.05519733
0.05675437
-0.04993455
0.05546651
0.12768845
0.21405429
-0.02888280
0.00545147
0.03297221
0.06930670
0.16230926
0.13323900
-0.15246348
-0.16470715
0.11331782
-0.13548684
0.11063605
0.12408335
0.11248391
0.11833873
0.17505410
0.07671195
0.00989062
0.16825832
0.09330266
0.07677872
-0.03561066
0.01490011
-0.01890685
0.06263433
-0.21851262
-0.20186095
-0.05934914
0.03147414
-0.08438071
-0.06854694
-0.03753704
-0.10741063
0.28981721
-0.26774088
0.60524350
-0.50676119
-0.19292951
0.13530697
0.18759722
0.18460453
0.20659205
0.18842882
0.19776604
-0.18784489
0.19704880
-0.10018278
-0.00749697
-0.10136136
0.08933631
-0.02381629
0.01806498
0.05587167
0.08477136
-0.08187522
0.05576030
-0.25223550
0.26312387
-0.17493138
-0.18721107
-0.01875120
-0.05139904
-0.03189442
0.06145793
0.15927124
-0.21894293
-0.06118351
-0.06933634
0.27220333
0.06160176
0.18803178
-0.21061064
-0.20901805
0.18700965
-0.20323992
0.18779241
0.19813563
0.18893901
-0.08645089
-0.13778888
-0.09314614
-0.02324087
-0.19528712
-0.10819353
-0.10001392
-0.06350590
0.03845217
-0.19540791
0.13550019
-0.01357290
0.63388455
0.71733284
-0.09788431
0.36679065
0.11618831
0.14302090
0.09629495
-1.07036531
-0.36436296
-1.34731638
1.78711450
0.02061492
0.26093781
0.09366080
0.10298514
0.09473664
0.10321636
0.09614558
-0.10052426
0.09512603
-0.03749752
-0.09111482
0.08149895
-0.17291093
0.02247025
0.03123958
-0.03399615
-0.08593920
0.09381356
-0.14409526
0.30884212
-0.97046143
-0.16461791
0.91259408
0.17554685
0.10848470
0.44689727
0.34948298
0.43341643
0.62535453
0.05966178
1.35180354
-0.79467946
0.44405520
0.04986614
-0.13691473
-0.09669159
0.10371152
-0.09575485
0.10306382
0.09536476
0.10069736
0.07914941
0.09707735
0.11732283
-0.07651900
0.01619816
0.04943777
-0.02795639
-0.07825940
0.06628297
-0.12719463
0.15473229
-0.22565217
0.11114232
0.23942976
0.02272492
0.12772810
-0.01738401
0.02274260
-0.02934149
-0.15046726
-0.31901544
-0.02109244
0.26977858
-0.11136120
0.18895215
0.14821115
0.14737925
0.16772835
0.15514657
0.16941090
-0.15545687
0.16227762
0.09982186
0.18902980
0.05340340
0.03646019
0.07191915
0.10673325
0.04820844
0.04052735
-0.01514836
0.03269903
-0.06611456
-0.18433900
-0.20294231
0.15565468
0.11347251
-0.00584152
0.19295505
0.18040073
0.25050506
0.04422480
0.00416509
0.44337559
-0.05473315
0.20251118
0.12949176
-0.19316787
-0.16658263
0.15236840
-0.16629262
0.15745103
0.16302037
0.15683062
-0.07552492
-0.07492387
-0.05403275
0.01126097
-0.02207429
-0.04223378
-0.00268735
-0.08132619
0.06326496
-0.10063978
0.12018200
-0.19136311
0.00951464
0.09417921
-0.00114534
-0.00363606
-0.02989660
0.02668753
-0.06306205
0.13628875
-0.29120570
0.24883693
-0.13562344
-0.13613676
0.13526641
0.13891584
0.12729020
0.15002713
0.12829132
0.11751978
-0.12458079
0.13046873
0.03696477
0.03365069
0.04718834
-0.05058599
0.04434001
0.05798945
0.02353092
0.01657473
-0.02531877
0.03146283
-0.08135594
-0.02833462
-0.14886595
0.01720861
0.03779723
-0.02449083
0.06500333
0.09565834
0.17581585
-0.01122129
-0.00354838
0.13484098
0.05397203
0.11907674
0.14338537
-0.15045018
-0.16381426
0.12860100
-0.14096069
0.12486301
0.13208976
0.12506101
-0.11558151
-0.15589723
-0.00534950
-0.04873231
-0.03008717
-0.01623562
-0.02924469
-0.08834429
0.06055679
-0.10746934
0.12306881
-0.17072940
0.05284546
0.12755567
0.00673462
0.04975538
-0.02654358
0.02352104
-0.04850753
-0.01624747
-0.29806843
0.13548499
0.04541455
-0.11266337
0.13379408
0.13867536
0.13643445
0.14277419
0.13741440
0.13799864
-0.13488257
0.13746718
0.01353133
0.04441876
0.10005575
-0.04943180
0.08576457
0.08259138
0.03375119
0.01889785
-0.01350986
0.01095491
-0.06555447
-0.06979492
-0.14078075
0.07524075
0.06837507
-0.01423779
0.11391853
0.13018462
0.21199931
0.00346065
-0.01236728
0.27716923
0.00717158
0.13248749
0.12589270
-0.15443678
-0.14444353
0.13738683
-0.14077240
0.13606378
0.13784410
0.13531590
0.03355451
0.09746392
-0.02263694
0.15425926
-0.05189446
-0.08678015
-0.03754521
-0.02605232
0.00476444
-0.11422337
0.09399469
0.04667716
0.49878392
0.47684357
-0.10589090
0.28248656
0.04980584
0.07179565
0.01025172
-0.72868615
-0.34976023
-0.86540490
1.17037487
-0.08434013
0.25144702
0.16433193
0.16991356
0.16942561
0.16971445
0.16397457
-0.16697019
0.16541372
0.04392126
0.03367077
-0.09404978
-0.01865789
-0.13789868
-0.04064361
-0.05584937
-0.09359615
0.06949905
-0.14247018
0.21805747
-0.74717349
-0.11842658
0.74234927
0.15292376
0.10504378
0.36099747
0.31989783
0.39270824
0.42209619
-0.00555622
0.97091925
-0.52886450
0.34819183
0.13588776
-0.19748481
-0.17273520
0.16972624
-0.16877367
0.16857781
0.16626568
0.16753192
-0.05088415
-0.15693863
-0.03481881
-0.04014302
-0.02518254
-0.01763635
-0.04684650
-0.04821869
0.06706274
-0.15986298
0.15146659
-0.09087244
0.33505595
0.50334626
0.07219135
0.30087930
0.05728228
0.09995126
0.09906661
-0.74297559
-0.36329135
-0.82212329
1.33501279
0.05324618
0.22831339
0.02739062
0.03976625
0.05773946
0.05229338
0.09214132
-0.05692337
0.06482808
-0.06177505
-0.05547903
0.05506531
-0.00354764
-0.04932604
0.07118152
-0.02176879
0.00914000
0.04259318
-0.03764004
0.06088396
-0.54496413
-0.21685335
0.49908510
0.17432576
0.00860235
0.36602941
0.28778848
0.33554661
0.30292016
0.11152551
1.03783524
-0.41082960
0.38160011
-0.01520340
-0.12750275
-0.04681754
0.04730327
-0.06219679
0.06007814
0.06441633
0.05900073
0.06412789
0.05387946
-0.05217490
0.07163689
-0.05269842
-0.10735118
-0.03624428
-0.06066852
0.02578770
-0.10925608
0.08693252
-0.08277826
0.16613752
0.20059747
-0.05750830
0.10221894
-0.04499457
-0.00730547
-0.05463630
-0.18103305
-0.28525874
-0.09337500
0.25371096
-0.12422616
0.19967911
0.16202232
0.15687704
0.18015690
0.16237041
0.16478002
-0.16206697
0.16844819
0.01733654
-0.09467693
-0.05530296
-0.03158046
-0.06135342
0.00968679
-0.04280902
-0.04872017
0.03327505
-0.05947179
0.03423802
-0.24613301
-0.08328984
0.25698751
0.10420610
0.04198187
0.18641217
0.17931665
0.23688333
0.07043716
-0.03107656
0.42641783
-0.09052654
0.19925824
0.14737892
-0.19826679
-0.18629235
0.16067481
-0.17565812
0.16301455
0.16978909
0.16329482
0.05247710
0.11636454
-0.05204444
0.04873257
-0.06902239
-0.08764689
-0.04657670
-0.06808442
0.04485969
-0.10503519
0.13492458
-0.16674061
0.05573382
0.14839986
0.00663324
0.08705319
-0.03231538
-0.00039604
-0.07152420
-0.08089529
-0.32082611
0.10049340
0.11993455
-0.15135607
0.16327037
0.17123735
0.17388467
0.17606419
0.17421529
0.18225870
-0.17242035
0.17543472
0.07496961
-0.06893010
-0.06218667
-0.01404033
-0.01754793
0.02004813
-0.01345822
-0.05081446
0.03119898
-0.02899824
-0.04908059
-0.11109580
-0.18254933
0.09559421
0.08109251
-0.00256658
0.13734885
0.16739678
0.25898516
-0.02454972
-0.02825213
0.30188081
0.03385496
0.16210090
0.15992488
-0.19362569
-0.17321067
0.17395568
-0.17652676
0.17355154
0.17563936
0.17319602
0.05647405
-0.15782669
0.13085158
0.00857066
0.19411741
-0.01672146
0.05048401
0.07366598
-0.06605049
-0.09520925
-0.01325896
0.32930082
0.67817575
0.53676140
-0.14148147
0.38370004
0.05967693
0.10573728
0.04415365
-1.09353662
-0.41430017
-1.38441586
1.75018287
-0.02187439
0.21994835
0.11738379
0.12419387
0.09777284
0.11989426
0.10554251
-0.11501580
0.10438089
-0.08062658
-0.03882388
0.06575835
0.22717960
-0.17222874
-0.16256787
-0.16401951
-0.13755187
0.12240831
-0.27008438
0.36618468
-0.96849531
0.00939988
1.06033254
0.18667653
0.17009938
0.48591411
0.38780555
0.46665743
0.56391954
0.02630209
1.32997477
-0.71406031
0.38705608
0.07870991
-0.12997572
-0.09576912
0.12217082
-0.10118419
0.11824666
0.10375222
0.11440429
-0.06650553
0.07490129
0.01199280
0.04586023
-0.03510024
-0.09531510
-0.04120266
-0.05356967
0.03600492
-0.10311817
0.14207220
-0.12444612
0.13317798
0.18740274
-0.00083544
0.10389364
-0.03249872
-0.00024956
-0.06084803
-0.15670344
-0.33664340
-0.00777579
0.24649854
-0.14146218
0.20365995
0.17629386
0.17703654
0.19241683
0.18205841
0.19591655
-0.18196774
0.18858033
0.00939972
0.09692502
-0.07197363
0.01668713
-0.04649960
-0.01342869
-0.03382002
-0.07246226
0.04071254
-0.06282330
0.00904658
-0.22545868
-0.16309537
0.19451405
0.09023961
0.00136819
0.16358460
0.19511905
0.28479195
0.02456453
-0.02873821
0.41787878
-0.03844987
0.21061224
0.15862171
-0.21846092
-0.19114351
0.17989695
-0.19180940
0.18340436
0.18914115
0.18334597
0.10546681
-0.10169511
-0.00544699
-0.69396758
1.12522864
-0.10352322
0.14481252
0.25401059
-0.20334354
-0.77543980
-0.12334174
1.40837622
2.47518468
1.73097003
-0.14585653
1.77479362
0.52457166
0.69715309
0.51307362
-3.55452704
-1.24267590
-4.83536243
6.37905312
0.41746542
0.69486833
-0.12081998
-0.13211814
-0.10612271
-0.12590855
-0.14195409
0.13076977
-0.13768494
0.05375236
-0.45392519
0.82856536
0.75488323
-0.52356738
-0.60670221
-0.95784259
-0.83141333
0.87362027
-0.74161524
1.97370744
-3.17963505
0.40559757
3.19343257
1.07041311
0.44287106
1.78145409
1.40635622
1.83555937
2.11106229
0.32828337
3.68654561
-2.59764409
1.60769951
-0.21144626
-0.04333879
0.07113999
-0.12737165
0.11855255
-0.12290946
-0.13357635
-0.12935100
-0.04566208
-0.15696649
0.17434260
0.16521373
-0.07016224
-0.13617219
-0.07913285
-0.15474376
0.11797677
-0.17383075
0.25503165
-0.30279049
0.10402714
0.28908646
0.10758865
0.11592169
0.01470253
0.03917156
0.04930872
-0.17238145
-0.28635722
0.08701536
0.23625252
-0.01619666
0.17585737
0.05140701
0.06241328
0.09707039
0.07824733
0.12635036
-0.08531154
0.09952033
-0.15002018
0.26782742
-0.06875154
0.00403735
-0.08670236
0.00131354
-0.00886863
0.00083996
0.03769066
0.00363111
-0.06857929
-0.20316255
-0.31810245
0.09442636
0.12475100
-0.05990551
0.18930316
0.15791129
0.17719762
-0.00168384
0.10013529
0.41946417
-0.00066488
0.19980416
0.02085430
-0.15557528
-0.08711586
0.07217424
-0.09938034
0.08729045
0.10004406
0.08806407
0.03669589
-0.14511776
0.07152774
0.00432173
0.04071167
-0.06888890
0.00113134
-0.01389837
0.01457929
-0.09467605
0.12365136
-0.03490461
0.22713935
0.21139009
-0.01787074
0.15299359
-0.02947629
0.00697166
-0.03777607
-0.26470765
-0.31823775
-0.19080812
0.42736900
-0.12246411
0.18879730
0.16121922
0.16344686
0.17122775
0.16909543
0.18472071
-0.16907988
0.17333868
-0.04823742
0.04179923
0.02220570
0.04696129
-0.02425084
-0.07045858
-0.05316149
-0.06717329
0.05144476
-0.10250022
0.06731109
-0.34282404
-0.12739021
0.30789894
0.12139444
0.03563179
0.22254752
0.20930319
0.26057416
0.08656339
-0.01676497
0.53731281
-0.10073248
0.20355229
0.14108795
-0.20011309
-0.16480963
0.16672373
-0.17324984
0.17152104
0.17327248
0.17045937
0.10519685
-0.09936918
0.03684722
-0.05020851
0.05344063
-0.07859959
-0.05935176
-0.01642740
0.03174968
-0.12251195
0.16581061
-0.19834204
0.06286620
0.10167623
-0.00872002
0.09855381
-0.04638278
-0.01361137
-0.11266594
0.06765093
-0.36713657
0.30338579
-0.03345860
-0.18956909
0.21696776
0.19832781
0.19240136
0.21854830
0.19537318
0.19986615
-0.19330436
0.20240374
0.07063606
-0.14215623
0.09122668
0.07822634
-0.11253393
-0.12931600
-0.09541541
-0.15666950
0.09385715
-0.05438961
0.04688396
-0.10271618
-0.15300648
0.01864232
0.10357849
-0.00938802
0.12041733
0.20061024
0.32085246
-0.06765179
-0.05961262
0.13235255
0.09682475
0.22062534
0.19875295
-0.23172675
-0.22719029
0.19383720
-0.21247181
0.19355316
0.20424663
0.19457069
-0.04843983
0.07218884
-0.10795122
-0.14780474
0.12512541
0.08731619
0.08243494
0.08491512
-0.06295552
-0.04895375
0.01455471
0.14333153
0.34227121
0.19848892
-0.11373052
0.17331322
-0.01823515
0.02112225
-0.06857324
-0.31131583
-0.35449889
-0.30669075
0.51560557
-0.14278685
0.20772925
0.18289360
0.17927767
0.18565007
0.17696038
0.16565005
-0.17322089
0.17386052
0.02699164
0.01258826
-0.01447298
-0.08666892
0.10476684
-0.12210713
-0.07421954
-0.11921032
0.08639127
-0.19167687
0.19671971
-0.45397723
-0.00821749
0.50093019
0.13037698
0.08458751
0.25132105
0.26360488
0.34191009
0.20788473
-0.04065222
0.55461144
-0.23151037
0.24344285
0.17156437
-0.19771643
-0.19451055
0.17797555
-0.18096358
0.17399234
0.17520048
0.17363572
-0.06679973
0.06568708
-0.00852700
-0.00834456
0.00361713
-0.06607293
-0.07615177
-0.06179348
0.05660329
-0.04740899
0.16203293
-0.13492264
0.07402007
0.11169855
0.01577000
0.05265151
-0.04963767
-0.01316751
-0.05212915
-0.11475018
-0.26723924
0.07105987
0.17914692
-0.11175136
0.16625762
0.14536628
0.15421765
0.16113414
0.15949450
0.18249473
-0.16012625
0.16612670
0.07473645
-0.16828232
0.14692341
0.09836821
-0.10566126
-0.04648538
-0.02464212
-0.04137075
0.01507166
-0.02099688
-0.03794895
-0.13587530
-0.15038292
0.10434251
0.03924286
-0.00578872
0.11398545
0.11905791
0.18602355
-0.03790484
-0.01695351
0.34595913
0.02093245
0.16519983
0.12398345
-0.19149025
-0.15202175
0.15677799
-0.16474724
0.16177605
0.16572055
0.16144674
-0.09298197
0.13520664
-0.08550659
-0.04255341
0.07817940
0.05694853
0.02867536
0.03042128
-0.00148732
-0.06667960
0.09252231
-0.06849866
0.11830449
0.11621026
-0.04825566
0.06993595
-0.07889941
-0.01066334
-0.09349502
-0.05481781
-0.34342641
0.03424137
0.13817483
-0.14781332
0.15247400
0.17198198
0.16550627
0.16811255
0.16524799
0.15808816
-0.16066170
0.16158146
-0.07181011
0.03190215
-0.01068085
-0.04523892
0.03053629
-0.07379008
-0.03103267
-0.08324066
0.05489007
-0.11215529
0.06256343
-0.19363469
-0.07586282
0.18436816
0.06974815
0.03627810
0.13908899
0.15057659
0.24277134
-0.00617164
-0.04211548
0.34534648
0.01439033
0.15520571
0.16103244
-0.17494619
-0.17133538
0.16615148
-0.16539612
0.16269955
0.16182540
0.16096810
-0.01226191
-0.11904100
0.10326918
0.11918366
-0.10256732
0.09239031
0.10333204
0.10666665
-0.09798595
0.08083432
-0.17412913
0.62739885
0.62876809
0.30181566
-0.14570995
0.33302262
0.03890628
0.09742810
0.05448461
-1.11240840
-0.36704239
-1.40070271
1.81031811
0.01054381
0.26005241
0.09539856
0.10390478
0.09399072
0.10372964
0.09572932
-0.10081209
0.09489750
0.09343162
-0.11452914
-0.06821846
-0.12741108
0.16769591
0.06438775
0.02193199
0.00638521
0.02604432
-0.22893995
0.28883004
-0.74050677
0.18319210
1.12084854
0.13844368
0.18814956
0.46011215
0.36483026
0.44062907
0.54708123
0.03999735
1.29640532
-0.74029875
0.44440842
0.05429466
-0.13570963
-0.09570267
0.10438801
-0.09519859
0.10345057
0.09506044
0.10091274
-0.01104920
0.12313761
-0.06451245
-0.04673555
-0.01318172
0.01839205
0.02130099
-0.02846478
-0.00342566
-0.05818328
0.09699114
0.09843366
0.29197785
0.27963585
0.01516315
0.21846195
-0.02237748
0.02705441
0.03624586
-0.56927037
-0.30298734
-0.58662432
0.96604800
0.01830124
0.17035697
0.03481657
0.04521165
0.05435549
0.05408552
0.08554790
-0.05729425
0.06248476
-0.04629663
0.10673732
-0.02136165
0.03343172
0.02947737
-0.06346814
-0.01784816
-0.05070307
0.06237369
-0.12287145
0.08306843
-0.41086847
-0.09581639
0.48148870
0.14821291
0.05431338
0.30117702
0.23430702
0.24825226
0.16285044
0.07501352
0.80050081
-0.24443403
0.26962960
0.00124742
-0.10947568
-0.04341371
0.05069137
-0.05869996
0.06008542
0.06184600
0.05876419
0.05308646
-0.04342831
-0.09621026
-0.06803062
0.09177278
0.02898707
-0.02709977
-0.00425812
0.02321338
0.02067929
0.11405747
-0.06502977
0.07597540
0.05097587
-0.02678677
-0.00453445
-0.05532017
-0.01978718
-0.07594933
-0.09009410
-0.22986567
0.09152152
0.06407046
-0.13038716
0.12892754
0.16662693
0.17786057
0.16437155
0.17601992
0.18447641
-0.17374410
0.17325272
-0.00211953
0.12708914
-0.10950378
-0.05952348
-0.00820085
-0.04596035
-0.04468869
-0.06246550
0.00956206
-0.05137404
-0.01648812
-0.12126862
-0.08008872
0.13839978
-0.00489890
-0.00351385
0.07164717
0.08138931
0.15743676
-0.03600461
-0.04769418
0.30970469
0.01704483
0.10459375
0.14341101
-0.18045421
-0.15473427
0.17598276
-0.16917627
0.17492723
0.17197879
0.17405139
0.09030791
-0.27227420
-0.02459616
-0.15296254
0.13676529
0.05999777
0.01056330
-0.05667026
0.05411241
-0.11563791
0.28389663
-0.30382735
0.09330875
0.22309265
0.13413350
0.02741845
0.00634494
0.03061313
0.04375110
-0.03774922
-0.25489911
0.27161750
-0.03587598
-0.02665727
0.13611059
0.05060611
0.06295955
0.09245002
0.07849751
0.13080780
-0.08580036
0.09992584
0.15828890
0.15585418
-0.22282366
-0.11214279
0.05647517
-0.11961243
-0.06624985
-0.13457221
0.09869850
-0.09786566
0.02102195
-0.20102862
-0.33863705
-0.00027083
0.07652609
-0.10553468
0.08249475
0.07461152
0.11222473
-0.10636519
0.08638594
0.29092655
0.11740109
0.12516269
0.02107215
-0.14738517
-0.07838966
0.07247819
-0.09706579
0.08801384
0.09981131
0.08870782
0.02925834
0.01314856
0.00928449
-0.02854296
0.09502199
-0.06326963
-0.09782443
-0.06913465
0.09641593
0.06250510
0.07776473
0.06226245
0.07780442
-0.02384204
-0.08519045
-0.01796838
-0.07738363
-0.05217949
-0.11686352
-0.20554468
-0.20507495
-0.07872893
0.19600824
-0.15509127
0.18527626
0.21350268
0.21641466
0.20814763
0.21271935
0.19412100
-0.20806301
0.20432733
-0.00685728
0.01587166
-0.07036860
-0.01650467
0.01040502
0.01626329
-0.05423123
-0.01679254
-0.02911390
0.06377316
-0.06646905
-0.05926976
0.02423698
0.25513542
-0.05889323
0.05500398
0.08319785
0.07892209
0.17824621
0.03421752
-0.07977451
0.37289187
-0.12788518
0.17400689
0.18835245
-0.20698403
-0.21217492
0.21479496
-0.20677026
0.20828491
0.20441894
0.20771264
-0.11274356
-0.15081452
0.10399342
-0.00919810
0.00390115
-0.00409489
-0.02336978
-0.05534983
0.05399424
0.01862513
0.07468676
0.11162335
0.20271951
0.12186463
0.00821883
0.05970727
-0.05651681
0.02978453
0.01331546
-0.39541355
-0.28534749
-0.32170212
0.61491275
-0.02396308
0.15456502
0.10688816
0.11744057
0.10209963
0.12506290
0.14593671
-0.12522191
0.12268866
0.08941325
-0.12130708
-0.14193183
-0.09413972
0.08000124
-0.00515212
0.04484031
-0.03174269
0.00947677
-0.09792094
0.04812071
-0.25668168
-0.01822181
0.39191926
0.02414391
0.02277878
0.18830830
0.08973351
0.18663591
0.04856249
0.05041697
0.68131411
-0.14419466
0.21485037
0.05182580
-0.14328937
-0.08230361
0.12294587
-0.11155831
0.12987506
0.11993468
0.12623443
-0.04973363
-0.01320792
0.11424664
0.04288065
-0.00891125
-0.09241237
-0.06030936
-0.06291404
0.08163448
0.08906525
-0.01194880
0.19836596
0.10066593
-0.01510546
-0.08403166
-0.00883500
-0.06164119
0.01915256
-0.01806795
-0.55115151
-0.18195665
-0.47992653
0.70984703
0.02156106
0.09501281
0.08093604
0.09585316
0.05112412
0.08632018
0.06123278
-0.07860003
0.06322558
0.03540652
-0.01980335
0.00475507
-0.04908209
0.10244634
0.03863980
-0.03005056
-0.05921463
-0.01519394
0.02105230
-0.07032621
-0.05866678
0.15905005
0.47834033
-0.08805550
0.06885001
0.16520059
0.06194140
0.12742017
0.13750741
0.03897522
0.65795171
-0.34089530
0.17219684
0.02591829
-0.06108340
-0.04657487
0.09103066
-0.05554740
0.08065277
0.06101299
0.07700227
0.00759843
0.03460062
0.03967895
0.04958965
-0.05007107
-0.02857048
-0.00489826
-0.00004918
0.04998811
-0.01362572
0.09090496
0.01883660
0.10009892
0.01608536
-0.04924909
0.02086094
-0.03699993
0.00716155
-0.05929727
-0.22697780
-0.20050789
-0.06472757
0.23682404
-0.07127416
0.16040100
0.13794148
0.14132662
0.13920279
0.13710529
0.11805566
-0.13271970
0.13003573
-0.00893932
0.01507096
0.07318971
0.00414479
0.07794587
0.02826162
-0.06072666
-0.08369009
0.04730241
0.01118960
0.00014431
-0.06433176
0.03601825
0.23119155
0.00241589
0.01743666
0.13261075
0.10340667
0.18671151
0.07879055
-0.01109764
0.34913981
-0.18728165
0.18370113
0.10947648
-0.14407629
-0.14849186
0.13941132
-0.13486555
0.13211922
0.13082828
0.13248372
0.08377387
0.08993742
-0.01018885
0.03524102
-0.05351101
0.07115582
0.05416319
0.10560522
-0.03528718
0.01814345
0.11501898
-0.13153756
0.07825217
0.05972141
-0.03414074
-0.00737567
-0.06922341
-0.04595637
-0.12659800
0.15404102
-0.28315052
0.37526914
-0.26224923
-0.19424725
0.15392324
0.20036608
0.19657558
0.20872207
0.19697274
0.19740643
-0.19429336
0.19987854
0.07678100
0.09875195
0.09147031
0.05447887
0.05289312
0.08225100
-0.01090317
-0.02222243
0.03437135
-0.09594072
0.07790601
-0.17236359
-0.12685643
0.03446099
0.02399747
-0.01663805
0.03069503
0.09788951
0.19514304
-0.08802737
-0.08281493
0.10630798
0.13617715
0.10429685
0.19684796
-0.21266311
-0.21233225
0.19653229
-0.20544249
0.19477998
0.20072362
0.19507852
-0.21094444
-0.43467903
-0.18481892
-0.94209713
0.18749616
-0.39166033
-0.09450063
0.20420983
-0.52575815
0.44803113
-1.17756975
2.58687925
1.58706236
0.28117397
-0.27941930
1.20652294
0.21662253
0.42401013
0.27757451
-3.10909319
-0.98356855
-4.30186605
5.41479301
0.26464233
0.58042490
-0.05337843
-0.05720574
-0.03619171
-0.04913188
-0.05340204
0.05148609
-0.05561371
-0.20183147
-0.64186198
-0.79760331
0.06500587
-0.95759988
0.24565682
0.67048019
0.57406622
-0.26104838
-0.58988160
0.75308573
-1.24414277
1.15598929
2.97511721
0.63167608
0.60328645
1.39778829
1.11391139
1.43110597
1.53097022
0.21978806
3.06802487
-1.97979975
1.28280473
-0.11967732
-0.08855586
0.01423552
-0.05176874
0.04278532
-0.04480970
-0.05274096
-0.05013911
-0.06521619
-0.06600191
-0.06194190
-0.02093914
-0.04604442
0.01550466
0.03195629
0.05001238
0.01214805
0.07121204
0.08714976
0.00309460
0.12479126
0.01083758
-0.06716260
-0.00819506
-0.07658114
-0.06234185
-0.14382774
0.02971013
-0.28250235
0.16996823
-0.05230758
-0.21799946
0.17483830
0.23560064
0.23417336
0.23236373
0.23259839
0.22562991
-0.22841753
0.22880751
0.05161078
0.06479833
0.04644680
0.04269998
0.04813531
0.04810757
-0.02868660
0.02552470
0.00411878
-0.02218777
0.06667650
-0.19161135
-0.07999128
0.16873096
-0.01988491
0.02293413
0.02522041
0.08941524
0.21834701
-0.04142468
-0.11370914
0.24221389
0.05256328
0.13987762
0.22708566
-0.23117867
-0.23281541
0.23315473
-0.23156829
0.22982563
0.22890374
0.22855042
0.00697924
0.01980512
-0.03604588
-0.01628185
0.02893738
-0.02030293
0.00090233
-0.03451868
0.04045290
0.11094895
0.00399340
0.36004952
0.28859124
-0.03175026
-0.12552780
0.10284200
-0.07853366
-0.03807160
-0.07977783
-0.49384242
-0.26955742
-0.49541700
0.67567223
-0.12967779
0.19454423
0.19269550
0.20018581
0.18687300
0.19909531
0.19320114
-0.19550103
0.19094592
0.02688609
0.04306333
0.01179015
-0.02276517
0.03633349
-0.03589235
-0.05036121
0.00547653
-0.00629091
0.01708664
0.05249683
-0.24214749
0.08923178
0.57656980
0.00618646
0.14341851
0.22123487
0.19069983
0.24262878
0.16618527
-0.05969898
0.69622159
-0.26714256
0.21821789
0.16423781
-0.20250811
-0.18215550
0.19963038
-0.18971446
0.19777144
0.19071859
0.19532697
0.05971375
0.02467407
0.06063492
-0.06098869
0.01109388
-0.07982033
0.01170106
0.09650736
-0.09284329
0.04398537
0.00342344
0.00478826
0.10258237
0.05218865
-0.04287423
0.04366431
-0.06031797
0.00280667
-0.09660986
0.01507223
-0.31588066
0.10694166
0.06924830
-0.12275366
0.12229770
0.13497967
0.12955371
0.13334398
0.12524378
0.11505951
-0.12002787
0.12203192
-0.11892845
-0.09738510
-0.06434716
-0.09138761
-0.07330674
0.05525125
0.05139311
0.07113301
0.00160832
-0.12308182
0.10059782
-0.14689822
-0.03266603
0.12721348
0.04606395
0.01072574
0.08617905
0.13345221
0.21723995
0.00392220
-0.03507828
0.21177398
0.01900179
0.13004525
0.13303176
-0.13779852
-0.14167795
0.12701070
-0.12835266
0.12031873
0.12287641
0.12049446
-0.01486407
0.52115160
0.73691881
0.04446021
0.96961093
-0.42789769
-0.50929284
-0.11605520
-0.38259828
0.60232419
-1.31587625
2.75903153
1.42855012
-0.00187165
-0.32360679
1.17264235
0.16055268
0.39041176
0.24531624
-3.13447380
-0.98626989
-4.33077431
5.42873859
0.25779602
0.58089900
-0.05311256
-0.05723761
-0.03610434
-0.04918596
-0.05335951
0.05152359
-0.05558696
0.29156917
0.57387602
0.35676271
-0.94328994
-0.10957591
-0.17506760
0.44620043
0.59815121
-0.44518143
-0.43115860
0.47146383
-0.79220062
1.34696817
2.98837399
0.61022007
0.66675484
1.40533280
1.12612700
1.43698716
1.47831118
0.20732954
3.02708220
-1.94123399
1.28419805
-0.11735468
-0.08871558
0.01410680
-0.05182971
0.04272313
-0.04486033
-0.05270432
-0.05016876
0.06523562
0.03325162
0.03301921
-0.04501853
0.00287204
-0.06754829
0.00866479
0.06436644
-0.04380464
0.06164203
0.05468726
0.00143181
0.10724892
0.03528802
-0.05603041
0.01464555
-0.08283483
-0.02610800
-0.08182628
-0.01415455
-0.26851302
0.13303870
0.00589902
-0.12904255
0.12685837
0.15289123
0.14940155
0.15064231
0.14940122
0.14616080
-0.14638077
0.14714375
0.02391714
-0.11097224
-0.07262857
-0.01039019
-0.06256864
0.05471609
0.03099821
0.03131328
0.01203049
-0.08115996
0.07181563
-0.15759331
-0.04110567
0.13753085
0.02783304
0.01757015
0.08906985
0.09865060
0.14347827
-0.00850976
-0.04060252
0.27998674
0.02918032
0.10198478
0.14081222
-0.15947884
-0.15057114
0.14996718
-0.14920391
0.14781816
0.14742208
0.14681368
-0.25893745
-0.53545392
-0.00389412
0.73410988
0.84684044
-0.30071595
-0.63278997
-0.26959687
-0.28652799
0.65998513
-1.36047566
2.81595898
1.34056091
-0.14354724
-0.34510028
1.15444481
0.13241583
0.37347892
0.22913951
-3.14683008
-0.98756146
-4.34508228
5.43560791
0.25437009
0.58113253
-0.05297945
-0.05725344
-0.03606061
-0.04921297
-0.05333823
0.05154233
-0.05557358
-0.13485146
0.56055486
0.81872696
-0.59401637
0.48478207
-0.35116237
0.24093753
0.54641670
-0.51231790
-0.33632106
0.32080266
-0.55696559
1.43456435
2.98492479
0.59832740
0.69778889
1.40826249
1.13185537
1.43965530
1.45182300
0.20108771
3.00650835
-1.92191410
1.28488111
-0.11619264
-0.08879513
0.01404242
-0.05186015
0.04269202
-0.04488563
-0.05268599
-0.05018359
-0.01259500
-0.42190641
-0.22741124
0.46747577
0.31366116
-0.09837884
-0.31034571
-0.16601874
-0.11767229
0.39451197
-0.72797209
1.73029685
0.81997764
-0.15355706
-0.25010467
0.65150654
0.00289020
0.16436034
0.07342869
-1.97083616
-0.65146893
-2.65812159
3.32885170
0.07808024
0.40429106
0.05740400
0.05943418
0.06051877
0.06124187
0.05183417
-0.05743814
0.05223484
-0.18906221
-0.01346025
0.35495451
-0.09812939
0.38413221
-0.24151073
0.04273880
0.23723802
-0.25239068
-0.12835604
0.15392414
-0.32109022
0.86208868
1.93550241
0.30347937
0.45627448
0.86931694
0.69644755
0.86357576
0.85166144
0.09212497
1.99299896
-1.18344188
0.79706675
0.01079312
-0.13501118
-0.07166147
0.06109627
-0.05797752
0.06174324
0.05307978
0.05803571
-0.09843923
0.09066019
0.07872996
-0.00599670
0.07143379
-0.09723637
0.00406742
0.06862003
-0.07622686
0.06433775
0.01947423
0.04546381
0.12916961
0.03111627
-0.07530884
0.06558116
-0.09073921
-0.02028429
-0.09089188
-0.07409442
-0.31381467
0.05464152
0.12657654
-0.11336979
0.13102819
0.13701303
0.13175955
0.13574268
0.12971589
0.12130535
-0.12528403
0.12646452
0.02241061
0.12930296
0.05945739
-0.05434212
-0.05563135
0.01286542
0.06106562
0.06984185
0.00097068
-0.10070527
0.10234484
-0.16798614
-0.00585180
0.18662046
0.05980881
0.05272529
0.13604096
0.14841332
0.19573468
0.02201243
-0.04043425
0.31453323
-0.01325874
0.13129367
0.12909114
-0.14396706
-0.14131744
0.13098012
-0.13181528
0.12637217
0.12723105
0.12559211
