0
0
0
0
-1
0
0
-1
0
0
-2
3
-1
-4
-1
-2
-1
-1
-1
4
1
5
-7
-1
-1
1
1
1
1
1
-1
1
0
-1
1
1
0
0
1
0
1
-1
1
1
2
0
-1
1
-1
-1
-1
-3
-1
-4
4
-2
1
0
0
1
-1
1
1
1
0
0
0
0
2
-1
0
1
0
0
2
-10
1
13
0
3
2
2
2
-10
-5
-9
16
0
4
2
2
3
2
3
-2
2
0
0
-1
-2
0
1
-1
0
-1
3
-2
-2
-7
3
2
0
5
4
5
7
1
16
-9
6
1
-3
-3
2
-3
2
2
2
-1
0
-1
-1
1
1
0
0
-1
2
-1
-8
-1
11
2
4
2
2
2
-11
-6
-10
19
1
3
1
1
1
1
2
-1
1
0
-3
0
1
0
1
0
-1
0
2
-2
1
-6
0
2
-2
6
4
5
5
2
17
-6
5
0
-2
-1
1
-1
1
1
1
1
3
-1
-1
0
1
-1
0
-1
1
-2
-3
-2
4
1
1
0
0
0
-1
-5
3
2
-2
3
3
3
3
3
3
-3
3
-1
-1
-1
0
-1
1
0
-1
0
1
-2
3
-3
-1
1
-1
3
3
4
0
0
6
0
3
3
-4
-3
3
-3
3
3
3
2
2
-1
-1
1
1
-1
1
-1
2
-3
0
-4
-1
1
0
-1
0
-1
3
-6
9
-4
-3
4
3
3
4
4
4
-4
4
1
2
-2
-1
-2
1
0
-1
1
0
-3
5
-1
-2
0
-1
1
2
4
-3
0
1
3
4
3
-4
-4
3
-4
4
4
4
0
0
1
0
1
0
-1
0
0
-1
-1
-2
1
5
-2
0
0
0
-1
-4
-4
0
4
-2
3
4
4
4
4
3
-4
3
0
1
-2
-2
-2
0
1
-2
1
0
0
0
-2
2
1
1
2
1
4
2
0
7
-3
3
3
-4
-4
4
-4
4
3
4
3
5
-8
6
-8
-9
10
7
3
-2
27
-46
24
57
6
26
17
16
13
-54
-19
-78
104
7
11
-1
-1
-1
-1
-1
1
-1
-5
-14
14
18
18
-3
-9
10
-11
15
-5
-34
-31
18
12
-5
23
18
26
43
7
71
-49
25
-3
-2
0
-1
1
-1
-1
-1
-1
-1
1
0
1
0
-1
1
-1
1
-4
1
-5
-1
1
-1
-1
0
-1
3
-4
8
-5
-3
2
3
3
3
3
3
-3
3
-1
0
0
0
-1
1
0
-1
0
0
-2
5
0
-2
-1
-1
0
2
3
-4
0
0
4
2
3
-3
-3
3
-3
3
3
3
-1
0
2
1
2
1
-1
-1
0
-2
-2
-1
2
6
-3
0
-1
0
-1
-9
-3
-6
11
-1
2
3
3
2
3
3
-3
3
1
1
0
-1
-1
-2
2
-1
2
-1
2
-3
-1
5
0
2
3
1
3
3
0
12
-6
3
2
-2
-2
3
-2
3
2
3
2
0
-1
0
-1
-2
1
2
-1
0
1
-5
0
5
1
2
0
1
0
-1
-7
2
3
-3
3
3
3
3
3
3
-3
3
-1
-2
1
2
2
0
-1
1
-2
3
-3
1
-4
0
2
-1
3
4
6
1
0
7
-1
4
3
-4
-4
3
-3
3
3
3
2
0
1
1
1
-1
-1
1
-1
1
-1
-4
-2
3
1
1
0
1
0
-1
-6
3
2
-3
4
3
3
4
3
4
-4
4
-1
-3
2
0
1
1
-1
-1
-1
2
-3
2
-3
-1
1
-1
2
3
5
0
0
5
1
4
3
-4
-4
3
-4
4
4
4
0
1
0
-1
-2
-1
2
1
0
-1
3
-8
1
8
1
3
1
2
1
-5
-6
-5
10
-1
2
1
1
1
1
2
-1
1
1
-1
0
0
0
-1
0
1
-1
4
-2
-3
-6
2
2
-1
4
3
4
3
1
12
-4
3
1
-2
-1
1
-1
1
1
1
0
0
-2
1
2
2
-2
0
-1
-1
-3
1
0
2
-3
-2
-1
-1
-1
-3
-2
1
1
-1
2
3
3
2
3
3
-3
3
0
0
1
1
2
0
0
-2
2
-2
0
1
1
3
-2
1
0
-1
1
0
0
6
-2
2
2
-2
-2
3
-3
3
3
3
0
0
-3
1
1
2
-3
1
-2
-1
-4
1
0
2
-2
-2
-1
-1
-1
-4
-3
0
2
-1
2
3
3
3
3
3
-3
3
0
1
0
2
3
1
-1
-2
2
-2
0
1
1
3
-1
1
1
0
2
0
0
7
-2
2
2
-3
-3
3
-3
3
3
3
1
0
2
-2
-1
1
1
0
2
-3
5
-9
7
13
-1
5
2
2
0
-11
-7
-13
18
-2
5
4
4
4
4
3
-4
4
0
-2
0
-3
-3
-2
1
3
-1
2
1
-10
-7
9
3
1
6
6
8
8
0
17
-10
6
3
-4
-4
4
-4
4
4
4
2
-2
1
0
-1
0
1
1
0
0
0
-4
-2
2
1
1
0
0
-1
2
-6
5
-1
-3
3
3
3
3
3
3
-3
3
-1
0
0
-1
0
-1
0
1
-1
2
-3
3
-3
-1
1
-1
1
2
5
-2
0
3
2
3
3
-4
-3
3
-3
3
3
3
2
-3
1
-1
-1
0
0
1
0
-1
-2
-3
-4
0
0
-1
-1
-1
-2
3
-6
8
-6
-4
3
4
4
4
4
4
-4
4
0
-1
-2
-1
1
-1
0
1
0
1
-3
4
-3
-1
0
0
1
2
3
-3
-1
2
4
2
4
-4
-4
4
-4
4
4
4
-2
8
-3
16
11
10
11
-8
16
-14
36
-34
43
62
5
36
18
18
15
-67
-24
-92
125
9
14
-2
-3
-2
-2
-3
3
-3
-1
5
16
-13
-22
-8
16
15
-7
17
15
-60
-25
38
21
-2
32
25
35
48
8
78
-57
32
-5
-1
1
-3
2
-2
-3
-3
1
-1
1
-1
0
0
0
1
0
-1
2
-7
1
9
2
3
1
1
1
-7
-6
-7
14
0
4
2
2
2
2
3
-2
2
1
-2
0
0
-1
-1
0
1
-1
2
-3
-4
-6
3
2
-1
5
4
5
4
2
14
-5
6
1
-3
-2
2
-2
2
2
2
-2
2
1
0
-2
0
0
1
-1
0
-1
-2
-4
-1
0
-1
-1
-1
-2
5
-6
9
-7
-4
3
4
3
4
4
4
-4
4
0
-1
0
0
0
-1
-1
1
-1
1
-4
5
-2
-2
0
0
0
1
4
-4
-1
0
5
2
4
-4
-4
4
-4
4
4
4
-1
2
0
1
1
1
1
0
1
-2
2
-4
1
5
1
3
0
1
-1
-3
-7
0
6
-3
4
4
4
4
4
4
-4
4
-1
0
1
0
-1
-1
1
2
-1
2
-2
-1
-4
2
2
0
4
4
7
1
0
8
-1
4
3
-4
-4
4
-4
4
4
4
2
-2
-2
2
1
2
0
-2
1
-2
1
-3
0
1
-1
0
-1
0
-2
3
-7
5
-3
-4
3
4
3
4
3
3
-3
3
-2
2
-1
2
0
0
1
2
0
2
-1
1
-2
0
1
0
2
2
5
-1
-1
2
2
3
4
-4
-4
3
-4
3
3
3
-4
-3
1
-3
14
5
-7
-12
11
-14
21
-15
36
46
2
27
13
14
11
-57
-19
-81
105
6
11
-1
-1
-1
-1
-1
1
-1
4
-15
-16
19
13
8
11
0
3
4
18
-55
-16
38
14
1
25
19
27
39
6
68
-46
25
-3
-2
0
-1
1
-1
-1
-1
1
-2
-1
-1
-1
0
1
0
-1
0
-1
-2
-4
-3
0
-3
-2
-1
-2
7
-4
12
-11
-4
2
3
3
3
3
3
-3
3
3
-1
0
0
-2
-1
-1
1
-1
1
-4
6
-1
-3
-1
0
-2
0
2
-4
-1
-4
6
1
3
-3
-4
3
-3
3
3
3
0
0
-2
1
0
-1
1
2
-2
1
-2
0
2
3
-2
-1
-1
0
-1
-6
-3
-2
5
-1
3
3
3
3
3
3
-3
3
0
0
0
0
-2
1
-2
0
-1
-2
-2
-1
0
5
-1
1
2
0
3
2
0
9
-4
3
2
-3
-3
3
-3
3
3
3
3
14
16
-19
-3
-2
-12
-11
10
-15
18
-8
37
43
2
27
12
13
10
-58
-19
-81
106
6
11
-1
-1
-1
-1
-1
1
-1
-5
7
3
3
19
9
6
-4
7
0
22
-57
-12
41
14
2
25
20
27
38
6
67
-45
25
-3
-2
0
-1
1
-1
-1
-1
4
2
6
-9
-5
-2
-6
-5
4
-8
9
-5
22
27
0
16
6
7
5
-36
-13
-49
65
2
8
1
1
1
1
1
-1
1
0
8
6
-3
9
5
2
-3
3
-1
12
-35
-8
28
8
2
16
12
17
23
3
44
-28
16
0
-3
-1
1
-1
1
1
1
1
2
2
-2
1
1
0
-3
2
-2
2
-4
-1
2
1
0
0
1
-1
4
-6
6
-2
-3
3
2
2
3
2
2
-2
2
-2
1
1
0
2
2
1
1
0
2
-2
1
-3
-1
1
-1
1
3
4
-1
0
1
1
3
3
-3
-3
2
-3
2
2
2
2
3
2
0
3
2
2
-1
0
0
1
-4
-4
-1
1
-2
-1
-1
-2
6
-5
12
-10
-4
3
4
4
4
4
4
-4
4
-2
0
-2
2
0
0
1
2
-2
1
-5
5
-3
-4
0
-1
-1
1
3
-4
-1
-1
5
1
4
-4
-4
4
-4
4
4
4
-2
-3
-2
0
-4
-2
-2
-1
1
-4
3
0
13
14
-2
7
2
3
2
-21
-7
-27
36
0
5
2
2
2
2
2
-2
2
-1
-2
2
-3
0
1
-1
-2
2
-3
6
-19
-3
18
3
2
9
7
9
12
1
27
-16
9
1
-3
-2
2
-2
2
2
2
2
2
2
-2
0
1
-1
-2
1
-3
3
-4
2
5
0
3
0
0
-1
-3
-6
0
5
-2
4
3
3
3
3
3
-3
3
2
4
1
1
1
2
1
1
0
1
-1
-4
-4
3
2
0
4
4
5
1
0
9
-1
4
3
-4
-3
3
-3
3
3
3
-2
-1
-1
0
0
-1
0
-2
1
-2
2
-4
0
2
0
0
-1
1
-1
3
-6
5
-3
-3
3
3
3
3
3
2
-2
3
1
1
1
-1
1
1
0
0
-1
1
-2
-1
-3
0
1
0
1
2
4
0
0
3
1
2
3
-3
-3
3
-3
2
3
2
-2
-3
0
-1
-1
0
-1
-2
1
-2
2
-3
1
3
0
1
-1
0
-1
0
-6
3
1
-2
3
3
3
3
3
3
-3
3
0
1
2
-1
2
2
1
0
0
0
-1
-1
-3
1
1
0
2
3
4
0
0
6
0
3
3
-3
-3
3
-3
3
3
3
1
2
0
3
-1
-2
-1
-1
0
-2
2
1
10
9
-2
6
1
1
0
-15
-7
-17
23
-2
5
3
3
3
3
3
-3
3
1
1
-2
0
-3
-1
-1
-2
1
-3
4
-15
-2
15
3
2
7
6
8
8
0
19
-11
7
3
-4
-3
3
-3
3
3
3
-1
-3
-1
-1
-1
0
-1
-1
1
-3
3
-2
7
10
1
6
1
2
2
-15
-7
-16
27
1
5
1
1
1
1
2
-1
1
-1
-1
1
0
-1
1
0
0
1
-1
1
-11
-4
10
3
0
7
6
7
6
2
21
-8
8
0
-3
-1
1
-1
1
1
1
1
1
-1
1
-1
-2
-1
-1
1
-2
2
-2
3
4
-1
2
-1
0
-1
-4
-6
-2
5
-2
4
3
3
4
3
3
-3
3
0
-2
-1
-1
-1
0
-1
-1
1
-1
1
-5
-2
5
2
1
4
4
5
1
-1
8
-2
4
3
-4
-4
3
-3
3
3
3
1
2
-1
1
-1
-2
-1
-1
1
-2
3
-3
1
3
0
2
-1
0
-1
-2
-6
2
2
-3
3
3
3
4
3
4
-3
3
1
-1
-1
0
0
0
0
-1
1
-1
-1
-2
-4
2
2
0
3
3
5
0
-1
6
1
3
3
-4
-3
3
-4
3
3
3
1
-3
3
0
4
0
1
1
-1
-2
0
7
14
11
-3
8
1
2
1
-22
-8
-28
35
0
4
2
2
2
2
2
-2
2
-2
-1
1
5
-3
-3
-3
-3
2
-5
7
-19
0
21
4
3
10
8
9
11
1
26
-14
8
2
-3
-2
2
-2
2
2
2
-1
1
0
1
-1
-2
-1
-1
1
-2
3
-2
3
4
0
2
-1
0
-1
-3
-7
0
5
-3
4
4
4
4
4
4
-4
4
0
2
-1
0
-1
0
-1
-1
1
-1
0
-4
-3
4
2
0
3
4
6
0
-1
8
-1
4
3
-4
-4
4
-4
4
4
4
2
-2
0
-14
22
-2
3
5
-4
-15
-2
28
49
34
-3
35
10
14
10
-71
-25
-96
127
8
14
-2
-3
-2
-3
-3
3
-3
1
-9
16
15
-10
-12
-19
-17
17
-15
39
-63
8
64
21
9
35
28
37
42
7
73
-52
32
-4
-1
1
-3
2
-2
-3
-3
-1
-3
3
3
-1
-3
-2
-3
2
-3
5
-6
2
6
2
2
0
1
1
-3
-6
2
5
0
4
1
1
2
2
3
-2
2
-3
5
-1
0
-2
0
0
0
1
0
-1
-4
-6
2
2
-1
4
3
4
0
2
8
0
4
0
-3
-2
1
-2
2
2
2
1
-3
1
0
1
-1
0
0
0
-2
2
-1
5
4
0
3
-1
0
-1
-5
-6
-4
9
-2
4
3
3
3
3
4
-3
3
-1
1
0
1
0
-1
-1
-1
1
-2
1
-7
-3
6
2
1
4
4
5
2
0
11
-2
4
3
-4
-3
3
-3
3
3
3
2
-2
1
-1
1
-2
-1
0
1
-2
3
-4
1
2
0
2
-1
0
-2
1
-7
6
-1
-4
4
4
4
4
4
4
-4
4
1
-3
2
2
-2
-3
-2
-3
2
-1
1
-2
-3
0
2
0
2
4
6
-1
-1
3
2
4
4
-5
-5
4
-4
4
4
4
-1
1
-2
-3
2
2
2
2
-1
-1
0
3
7
4
-2
3
0
0
-1
-6
-7
-6
10
-3
4
4
4
4
4
3
-3
3
1
0
0
-2
2
-2
-1
-2
2
-4
4
-9
0
10
3
2
5
5
7
4
-1
11
-5
5
3
-4
-4
4
-4
3
3
3
-1
1
0
0
0
-1
-2
-1
1
-1
3
-3
1
2
0
1
-1
0
-1
-2
-5
1
4
-2
3
3
3
3
3
4
-3
3
1
-3
3
2
-2
-1
0
-1
0
0
-1
-3
-3
2
1
0
2
2
4
-1
0
7
0
3
2
-4
-3
3
-3
3
3
3
-2
3
-2
-1
2
1
1
1
0
-1
2
-1
2
2
-1
1
-2
0
-2
-1
-7
1
3
-3
3
3
3
3
3
3
-3
3
-1
1
0
-1
1
-1
-1
-2
1
-2
1
-4
-2
4
1
1
3
3
5
0
-1
7
0
3
3
-3
-3
3
-3
3
3
3
0
-2
2
2
-2
2
2
2
-2
2
-3
12
13
6
-3
7
1
2
1
-22
-7
-28
36
0
5
2
2
2
2
2
-2
2
2
-2
-1
-3
3
1
0
0
1
-5
6
-15
4
22
3
4
9
7
9
11
1
26
-15
9
1
-3
-2
2
-2
2
2
2
0
2
-1
-1
0
0
0
-1
0
-1
2
2
6
6
0
4
0
1
1
-11
-6
-12
19
0
3
1
1
1
1
2
-1
1
-1
2
0
1
1
-1
0
-1
1
-2
2
-8
-2
10
3
1
6
5
5
3
1
16
-5
5
0
-2
-1
1
-1
1
1
1
1
-1
-2
-1
2
1
-1
0
0
0
2
-1
2
1
-1
0
-1
0
-2
-2
-5
2
1
-3
3
3
4
3
4
4
-3
3
0
3
-2
-1
0
-1
-1
-1
0
-1
0
-2
-2
3
0
0
1
2
3
-1
-1
6
0
2
3
-4
-3
4
-3
3
3
3
2
-5
0
-3
3
1
0
-1
1
-2
6
-6
2
4
3
1
0
1
1
-1
-5
5
-1
-1
3
1
1
2
2
3
-2
2
3
3
-4
-2
1
-2
-1
-3
2
-2
0
-4
-7
0
2
-2
2
1
2
-2
2
6
2
2
0
-3
-2
1
-2
2
2
2
1
0
0
-1
2
-1
-2
-1
2
1
2
1
2
0
-2
0
-2
-1
-2
-4
-4
-2
4
-3
4
4
4
4
4
4
-4
4
0
0
-1
0
0
0
-1
0
-1
1
-1
-1
0
5
-1
1
2
2
4
1
-2
7
-3
3
4
-4
-4
4
-4
4
4
4
-2
-3
2
0
0
0
0
-1
1
0
1
2
4
2
0
1
-1
1
0
-8
-6
-6
12
0
3
2
2
2
2
3
-2
2
2
-2
-3
-2
2
0
1
-1
0
-2
1
-5
0
8
0
0
4
2
4
1
1
14
-3
4
1
-3
-2
2
-2
3
2
3
-1
0
2
1
0
-2
-1
-1
2
2
0
4
2
0
-2
0
-1
0
0
-11
-4
-10
14
0
2
2
2
1
2
1
-2
1
1
0
0
-1
2
1
-1
-1
0
0
-1
-1
3
10
-2
1
3
1
3
3
1
13
-7
3
1
-1
-1
2
-1
2
1
2
0
1
1
1
-1
-1
0
0
1
0
2
0
2
0
-1
0
-1
0
-1
-5
-4
-1
5
-1
3
3
3
3
3
2
-3
3
0
0
1
0
2
1
-1
-2
1
0
0
-1
1
5
0
0
3
2
4
2
0
7
-4
4
2
-3
-3
3
-3
3
3
3
2
2
0
1
-1
1
1
2
-1
0
2
-3
2
1
-1
0
-1
-1
-3
3
-6
7
-5
-4
3
4
4
4
4
4
-4
4
2
2
2
1
1
2
0
0
1
-2
2
-3
-3
1
0
0
1
2
4
-2
-2
2
3
2
4
-4
-4
4
-4
4
4
4
-4
-9
-4
-19
4
-8
-2
4
-10
9
-23
52
32
6
-6
24
4
8
6
-62
-20
-86
108
5
12
-1
-1
-1
-1
-1
1
-1
-4
-13
-16
1
-19
5
13
11
-5
-12
15
-25
23
59
13
12
28
22
28
30
4
61
-39
26
-2
-2
0
-1
1
-1
-1
-1
-1
-1
-1
0
-1
0
1
1
0
1
2
0
2
0
-1
0
-2
-1
-3
1
-6
3
-1
-4
3
5
5
5
5
4
-5
5
1
1
1
1
1
1
-1
1
0
0
1
-4
-2
3
0
0
1
2
4
-1
-2
5
1
3
5
-5
-5
5
-5
5
5
5
0
0
-1
0
1
0
0
-1
1
2
0
7
6
-1
-2
2
-2
-1
-2
-10
-5
-10
13
-3
4
4
4
4
4
4
-4
4
1
1
0
0
1
-1
-1
0
0
0
1
-5
2
11
0
3
4
4
5
3
-1
14
-5
4
3
-4
-4
4
-4
4
4
4
1
0
1
-1
0
-2
0
2
-2
1
0
0
2
1
-1
1
-1
0
-2
0
-6
2
1
-2
2
3
3
3
2
2
-2
2
-2
-2
-1
-2
-1
1
1
1
0
-2
2
-3
-1
3
1
0
2
3
4
0
-1
4
0
3
3
-3
-3
3
-3
2
2
2
0
10
15
1
19
-9
-10
-2
-8
12
-26
55
28
0
-6
23
3
8
5
-62
-20
-86
108
5
12
-1
-1
-1
-1
-1
1
-1
6
11
7
-19
-2
-3
9
12
-9
-9
9
-16
27
59
12
13
28
22
29
29
4
60
-39
26
-2
-2
0
-1
1
-1
-1
-1
1
1
1
-1
0
-1
0
1
-1
1
1
0
2
1
-1
0
-2
-1
-2
0
-5
3
0
-3
3
3
3
3
3
3
-3
3
0
-2
-1
0
-1
1
1
1
0
-2
1
-3
-1
3
1
0
2
2
3
0
-1
6
1
2
3
-3
-3
3
-3
3
3
3
-5
-11
0
15
17
-6
-13
-5
-6
13
-27
56
27
-3
-7
23
3
7
5
-63
-20
-87
108
5
12
-1
-1
-1
-1
-1
1
-1
-3
11
16
-12
10
-7
5
11
-10
-7
6
-11
29
59
12
14
28
23
29
29
4
60
-38
26
-2
-2
0
-1
1
-1
-1
-1
0
-8
-5
9
6
-2
-6
-3
-2
8
-14
34
16
-3
-5
13
0
3
1
-39
-13
-53
66
2
8
1
1
1
1
1
-1
1
-4
0
7
-2
8
-5
1
5
-5
-3
3
-6
17
39
6
9
17
14
17
17
2
40
-24
16
0
-3
-1
1
-1
1
1
1
-2
2
2
0
1
-2
0
1
-2
1
0
1
3
1
-1
1
-2
0
-2
-1
-6
1
3
-2
3
3
3
3
3
2
-2
3
0
3
1
-1
-1
0
1
1
0
-2
2
-3
0
4
1
1
3
3
4
0
-1
6
0
3
3
-3
-3
3
-3
3
3
3
