0
0
0
0
-1
0
0
-1
0
0
-2
3
-1
-4
-1
-2
-1
-1
-1
4
1
5
-7
-1
-1
1
1
1
1
1
-1
1
0
-1
1
1
0
0
1
0
1
-1
1
1
2
0
-1
1
-1
-1
-1
-3
-1
-4
4
-2
1
0
0
1
-1
1
1
1
0
0
0
0
2
-1
0
1
0
0
2
-10
1
13
0
3
2
2
2
-10
-5
-9
16
0
4
2
2
3
2
3
-2
2
0
0
-1
-2
0
1
-1
0
-1
3
-2
-2
-7
3
2
0
5
4
5
7
1
16
-9
6
1
-3
-3
2
-3
2
2
2
-1
0
-1
-1
1
1
0
0
-1
2
-1
-8
-1
11
2
4
2
2
2
-11
-6
-10
19
1
3
1
1
1
1
2
-1
1
0
-3
0
1
0
1
0
-1
0
2
-2
1
-6
0
2
-2
6
4
5
5
2
17
-6
5
0
-2
-1
1
-1
1
1
1
1
3
-1
-1
0
1
-1
0
-1
1
-2
-3
-2
4
1
1
0
0
0
-1
-5
3
2
-2
3
3
3
3
3
3
-3
3
-1
-1
-1
0
-1
1
0
-1
0
1
-2
3
-3
-1
1
-1
3
3
4
0
0
6
0
3
3
-4
-3
3
-3
3
3
3
2
2
-1
-1
1
1
-1
1
-1
2
-3
0
-4
-1
1
0
-1
0
-1
3
-6
9
-4
-3
4
3
3
4
4
4
-4
4
1
2
-2
-1
-2
1
0
-1
1
0
-3
5
-1
-2
0
-1
1
2
4
-3
0
1
3
4
3
-4
-4
3
-4
4
4
4
0
0
1
0
1
0
-1
0
0
-1
-1
-2
1
5
-2
0
0
0
-1
-4
-4
0
4
-2
3
4
4
4
4
3
-4
3
0
1
-2
-2
-2
0
1
-2
1
0
0
0
-2
2
1
1
2
1
4
2
0
7
-3
3
3
-4
-4
4
-4
4
3
4
3
5
-8
6
-8
-9
10
7
3
-2
27
-46
24
57
6
26
17
16
13
-54
-19
-78
104
7
11
-1
-1
-1
-1
-1
1
-1
-5
-14
14
18
18
-3
-9
10
-11
15
-5
-34
-31
18
12
-5
23
18
26
43
7
71
-49
25
-3
-2
0
-1
1
-1
-1
-1
-1
-1
1
0
1
0
-1
1
-1
1
-4
1
-5
-1
1
-1
-1
0
-1
3
-4
8
-5
-3
2
3
3
3
3
3
-3
3
-1
0
0
0
-1
1
0
-1
0
0
-2
5
0
-2
-1
-1
0
2
3
-4
0
0
4
2
3
-3
-3
3
-3
3
3
3
