-0.00372050
-109426.56240477
-109426.56240477
-109426.56240477
-109426.56240477
-109426.56240477
-109426.56240477
-109426.56240477
-109426.56240477
-109426.56240477
-109426.56240477
-109426.56240477
-109426.56240477
-109426.56240477
-109426.56240477
-109426.56240477
-109426.56240477
-109426.56240477
-109426.56240477
-109426.56240477
-109426.56240477
-109426.56240477
-109426.56240477
-109426.56240477
-109426.56240477
-109426.56240477
-109426.56240477
-109426.56240477
-109426.56240477
-109426.56240477
-109426.56240477
-109426.56240477
-109426.56240477
-109426.56240477
-109426.56240477
-109426.56240477
-109426.56240477
-109426.56240477
-109426.56240477
-109426.56240477
-109426.56240477
-109426.56240477
-109426.56240477
-109426.56240477
-109426.56240477
-109426.56240477
-109426.56240477
-109426.56240477
-109426.56240477
-109426.56240477
-109426.56240477
-109426.56240477
-109426.56240477
-109426.56240477
-109426.56240477
-109426.56240477
-109426.56240477
-109426.56240477
-109426.56240477
-109426.56240477
-109426.56240477
-109426.56240477
-109426.56240477
-109426.56240477
0.01094266
0.26842336
-109426.56240477
-109426.56240477
-109426.56240477
-109426.56240477
-109426.56240477
-109426.56240477
-109426.56240477
-109426.56240477
-109426.56240477
-109426.56240477
-109426.56240477
-109426.56240477
-109426.56240477
-109426.56240477
-109426.56240477
-109426.56240477
-109426.56240477
-109426.56240477
-109426.56240477
-109426.56240477
-109426.56240477
-109426.56240477
-109426.56240477
-109426.56240477
-109426.56240477
-109426.56240477
-109426.56240477
-109426.56240477
-109426.56240477
-109426.56240477
-109426.56240477
-109426.56240477
-109426.56240477
-109426.56240477
-109426.56240477
-109426.56240477
-109426.56240477
-109426.56240477
-109426.56240477
-109426.56240477
-109426.56240477
-109426.56240477
-109426.56240477
-109426.56240477
-109426.56240477
-109426.56240477
-109426.56240477
-109426.56240477
-109426.56240477
-109426.56240477
-109426.56240477
-109426.56240477
-109426.56240477
-109426.56240477
-109426.56240477
-109426.56240477
-109426.56240477
-109426.56240477
-109426.56240477
-109426.56240477
-109426.56240477
-109426.56240477
0.00886355
0.23734621
0.31000545
-109426.56240477
-109426.56240477
-109426.56240477
-109426.56240477
-109426.56240477
-109426.56240477
-109426.56240477
-109426.56240477
-109426.56240477
-109426.56240477
-109426.56240477
-109426.56240477
-109426.56240477
-109426.56240477
-109426.56240477
-109426.56240477
-109426.56240477
-109426.56240477
-109426.56240477
-109426.56240477
-109426.56240477
-109426.56240477
-109426.56240477
-109426.56240477
-109426.56240477
-109426.56240477
-109426.56240477
-109426.56240477
-109426.56240477
-109426.56240477
-109426.56240477
-109426.56240477
-109426.56240477
-109426.56240477
-109426.56240477
-109426.56240477
-109426.56240477
-109426.56240477
-109426.56240477
-109426.56240477
-109426.56240477
-109426.56240477
-109426.56240477
-109426.56240477
-109426.56240477
-109426.56240477
-109426.56240477
-109426.56240477
-109426.56240477
-109426.56240477
-109426.56240477
-109426.56240477
-109426.56240477
-109426.56240477
-109426.56240477
-109426.56240477
-109426.56240477
-109426.56240477
-109426.56240477
-109426.56240477
-109426.56240477
0.00076599
0.03654847
0.07047071
0.06521823
-109426.56240477
-109426.56240477
-109426.56240477
-109426.56240477
-109426.56240477
-109426.56240477
-109426.56240477
-109426.56240477
-109426.56240477
-109426.56240477
-109426.56240477
-109426.56240477
-109426.56240477
-109426.56240477
-109426.56240477
-109426.56240477
-109426.56240477
-109426.56240477
-109426.56240477
-109426.56240477
-109426.56240477
-109426.56240477
-109426.56240477
-109426.56240477
-109426.56240477
-109426.56240477
-109426.56240477
-109426.56240477
-109426.56240477
-109426.56240477
-109426.56240477
-109426.56240477
-109426.56240477
-109426.56240477
-109426.56240477
-109426.56240477
-109426.56240477
-109426.56240477
-109426.56240477
-109426.56240477
-109426.56240477
-109426.56240477
-109426.56240477
-109426.56240477
-109426.56240477
-109426.56240477
-109426.56240477
-109426.56240477
-109426.56240477
-109426.56240477
-109426.56240477
-109426.56240477
-109426.56240477
-109426.56240477
-109426.56240477
-109426.56240477
-109426.56240477
-109426.56240477
-109426.56240477
-109426.56240477
-0.00328280
-0.05865264
-0.03140542
-0.03720503
-0.09049577
-109426.56240477
-109426.56240477
-109426.56240477
-109426.56240477
-109426.56240477
-109426.56240477
-109426.56240477
-109426.56240477
-109426.56240477
-109426.56240477
-109426.56240477
-109426.56240477
-109426.56240477
-109426.56240477
-109426.56240477
-109426.56240477
-109426.56240477
-109426.56240477
-109426.56240477
-109426.56240477
-109426.56240477
-109426.56240477
-109426.56240477
-109426.56240477
-109426.56240477
-109426.56240477
-109426.56240477
-109426.56240477
-109426.56240477
-109426.56240477
-109426.56240477
-109426.56240477
-109426.56240477
-109426.56240477
-109426.56240477
-109426.56240477
-109426.56240477
-109426.56240477
-109426.56240477
-109426.56240477
-109426.56240477
-109426.56240477
-109426.56240477
-109426.56240477
-109426.56240477
-109426.56240477
-109426.56240477
-109426.56240477
-109426.56240477
-109426.56240477
-109426.56240477
-109426.56240477
-109426.56240477
-109426.56240477
-109426.56240477
-109426.56240477
-109426.56240477
-109426.56240477
-109426.56240477
0.00503362
0.06007518
0.12222947
0.12704424
0.08907322
0.04431776
-109426.56240477
-109426.56240477
-109426.56240477
-109426.56240477
-109426.56240477
-109426.56240477
-109426.56240477
-109426.56240477
-109426.56240477
-109426.56240477
-109426.56240477
-109426.56240477
-109426.56240477
-109426.56240477
-109426.56240477
-109426.56240477
-109426.56240477
-109426.56240477
-109426.56240477
-109426.56240477
-109426.56240477
-109426.56240477
-109426.56240477
-109426.56240477
-109426.56240477
-109426.56240477
-109426.56240477
-109426.56240477
-109426.56240477
-109426.56240477
-109426.56240477
-109426.56240477
-109426.56240477
-109426.56240477
-109426.56240477
-109426.56240477
-109426.56240477
-109426.56240477
-109426.56240477
-109426.56240477
-109426.56240477
-109426.56240477
-109426.56240477
-109426.56240477
-109426.56240477
-109426.56240477
-109426.56240477
-109426.56240477
-109426.56240477
-109426.56240477
-109426.56240477
-109426.56240477
-109426.56240477
-109426.56240477
-109426.56240477
-109426.56240477
-109426.56240477
-109426.56240477
0.06696906
1.49695537
1.97504002
1.93258252
2.19531569
1.54357109
2.51998431
-109426.56240477
-109426.56240477
-109426.56240477
-109426.56240477
-109426.56240477
-109426.56240477
-109426.56240477
-109426.56240477
-109426.56240477
-109426.56240477
-109426.56240477
-109426.56240477
-109426.56240477
-109426.56240477
-109426.56240477
-109426.56240477
-109426.56240477
-109426.56240477
-109426.56240477
-109426.56240477
-109426.56240477
-109426.56240477
-109426.56240477
-109426.56240477
-109426.56240477
-109426.56240477
-109426.56240477
-109426.56240477
-109426.56240477
-109426.56240477
-109426.56240477
-109426.56240477
-109426.56240477
-109426.56240477
-109426.56240477
-109426.56240477
-109426.56240477
-109426.56240477
-109426.56240477
-109426.56240477
-109426.56240477
-109426.56240477
-109426.56240477
-109426.56240477
-109426.56240477
-109426.56240477
-109426.56240477
-109426.56240477
-109426.56240477
-109426.56240477
-109426.56240477
-109426.56240477
-109426.56240477
-109426.56240477
-109426.56240477
-109426.56240477
-109426.56240477
-0.00470534
-0.11008312
-0.09662365
-0.08972978
-0.11883725
-0.10297040
-0.19795265
-0.11063025
-109426.56240477
-109426.56240477
-109426.56240477
-109426.56240477
-109426.56240477
-109426.56240477
-109426.56240477
-109426.56240477
-109426.56240477
-109426.56240477
-109426.56240477
-109426.56240477
-109426.56240477
-109426.56240477
-109426.56240477
-109426.56240477
-109426.56240477
-109426.56240477
-109426.56240477
-109426.56240477
-109426.56240477
-109426.56240477
-109426.56240477
-109426.56240477
-109426.56240477
-109426.56240477
-109426.56240477
-109426.56240477
-109426.56240477
-109426.56240477
-109426.56240477
-109426.56240477
-109426.56240477
-109426.56240477
-109426.56240477
-109426.56240477
-109426.56240477
-109426.56240477
-109426.56240477
-109426.56240477
-109426.56240477
-109426.56240477
-109426.56240477
-109426.56240477
-109426.56240477
-109426.56240477
-109426.56240477
-109426.56240477
-109426.56240477
-109426.56240477
-109426.56240477
-109426.56240477
-109426.56240477
-109426.56240477
-109426.56240477
-109426.56240477
0.00908240
0.10581549
0.16972060
0.18646286
0.15877794
0.11566388
-0.07320637
0.14039428
0.10253269
-109426.56240477
-109426.56240477
-109426.56240477
-109426.56240477
-109426.56240477
-109426.56240477
-109426.56240477
-109426.56240477
-109426.56240477
-109426.56240477
-109426.56240477
-109426.56240477
-109426.56240477
-109426.56240477
-109426.56240477
-109426.56240477
-109426.56240477
-109426.56240477
-109426.56240477
-109426.56240477
-109426.56240477
-109426.56240477
-109426.56240477
-109426.56240477
-109426.56240477
-109426.56240477
-109426.56240477
-109426.56240477
-109426.56240477
-109426.56240477
-109426.56240477
-109426.56240477
-109426.56240477
-109426.56240477
-109426.56240477
-109426.56240477
-109426.56240477
-109426.56240477
-109426.56240477
-109426.56240477
-109426.56240477
-109426.56240477
-109426.56240477
-109426.56240477
-109426.56240477
-109426.56240477
-109426.56240477
-109426.56240477
-109426.56240477
-109426.56240477
-109426.56240477
-109426.56240477
-109426.56240477
-109426.56240477
-109426.56240477
0.00284509
0.04574030
0.11555445
0.11369420
0.10964542
0.03928414
0.04486489
0.14345822
0.08053795
0.17552021
-109426.56240477
-109426.56240477
-109426.56240477
-109426.56240477
-109426.56240477
-109426.56240477
-109426.56240477
-109426.56240477
-109426.56240477
-109426.56240477
-109426.56240477
-109426.56240477
-109426.56240477
-109426.56240477
-109426.56240477
-109426.56240477
-109426.56240477
-109426.56240477
-109426.56240477
-109426.56240477
-109426.56240477
-109426.56240477
-109426.56240477
-109426.56240477
-109426.56240477
-109426.56240477
-109426.56240477
-109426.56240477
-109426.56240477
-109426.56240477
-109426.56240477
-109426.56240477
-109426.56240477
-109426.56240477
-109426.56240477
-109426.56240477
-109426.56240477
-109426.56240477
-109426.56240477
-109426.56240477
-109426.56240477
-109426.56240477
-109426.56240477
-109426.56240477
-109426.56240477
-109426.56240477
-109426.56240477
-109426.56240477
-109426.56240477
-109426.56240477
-109426.56240477
-109426.56240477
-109426.56240477
-109426.56240477
0.00142255
0.01411603
0.07758343
0.07659859
0.05930920
0.00831642
-0.02308900
0.07714573
0.03042058
0.10701918
-0.02429270
-109426.56240477
-109426.56240477
-109426.56240477
-109426.56240477
-109426.56240477
-109426.56240477
-109426.56240477
-109426.56240477
-109426.56240477
-109426.56240477
-109426.56240477
-109426.56240477
-109426.56240477
-109426.56240477
-109426.56240477
-109426.56240477
-109426.56240477
-109426.56240477
-109426.56240477
-109426.56240477
-109426.56240477
-109426.56240477
-109426.56240477
-109426.56240477
-109426.56240477
-109426.56240477
-109426.56240477
-109426.56240477
-109426.56240477
-109426.56240477
-109426.56240477
-109426.56240477
-109426.56240477
-109426.56240477
-109426.56240477
-109426.56240477
-109426.56240477
-109426.56240477
-109426.56240477
-109426.56240477
-109426.56240477
-109426.56240477
-109426.56240477
-109426.56240477
-109426.56240477
-109426.56240477
-109426.56240477
-109426.56240477
-109426.56240477
-109426.56240477
-109426.56240477
-109426.56240477
-109426.56240477
0.00656559
0.15210292
0.22115108
0.21327237
0.22913922
0.14105084
0.19434157
0.23012406
0.15516687
0.27334755
0.22519987
0.21513262
-109426.56240477
-109426.56240477
-109426.56240477
-109426.56240477
-109426.56240477
-109426.56240477
-109426.56240477
-109426.56240477
-109426.56240477
-109426.56240477
-109426.56240477
-109426.56240477
-109426.56240477
-109426.56240477
-109426.56240477
-109426.56240477
-109426.56240477
-109426.56240477
-109426.56240477
-109426.56240477
-109426.56240477
-109426.56240477
-109426.56240477
-109426.56240477
-109426.56240477
-109426.56240477
-109426.56240477
-109426.56240477
-109426.56240477
-109426.56240477
-109426.56240477
-109426.56240477
-109426.56240477
-109426.56240477
-109426.56240477
-109426.56240477
-109426.56240477
-109426.56240477
-109426.56240477
-109426.56240477
-109426.56240477
-109426.56240477
-109426.56240477
-109426.56240477
-109426.56240477
-109426.56240477
-109426.56240477
-109426.56240477
-109426.56240477
-109426.56240477
-109426.56240477
-109426.56240477
0.00164140
-0.00153197
0.02965460
0.04508374
0.01400660
-0.00043771
-0.13678320
0.01914965
0.01542915
0.04935138
-0.05143048
0.05186819
0.02035334
-109426.56240477
-109426.56240477
-109426.56240477
-109426.56240477
-109426.56240477
-109426.56240477
-109426.56240477
-109426.56240477
-109426.56240477
-109426.56240477
-109426.56240477
-109426.56240477
-109426.56240477
-109426.56240477
-109426.56240477
-109426.56240477
-109426.56240477
-109426.56240477
-109426.56240477
-109426.56240477
-109426.56240477
-109426.56240477
-109426.56240477
-109426.56240477
-109426.56240477
-109426.56240477
-109426.56240477
-109426.56240477
-109426.56240477
-109426.56240477
-109426.56240477
-109426.56240477
-109426.56240477
-109426.56240477
-109426.56240477
-109426.56240477
-109426.56240477
-109426.56240477
-109426.56240477
-109426.56240477
-109426.56240477
-109426.56240477
-109426.56240477
-109426.56240477
-109426.56240477
-109426.56240477
-109426.56240477
-109426.56240477
-109426.56240477
-109426.56240477
-109426.56240477
0.00218853
0.01345947
0.05110220
0.06915759
0.03950299
0.01389717
-0.13010818
0.04727227
0.03151485
0.08250763
-0.02297958
0.07473834
0.04026897
0.01138036
-109426.56240477
-109426.56240477
-109426.56240477
-109426.56240477
-109426.56240477
-109426.56240477
-109426.56240477
-109426.56240477
-109426.56240477
-109426.56240477
-109426.56240477
-109426.56240477
-109426.56240477
-109426.56240477
-109426.56240477
-109426.56240477
-109426.56240477
-109426.56240477
-109426.56240477
-109426.56240477
-109426.56240477
-109426.56240477
-109426.56240477
-109426.56240477
-109426.56240477
-109426.56240477
-109426.56240477
-109426.56240477
-109426.56240477
-109426.56240477
-109426.56240477
-109426.56240477
-109426.56240477
-109426.56240477
-109426.56240477
-109426.56240477
-109426.56240477
-109426.56240477
-109426.56240477
-109426.56240477
-109426.56240477
-109426.56240477
-109426.56240477
-109426.56240477
-109426.56240477
-109426.56240477
-109426.56240477
-109426.56240477
-109426.56240477
-109426.56240477
0.01827424
0.27947544
0.40236147
0.41002133
0.39809383
0.26371802
0.12802908
0.40093892
0.28341480
0.50916179
0.34173915
0.42654474
0.23822163
0.28669759
0.32248008
-109426.56240477
-109426.56240477
-109426.56240477
-109426.56240477
-109426.56240477
-109426.56240477
-109426.56240477
-109426.56240477
-109426.56240477
-109426.56240477
-109426.56240477
-109426.56240477
-109426.56240477
-109426.56240477
-109426.56240477
-109426.56240477
-109426.56240477
-109426.56240477
-109426.56240477
-109426.56240477
-109426.56240477
-109426.56240477
-109426.56240477
-109426.56240477
-109426.56240477
-109426.56240477
-109426.56240477
-109426.56240477
-109426.56240477
-109426.56240477
-109426.56240477
-109426.56240477
-109426.56240477
-109426.56240477
-109426.56240477
-109426.56240477
-109426.56240477
-109426.56240477
-109426.56240477
-109426.56240477
-109426.56240477
-109426.56240477
-109426.56240477
-109426.56240477
-109426.56240477
-109426.56240477
-109426.56240477
-109426.56240477
-109426.56240477
-0.00021885
-0.03435994
0.01302176
0.00667502
-0.01608570
-0.04267636
-0.09115233
0.00372050
-0.04026897
0.02856033
-0.05898092
0.02724721
-0.03031116
-0.02527754
-0.04081611
-0.01400660
-109426.56240477
-109426.56240477
-109426.56240477
-109426.56240477
-109426.56240477
-109426.56240477
-109426.56240477
-109426.56240477
-109426.56240477
-109426.56240477
-109426.56240477
-109426.56240477
-109426.56240477
-109426.56240477
-109426.56240477
-109426.56240477
-109426.56240477
-109426.56240477
-109426.56240477
-109426.56240477
-109426.56240477
-109426.56240477
-109426.56240477
-109426.56240477
-109426.56240477
-109426.56240477
-109426.56240477
-109426.56240477
-109426.56240477
-109426.56240477
-109426.56240477
-109426.56240477
-109426.56240477
-109426.56240477
-109426.56240477
-109426.56240477
-109426.56240477
-109426.56240477
-109426.56240477
-109426.56240477
-109426.56240477
-109426.56240477
-109426.56240477
-109426.56240477
-109426.56240477
-109426.56240477
-109426.56240477
-109426.56240477
-0.00273566
-0.10690975
-0.06576536
-0.06379569
-0.10351753
-0.11270936
-0.24653805
-0.07813057
-0.11424133
-0.04792883
-0.15582342
-0.02779435
-0.07451949
-0.08217935
-0.12934220
-0.11511674
-0.14575618
-109426.56240477
-109426.56240477
-109426.56240477
-109426.56240477
-109426.56240477
-109426.56240477
-109426.56240477
-109426.56240477
-109426.56240477
-109426.56240477
-109426.56240477
-109426.56240477
-109426.56240477
-109426.56240477
-109426.56240477
-109426.56240477
-109426.56240477
-109426.56240477
-109426.56240477
-109426.56240477
-109426.56240477
-109426.56240477
-109426.56240477
-109426.56240477
-109426.56240477
-109426.56240477
-109426.56240477
-109426.56240477
-109426.56240477
-109426.56240477
-109426.56240477
-109426.56240477
-109426.56240477
-109426.56240477
-109426.56240477
-109426.56240477
-109426.56240477
-109426.56240477
-109426.56240477
-109426.56240477
-109426.56240477
-109426.56240477
-109426.56240477
-109426.56240477
-109426.56240477
-109426.56240477
-109426.56240477
0.10701918
1.86692658
2.29182992
2.29051680
2.46778784
1.85160686
2.14694915
2.28592089
1.88935903
2.62229814
2.39917738
2.08293462
1.42385843
1.70213018
2.18820297
2.90275842
3.00168003
3.75902127
-109426.56240477
-109426.56240477
-109426.56240477
-109426.56240477
-109426.56240477
-109426.56240477
-109426.56240477
-109426.56240477
-109426.56240477
-109426.56240477
-109426.56240477
-109426.56240477
-109426.56240477
-109426.56240477
-109426.56240477
-109426.56240477
-109426.56240477
-109426.56240477
-109426.56240477
-109426.56240477
-109426.56240477
-109426.56240477
-109426.56240477
-109426.56240477
-109426.56240477
-109426.56240477
-109426.56240477
-109426.56240477
-109426.56240477
-109426.56240477
-109426.56240477
-109426.56240477
-109426.56240477
-109426.56240477
-109426.56240477
-109426.56240477
-109426.56240477
-109426.56240477
-109426.56240477
-109426.56240477
-109426.56240477
-109426.56240477
-109426.56240477
-109426.56240477
-109426.56240477
-109426.56240477
0.00886355
0.18974566
0.27827175
0.27258157
0.27597379
0.17945956
0.20003176
0.26787622
0.19051165
0.32674772
0.23679908
0.26262375
0.13864345
0.17004888
0.22126051
0.29019924
0.27980372
0.25113396
0.30628495
-109426.56240477
-109426.56240477
-109426.56240477
-109426.56240477
-109426.56240477
-109426.56240477
-109426.56240477
-109426.56240477
-109426.56240477
-109426.56240477
-109426.56240477
-109426.56240477
-109426.56240477
-109426.56240477
-109426.56240477
-109426.56240477
-109426.56240477
-109426.56240477
-109426.56240477
-109426.56240477
-109426.56240477
-109426.56240477
-109426.56240477
-109426.56240477
-109426.56240477
-109426.56240477
-109426.56240477
-109426.56240477
-109426.56240477
-109426.56240477
-109426.56240477
-109426.56240477
-109426.56240477
-109426.56240477
-109426.56240477
-109426.56240477
-109426.56240477
-109426.56240477
-109426.56240477
-109426.56240477
-109426.56240477
-109426.56240477
-109426.56240477
-109426.56240477
-109426.56240477
-0.00525247
-0.13174958
-0.10822287
-0.09859333
-0.12726309
-0.12857621
-0.23570482
-0.10187613
-0.13754919
-0.07813057
-0.16698493
-0.05088335
-0.09246545
-0.13032704
-0.18110096
-0.14805414
-0.16282672
-0.30026649
-0.10384581
-0.15899680
-109426.56240477
-109426.56240477
-109426.56240477
-109426.56240477
-109426.56240477
-109426.56240477
-109426.56240477
-109426.56240477
-109426.56240477
-109426.56240477
-109426.56240477
-109426.56240477
-109426.56240477
-109426.56240477
-109426.56240477
-109426.56240477
-109426.56240477
-109426.56240477
-109426.56240477
-109426.56240477
-109426.56240477
-109426.56240477
-109426.56240477
-109426.56240477
-109426.56240477
-109426.56240477
-109426.56240477
-109426.56240477
-109426.56240477
-109426.56240477
-109426.56240477
-109426.56240477
-109426.56240477
-109426.56240477
-109426.56240477
-109426.56240477
-109426.56240477
-109426.56240477
-109426.56240477
-109426.56240477
-109426.56240477
-109426.56240477
-109426.56240477
-109426.56240477
0.00536190
0.06171658
0.12748195
0.13350041
0.11391305
0.05569812
-0.03567306
0.12857621
0.06346741
0.18460261
0.05996576
0.15932507
0.06051289
0.05241532
0.03622019
0.12573112
0.11675814
0.01739882
0.20386169
0.13962829
0.13853403
-109426.56240477
-109426.56240477
-109426.56240477
-109426.56240477
-109426.56240477
-109426.56240477
-109426.56240477
-109426.56240477
-109426.56240477
-109426.56240477
-109426.56240477
-109426.56240477
-109426.56240477
-109426.56240477
-109426.56240477
-109426.56240477
-109426.56240477
-109426.56240477
-109426.56240477
-109426.56240477
-109426.56240477
-109426.56240477
-109426.56240477
-109426.56240477
-109426.56240477
-109426.56240477
-109426.56240477
-109426.56240477
-109426.56240477
-109426.56240477
-109426.56240477
-109426.56240477
-109426.56240477
-109426.56240477
-109426.56240477
-109426.56240477
-109426.56240477
-109426.56240477
-109426.56240477
-109426.56240477
-109426.56240477
-109426.56240477
-109426.56240477
0.00317337
-0.05164934
-0.01531972
-0.00558075
-0.03326567
-0.06138830
-0.18701000
-0.00776929
-0.05296246
0.01794596
-0.08885437
0.01542915
-0.02571524
-0.03797102
-0.08425845
-0.04617801
-0.07145555
-0.25211880
0.01466316
-0.00547133
0.00908240
0.02538696
-109426.56240477
-109426.56240477
-109426.56240477
-109426.56240477
-109426.56240477
-109426.56240477
-109426.56240477
-109426.56240477
-109426.56240477
-109426.56240477
-109426.56240477
-109426.56240477
-109426.56240477
-109426.56240477
-109426.56240477
-109426.56240477
-109426.56240477
-109426.56240477
-109426.56240477
-109426.56240477
-109426.56240477
-109426.56240477
-109426.56240477
-109426.56240477
-109426.56240477
-109426.56240477
-109426.56240477
-109426.56240477
-109426.56240477
-109426.56240477
-109426.56240477
-109426.56240477
-109426.56240477
-109426.56240477
-109426.56240477
-109426.56240477
-109426.56240477
-109426.56240477
-109426.56240477
-109426.56240477
-109426.56240477
-109426.56240477
0.08918265
1.46368970
1.78748290
1.88290286
2.04321277
1.52234234
1.52814194
1.91201032
1.55396661
2.19061035
1.90960294
1.70814864
1.23312793
1.42166990
1.73211306
2.03872628
2.07768214
2.10569534
2.18721813
2.14311922
2.25024783
1.94757396
2.50564943
-109426.56240477
-109426.56240477
-109426.56240477
-109426.56240477
-109426.56240477
-109426.56240477
-109426.56240477
-109426.56240477
-109426.56240477
-109426.56240477
-109426.56240477
-109426.56240477
-109426.56240477
-109426.56240477
-109426.56240477
-109426.56240477
-109426.56240477
-109426.56240477
-109426.56240477
-109426.56240477
-109426.56240477
-109426.56240477
-109426.56240477
-109426.56240477
-109426.56240477
-109426.56240477
-109426.56240477
-109426.56240477
-109426.56240477
-109426.56240477
-109426.56240477
-109426.56240477
-109426.56240477
-109426.56240477
-109426.56240477
-109426.56240477
-109426.56240477
-109426.56240477
-109426.56240477
-109426.56240477
-109426.56240477
-0.00667502
-0.18460261
-0.17015830
-0.16074762
-0.19488871
-0.18263293
-0.29216892
-0.17770874
-0.18230465
-0.16282672
-0.21622689
-0.12485571
-0.14214510
-0.17234684
-0.21261581
-0.20090717
-0.21819657
-0.36384332
-0.19784322
-0.22355847
-0.23154661
-0.15647998
-0.27881888
-0.21611746
-109426.56240477
-109426.56240477
-109426.56240477
-109426.56240477
-109426.56240477
-109426.56240477
-109426.56240477
-109426.56240477
-109426.56240477
-109426.56240477
-109426.56240477
-109426.56240477
-109426.56240477
-109426.56240477
-109426.56240477
-109426.56240477
-109426.56240477
-109426.56240477
-109426.56240477
-109426.56240477
-109426.56240477
-109426.56240477
-109426.56240477
-109426.56240477
-109426.56240477
-109426.56240477
-109426.56240477
-109426.56240477
-109426.56240477
-109426.56240477
-109426.56240477
-109426.56240477
-109426.56240477
-109426.56240477
-109426.56240477
-109426.56240477
-109426.56240477
-109426.56240477
-109426.56240477
-109426.56240477
0.00262624
0.06806332
0.12343316
0.13360983
0.10800402
0.06740676
-0.05252475
0.12233890
0.08688469
0.17387881
0.06992357
0.15724597
0.08480559
0.07889655
0.05274360
0.09859333
0.08830724
-0.07441006
0.15899680
0.09651423
0.10712860
0.12605940
-0.08414903
0.04267636
0.08053795
-109426.56240477
-109426.56240477
-109426.56240477
-109426.56240477
-109426.56240477
-109426.56240477
-109426.56240477
-109426.56240477
-109426.56240477
-109426.56240477
-109426.56240477
-109426.56240477
-109426.56240477
-109426.56240477
-109426.56240477
-109426.56240477
-109426.56240477
-109426.56240477
-109426.56240477
-109426.56240477
-109426.56240477
-109426.56240477
-109426.56240477
-109426.56240477
-109426.56240477
-109426.56240477
-109426.56240477
-109426.56240477
-109426.56240477
-109426.56240477
-109426.56240477
-109426.56240477
-109426.56240477
-109426.56240477
-109426.56240477
-109426.56240477
-109426.56240477
-109426.56240477
-109426.56240477
0.09115233
1.50067588
1.81834119
1.85587450
1.94855880
1.44782285
1.30228552
1.90150537
1.55035554
2.19115749
1.89942627
1.72106097
1.25205873
1.45581099
1.75104385
2.02351599
2.02395370
2.12790893
2.15614099
2.03128528
2.11762284
1.84471299
1.73309790
1.87185078
1.17764866
2.52501793
-109426.56240477
-109426.56240477
-109426.56240477
-109426.56240477
-109426.56240477
-109426.56240477
-109426.56240477
-109426.56240477
-109426.56240477
-109426.56240477
-109426.56240477
-109426.56240477
-109426.56240477
-109426.56240477
-109426.56240477
-109426.56240477
-109426.56240477
-109426.56240477
-109426.56240477
-109426.56240477
-109426.56240477
-109426.56240477
-109426.56240477
-109426.56240477
-109426.56240477
-109426.56240477
-109426.56240477
-109426.56240477
-109426.56240477
-109426.56240477
-109426.56240477
-109426.56240477
-109426.56240477
-109426.56240477
-109426.56240477
-109426.56240477
-109426.56240477
-109426.56240477
0.05755837
0.87508422
1.12501449
1.16221952
1.20161308
0.87902358
0.68216519
1.15970271
0.92651470
1.37253737
1.14285102
1.08715290
0.76106174
0.88285351
1.05158926
1.25085503
1.23531646
1.17721096
1.33325324
1.23279965
1.29790846
1.14077191
0.93745736
1.08036845
0.66826802
1.22623406
1.31454129
-109426.56240477
-109426.56240477
-109426.56240477
-109426.56240477
-109426.56240477
-109426.56240477
-109426.56240477
-109426.56240477
-109426.56240477
-109426.56240477
-109426.56240477
-109426.56240477
-109426.56240477
-109426.56240477
-109426.56240477
-109426.56240477
-109426.56240477
-109426.56240477
-109426.56240477
-109426.56240477
-109426.56240477
-109426.56240477
-109426.56240477
-109426.56240477
-109426.56240477
-109426.56240477
-109426.56240477
-109426.56240477
-109426.56240477
-109426.56240477
-109426.56240477
-109426.56240477
-109426.56240477
-109426.56240477
-109426.56240477
-109426.56240477
-109426.56240477
0.00186025
-0.01586685
0.01127094
0.00579961
-0.00864470
-0.03961242
-0.08152279
0.00733158
-0.03512593
0.02035334
-0.05197762
0.01083323
-0.03129600
-0.03840872
-0.05263418
-0.02451155
-0.04114439
-0.08907322
0.01094266
-0.01400660
-0.01586685
0.00601846
-0.10176670
-0.01914965
-0.03698618
0.00021885
0.00820699
0.03709560
-109426.56240477
-109426.56240477
-109426.56240477
-109426.56240477
-109426.56240477
-109426.56240477
-109426.56240477
-109426.56240477
-109426.56240477
-109426.56240477
-109426.56240477
-109426.56240477
-109426.56240477
-109426.56240477
-109426.56240477
-109426.56240477
-109426.56240477
-109426.56240477
-109426.56240477
-109426.56240477
-109426.56240477
-109426.56240477
-109426.56240477
-109426.56240477
-109426.56240477
-109426.56240477
-109426.56240477
-109426.56240477
-109426.56240477
-109426.56240477
-109426.56240477
-109426.56240477
-109426.56240477
-109426.56240477
-109426.56240477
-109426.56240477
-0.00612789
-0.11435076
-0.09005806
-0.11325649
-0.15954393
-0.16424927
-0.24281754
-0.12299546
-0.14312994
-0.11478846
-0.21327237
-0.08688469
-0.12091635
-0.14630331
-0.20036004
-0.17716160
-0.20036004
-0.33473585
-0.12015037
-0.16052877
-0.16271730
-0.10395523
-0.27794347
-0.16972060
-0.11008312
-0.22651298
-0.19390387
-0.08163222
-0.22257363
-109426.56240477
-109426.56240477
-109426.56240477
-109426.56240477
-109426.56240477
-109426.56240477
-109426.56240477
-109426.56240477
-109426.56240477
-109426.56240477
-109426.56240477
-109426.56240477
-109426.56240477
-109426.56240477
-109426.56240477
-109426.56240477
-109426.56240477
-109426.56240477
-109426.56240477
-109426.56240477
-109426.56240477
-109426.56240477
-109426.56240477
-109426.56240477
-109426.56240477
-109426.56240477
-109426.56240477
-109426.56240477
-109426.56240477
-109426.56240477
-109426.56240477
-109426.56240477
-109426.56240477
-109426.56240477
-109426.56240477
0.02932632
0.43475173
0.55391726
0.61256990
0.63697202
0.48552566
0.33364159
0.62395026
0.49176297
0.75132278
0.58028906
0.61836950
0.42938983
0.48880845
0.54439715
0.67362992
0.66837744
0.53236023
0.75132278
0.67122253
0.69606236
0.63675317
0.43103123
0.55599636
0.41188158
0.46232723
0.53739385
0.70109599
0.71597800
0.64222449
-109426.56240477
-109426.56240477
-109426.56240477
-109426.56240477
-109426.56240477
-109426.56240477
-109426.56240477
-109426.56240477
-109426.56240477
-109426.56240477
-109426.56240477
-109426.56240477
-109426.56240477
-109426.56240477
-109426.56240477
-109426.56240477
-109426.56240477
-109426.56240477
-109426.56240477
-109426.56240477
-109426.56240477
-109426.56240477
-109426.56240477
-109426.56240477
-109426.56240477
-109426.56240477
-109426.56240477
-109426.56240477
-109426.56240477
-109426.56240477
-109426.56240477
-109426.56240477
-109426.56240477
-109426.56240477
0.00864470
0.07605146
0.15516687
0.15855909
0.13371926
0.05766780
-0.09082405
0.13525123
0.07036128
0.19882806
0.09224659
0.15538572
0.06313913
0.05394730
0.05701124
0.12573112
0.11008312
0.01291233
0.17497307
0.12266718
0.13722091
0.15199350
0.01269348
0.09509168
0.04037840
0.04136324
0.11008312
0.19051165
0.15002382
0.11095853
0.10603434
-109426.56240477
-109426.56240477
-109426.56240477
-109426.56240477
-109426.56240477
-109426.56240477
-109426.56240477
-109426.56240477
-109426.56240477
-109426.56240477
-109426.56240477
-109426.56240477
-109426.56240477
-109426.56240477
-109426.56240477
-109426.56240477
-109426.56240477
-109426.56240477
-109426.56240477
-109426.56240477
-109426.56240477
-109426.56240477
-109426.56240477
-109426.56240477
-109426.56240477
-109426.56240477
-109426.56240477
-109426.56240477
-109426.56240477
-109426.56240477
-109426.56240477
-109426.56240477
-109426.56240477
0.00196968
-0.03020173
0.01717997
0.03151485
0.02549639
-0.00733158
-0.09191831
0.02090047
-0.03523535
0.05547927
-0.01860252
0.04913253
-0.00623731
-0.03074886
-0.05099278
-0.00273566
-0.01302176
-0.08053795
0.04245751
-0.00328280
-0.01061438
0.02363614
-0.08010024
-0.02068162
-0.02144761
-0.10581549
-0.06795390
0.05613583
-0.00634674
-0.00962954
0.00601846
0.04563088
-109426.56240477
-109426.56240477
-109426.56240477
-109426.56240477
-109426.56240477
-109426.56240477
-109426.56240477
-109426.56240477
-109426.56240477
-109426.56240477
-109426.56240477
-109426.56240477
-109426.56240477
-109426.56240477
-109426.56240477
-109426.56240477
-109426.56240477
-109426.56240477
-109426.56240477
-109426.56240477
-109426.56240477
-109426.56240477
-109426.56240477
-109426.56240477
-109426.56240477
-109426.56240477
-109426.56240477
-109426.56240477
-109426.56240477
-109426.56240477
-109426.56240477
-109426.56240477
0.00459592
-0.00109427
0.05186819
0.07462892
0.06773504
0.03479765
-0.06401454
0.06084117
-0.00142255
0.10012530
0.00470534
0.09016749
0.03085829
0.01663284
-0.01039552
0.02746607
0.01400660
-0.07528547
0.08765068
0.03239026
0.03534478
0.06248257
-0.06051289
0.01652341
0.01652341
-0.06084117
-0.01466316
0.11347535
0.05679239
0.05526041
0.06937644
0.10877000
0.09355971
-109426.56240477
-109426.56240477
-109426.56240477
-109426.56240477
-109426.56240477
-109426.56240477
-109426.56240477
-109426.56240477
-109426.56240477
-109426.56240477
-109426.56240477
-109426.56240477
-109426.56240477
-109426.56240477
-109426.56240477
-109426.56240477
-109426.56240477
-109426.56240477
-109426.56240477
-109426.56240477
-109426.56240477
-109426.56240477
-109426.56240477
-109426.56240477
-109426.56240477
-109426.56240477
-109426.56240477
-109426.56240477
-109426.56240477
-109426.56240477
-109426.56240477
0.02177589
0.29512344
0.40575369
0.43923822
0.42282424
0.29381032
0.04114439
0.42566933
0.32543460
0.54757052
0.37752164
0.44897719
0.28549390
0.31109972
0.33451700
0.46659486
0.45576163
0.24216098
0.53761270
0.46790798
0.48990272
0.47173791
0.20703506
0.36614128
0.27597379
0.20867645
0.31700875
0.51408599
0.46265551
0.36285848
0.42709187
0.51758764
0.52174585
0.42227710
-109426.56240477
-109426.56240477
-109426.56240477
-109426.56240477
-109426.56240477
-109426.56240477
-109426.56240477
-109426.56240477
-109426.56240477
-109426.56240477
-109426.56240477
-109426.56240477
-109426.56240477
-109426.56240477
-109426.56240477
-109426.56240477
-109426.56240477
-109426.56240477
-109426.56240477
-109426.56240477
-109426.56240477
-109426.56240477
-109426.56240477
-109426.56240477
-109426.56240477
-109426.56240477
-109426.56240477
-109426.56240477
-109426.56240477
-109426.56240477
0.01904022
0.30486240
0.38069501
0.41220986
0.43376689
0.32838911
0.30519068
0.42140169
0.32302721
0.49898512
0.39842211
0.40268975
0.27816232
0.32444976
0.38310239
0.45816902
0.45401081
0.42096399
0.49778143
0.46429690
0.48180515
0.42774843
0.38463437
0.38474379
0.26864221
0.38802659
0.39984466
0.45871615
0.47644325
0.44000421
0.44843005
0.45816902
0.47064364
0.43431403
0.48880845
-109426.56240477
-109426.56240477
-109426.56240477
-109426.56240477
-109426.56240477
-109426.56240477
-109426.56240477
-109426.56240477
-109426.56240477
-109426.56240477
-109426.56240477
-109426.56240477
-109426.56240477
-109426.56240477
-109426.56240477
-109426.56240477
-109426.56240477
-109426.56240477
-109426.56240477
-109426.56240477
-109426.56240477
-109426.56240477
-109426.56240477
-109426.56240477
-109426.56240477
-109426.56240477
-109426.56240477
-109426.56240477
-109426.56240477
0.00776929
0.07419121
0.12157291
0.14466192
0.12452743
0.06664078
-0.08655641
0.14882012
0.09290315
0.20736334
0.08119451
0.16928289
0.07802114
0.07999082
0.07419121
0.13962829
0.12124463
-0.04639686
0.17989727
0.13120245
0.13678320
0.16096647
-0.02921689
0.08393017
0.07845885
-0.02713779
0.04092553
0.20057889
0.12605940
0.07244038
0.12846678
0.19729609
0.19674896
0.10866058
0.19270018
0.16359271
-109426.56240477
-109426.56240477
-109426.56240477
-109426.56240477
-109426.56240477
-109426.56240477
-109426.56240477
-109426.56240477
-109426.56240477
-109426.56240477
-109426.56240477
-109426.56240477
-109426.56240477
-109426.56240477
-109426.56240477
-109426.56240477
-109426.56240477
-109426.56240477
-109426.56240477
-109426.56240477
-109426.56240477
-109426.56240477
-109426.56240477
-109426.56240477
-109426.56240477
-109426.56240477
-109426.56240477
-109426.56240477
0.00459592
0.02111933
0.06729734
0.07955311
0.05810550
0.00437706
-0.11861839
0.07999082
0.02866976
0.12901392
0.01838366
0.09979702
0.01860252
0.00415821
-0.00065656
0.05668296
0.03808044
-0.09082405
0.09334086
0.04530260
0.04617801
0.08163222
-0.06445225
0.01302176
0.01477259
-0.07200268
-0.01674226
0.11719585
0.03950299
0.00207910
0.04070668
0.11008312
0.10176670
0.01860252
0.10373638
0.08294533
0.05876206
-109426.56240477
-109426.56240477
-109426.56240477
-109426.56240477
-109426.56240477
-109426.56240477
-109426.56240477
-109426.56240477
-109426.56240477
-109426.56240477
-109426.56240477
-109426.56240477
-109426.56240477
-109426.56240477
-109426.56240477
-109426.56240477
-109426.56240477
-109426.56240477
-109426.56240477
-109426.56240477
-109426.56240477
-109426.56240477
-109426.56240477
-109426.56240477
-109426.56240477
-109426.56240477
-109426.56240477
0.03085829
0.40214262
0.51266344
0.57175379
0.57580257
0.44886776
0.23986302
0.57624028
0.47326988
0.70306566
0.51616509
0.58083619
0.41089674
0.48114859
0.51933847
0.64102080
0.63259496
0.35946626
0.71378947
0.67187909
0.70689559
0.65316715
0.36953350
0.55402669
0.42271481
0.41210043
0.50806753
0.68216519
0.64331876
0.53487704
0.59396738
0.67614673
0.68916849
0.58105505
0.72954689
0.60315921
0.74924367
0.64813353
-109426.56240477
-109426.56240477
-109426.56240477
-109426.56240477
-109426.56240477
-109426.56240477
-109426.56240477
-109426.56240477
-109426.56240477
-109426.56240477
-109426.56240477
-109426.56240477
-109426.56240477
-109426.56240477
-109426.56240477
-109426.56240477
-109426.56240477
-109426.56240477
-109426.56240477
-109426.56240477
-109426.56240477
-109426.56240477
-109426.56240477
-109426.56240477
-109426.56240477
-109426.56240477
0.00656559
0.05110220
0.11642986
0.13437582
0.10844172
0.05449443
-0.12452743
0.12255775
0.04836654
0.19160591
0.06204486
0.16589067
0.07528547
0.05865264
0.03228084
0.10143842
0.08338304
-0.07134612
0.17267512
0.10297040
0.10504950
0.13743976
-0.07714573
0.05132106
0.05493213
-0.05471328
0.01575742
0.18164809
0.08983921
0.05712067
0.10067244
0.17836530
0.16775092
0.04278579
0.16534354
0.14302052
0.14061313
0.07156497
0.15308776
-109426.56240477
-109426.56240477
-109426.56240477
-109426.56240477
-109426.56240477
-109426.56240477
-109426.56240477
-109426.56240477
-109426.56240477
-109426.56240477
-109426.56240477
-109426.56240477
-109426.56240477
-109426.56240477
-109426.56240477
-109426.56240477
-109426.56240477
-109426.56240477
-109426.56240477
-109426.56240477
-109426.56240477
-109426.56240477
-109426.56240477
-109426.56240477
-109426.56240477
0.11128681
1.53711492
1.74907417
1.98871835
2.09617523
1.67915060
1.32679707
2.06378497
1.85149744
2.42795657
2.08829652
1.93674073
1.46795733
1.72182696
2.04047711
2.42029671
2.46691242
2.03883571
2.46581816
2.46187880
2.55456310
2.26688067
1.84558840
2.14344750
1.53514524
2.01377703
2.16434798
2.25068554
2.47577597
2.24280682
2.23941460
2.26534869
2.36219120
2.40311674
2.70688487
2.12298474
2.79201874
2.50685312
2.96261475
3.75333109
-109426.56240477
-109426.56240477
-109426.56240477
-109426.56240477
-109426.56240477
-109426.56240477
-109426.56240477
-109426.56240477
-109426.56240477
-109426.56240477
-109426.56240477
-109426.56240477
-109426.56240477
-109426.56240477
-109426.56240477
-109426.56240477
-109426.56240477
-109426.56240477
-109426.56240477
-109426.56240477
-109426.56240477
-109426.56240477
-109426.56240477
-109426.56240477
0.00689387
0.10318925
0.15713654
0.14903898
0.15199350
0.11697700
0.11763355
0.14017543
0.05952805
0.17541078
0.11194337
0.14564675
0.09290315
0.10625319
0.11818069
0.13733034
0.12015037
0.14685045
0.17530135
0.15221235
0.15560457
0.12616883
0.12573112
0.08688469
0.04322349
0.16796977
0.15757425
0.13776804
0.12387087
0.13853403
0.12890449
0.14444306
0.14181682
0.11128681
0.17420709
0.11303764
0.17103372
0.17617677
0.16895461
0.15166522
0.07134612
-109426.56240477
-109426.56240477
-109426.56240477
-109426.56240477
-109426.56240477
-109426.56240477
-109426.56240477
-109426.56240477
-109426.56240477
-109426.56240477
-109426.56240477
-109426.56240477
-109426.56240477
-109426.56240477
-109426.56240477
-109426.56240477
-109426.56240477
-109426.56240477
-109426.56240477
-109426.56240477
-109426.56240477
-109426.56240477
-109426.56240477
0.01050495
0.09246545
0.16184189
0.18339892
0.16698493
0.11106796
-0.03020173
0.17814644
0.10625319
0.24227041
0.11052083
0.20375226
0.11216223
0.12529341
0.11653929
0.17201856
0.14838242
-0.03534478
0.22443388
0.18208580
0.19587355
0.20462767
0.02068162
0.12310488
0.09355971
0.01663284
0.09224659
0.23854991
0.16304558
0.12463685
0.15560457
0.22640356
0.21830599
0.10734746
0.20375226
0.17639562
0.19948462
0.14389593
0.23428227
0.12365202
0.18514974
0.17562963
-109426.56240477
-109426.56240477
-109426.56240477
-109426.56240477
-109426.56240477
-109426.56240477
-109426.56240477
-109426.56240477
-109426.56240477
-109426.56240477
-109426.56240477
-109426.56240477
-109426.56240477
-109426.56240477
-109426.56240477
-109426.56240477
-109426.56240477
-109426.56240477
-109426.56240477
-109426.56240477
-109426.56240477
-109426.56240477
0.00590903
-0.04147267
0.00864470
0.03720503
0.01236520
-0.02888861
-0.16993945
0.03950299
-0.01094266
0.08852609
-0.05121163
0.07112727
-0.01882137
-0.02276072
-0.03600134
0.02046277
-0.00886355
-0.21972854
0.04169152
-0.00076599
-0.00229796
0.05427557
-0.14236396
-0.03797102
-0.02144761
-0.17935014
-0.09684251
0.07933426
-0.03096772
-0.05646411
-0.01947793
0.06127887
0.04978909
-0.07090841
0.03337510
0.02834148
0.01553857
-0.05175876
0.05044565
-0.06554651
0.04234808
0.03851815
0.01050495
-109426.56240477
-109426.56240477
-109426.56240477
-109426.56240477
-109426.56240477
-109426.56240477
-109426.56240477
-109426.56240477
-109426.56240477
-109426.56240477
-109426.56240477
-109426.56240477
-109426.56240477
-109426.56240477
-109426.56240477
-109426.56240477
-109426.56240477
-109426.56240477
-109426.56240477
-109426.56240477
-109426.56240477
0.01389717
0.12430857
0.18285179
0.22760725
0.20134487
0.13328155
-0.12835736
0.21086499
0.14685045
0.30201731
0.16020049
0.25901267
0.15702712
0.15352547
0.13032704
0.22607528
0.21819657
-0.02494926
0.30212674
0.23876876
0.24774174
0.27980372
-0.02976402
0.19368502
0.15834024
-0.01280291
0.09815563
0.33123420
0.24008188
0.17497307
0.22301133
0.30891119
0.29588942
0.15330661
0.26601597
0.25200937
0.25737127
0.16151361
0.29184064
0.09323143
0.28100741
0.28210168
0.29665541
0.25474504
-109426.56240477
-109426.56240477
-109426.56240477
-109426.56240477
-109426.56240477
-109426.56240477
-109426.56240477
-109426.56240477
-109426.56240477
-109426.56240477
-109426.56240477
-109426.56240477
-109426.56240477
-109426.56240477
-109426.56240477
-109426.56240477
-109426.56240477
-109426.56240477
-109426.56240477
-109426.56240477
0.00448649
0.01783653
0.05766780
0.08217935
0.07222153
0.03118657
-0.03665790
0.08524329
0.04552145
0.12682539
0.02199474
0.10548721
0.02462098
0.01006724
0.00744101
0.06773504
0.06018461
-0.01466316
0.11303764
0.05383787
0.05055507
0.08699412
-0.03994070
0.02648123
0.03578249
-0.03742388
-0.00372050
0.11610158
0.04103496
0.02790377
0.05558869
0.10767574
0.10078186
0.00700330
0.08732240
0.08141336
0.07331580
0.01904022
0.08962035
-0.02057219
0.06992357
0.07714573
0.04989851
0.04081611
-0.00569018
-109426.56240477
-109426.56240477
-109426.56240477
-109426.56240477
-109426.56240477
-109426.56240477
-109426.56240477
-109426.56240477
-109426.56240477
-109426.56240477
-109426.56240477
-109426.56240477
-109426.56240477
-109426.56240477
-109426.56240477
-109426.56240477
-109426.56240477
-109426.56240477
-109426.56240477
0.00481477
0.02877919
0.05766780
0.07922483
0.05941862
0.01991563
-0.13207786
0.07747401
0.01958735
0.12584055
0.02144761
0.11019255
0.04486489
0.01958735
-0.01105208
0.05712067
0.04650629
-0.08885437
0.12627825
0.07353465
0.06576536
0.10439294
-0.12999876
0.03939356
0.03720503
-0.06861045
-0.01586685
0.14061313
0.04311407
0.00645617
0.05077392
0.11971266
0.10559663
-0.00689387
0.07397236
0.08272648
0.07058013
0.01236520
0.08589985
-0.10329867
0.06828217
0.08130394
0.09377856
0.07462892
0.07167440
0.11391305
-109426.56240477
-109426.56240477
-109426.56240477
-109426.56240477
-109426.56240477
-109426.56240477
-109426.56240477
-109426.56240477
-109426.56240477
-109426.56240477
-109426.56240477
-109426.56240477
-109426.56240477
-109426.56240477
-109426.56240477
-109426.56240477
-109426.56240477
-109426.56240477
0.02680951
0.37763107
0.49526462
0.55916973
0.55326070
0.43890994
0.15680826
0.52929628
0.45532393
0.66553235
0.49920398
0.55577751
0.39907867
0.45707475
0.48651050
0.60009527
0.61005309
0.33298503
0.67067540
0.60906825
0.64922779
0.62088632
0.31285054
0.53531474
0.43704969
0.29906280
0.43551772
0.68479143
0.67341107
0.55665292
0.62033918
0.69431154
0.70678617
0.59134114
0.69868860
0.62799904
0.69420211
0.57853824
0.74596088
0.58171161
0.67406762
0.66454751
0.68118035
0.63445521
0.66235898
0.78108680
0.65283887
-109426.56240477
-109426.56240477
-109426.56240477
-109426.56240477
-109426.56240477
-109426.56240477
-109426.56240477
-109426.56240477
-109426.56240477
-109426.56240477
-109426.56240477
-109426.56240477
-109426.56240477
-109426.56240477
-109426.56240477
-109426.56240477
-109426.56240477
0.01400660
0.21699287
0.26229547
0.28275824
0.28199225
0.20714448
0.12616883
0.29019924
0.23034291
0.35410436
0.27477010
0.28494677
0.20309570
0.22060395
0.24905486
0.30891119
0.30639437
0.24139500
0.35465149
0.32652886
0.34108260
0.31011488
0.19576412
0.26995533
0.19018337
0.26196719
0.29184064
0.33451700
0.33057765
0.28713530
0.29720254
0.33396987
0.33790922
0.30333043
0.36209249
0.29621770
0.35060271
0.30343986
0.37183146
0.33900349
0.31886900
0.32072925
0.33955062
0.32061983
0.33232847
0.36822038
0.29567057
0.31405423
-109426.56240477
-109426.56240477
-109426.56240477
-109426.56240477
-109426.56240477
-109426.56240477
-109426.56240477
-109426.56240477
-109426.56240477
-109426.56240477
-109426.56240477
-109426.56240477
-109426.56240477
-109426.56240477
-109426.56240477
-109426.56240477
0.00339222
0.01280291
0.06029404
0.06707848
0.02954517
-0.00700330
-0.18777598
0.03972184
-0.01083323
0.09126175
-0.01455373
0.08480559
0.02823205
0.01378775
-0.02593410
0.01433488
-0.00645617
-0.18854197
0.07659859
0.02921689
0.04201980
0.06664078
-0.11369420
-0.01181807
0.00547133
-0.14925783
-0.06182601
0.10187613
0.00930126
-0.01893080
0.01313119
0.08677526
0.07342522
-0.04136324
0.04694400
0.05701124
0.02845091
-0.02276072
0.05197762
-0.14564675
0.03435994
0.03578249
0.03184313
0.01750825
0.02265130
0.07506662
0.00689387
0.04114439
-0.00492420
-109426.56240477
-109426.56240477
-109426.56240477
-109426.56240477
-109426.56240477
-109426.56240477
-109426.56240477
-109426.56240477
-109426.56240477
-109426.56240477
-109426.56240477
-109426.56240477
-109426.56240477
-109426.56240477
-109426.56240477
0.00481477
0.05613583
0.10592491
0.09487283
0.07802114
0.03753331
-0.01947793
0.05022679
-0.00558075
0.09596710
0.05274360
0.07276866
0.02451155
0.03282797
0.06029404
0.06412397
0.04420833
0.01641398
0.06007518
0.05241532
0.06488995
0.06127887
0.16578124
0.02407384
-0.01685169
0.03928414
0.05865264
0.06127887
0.04497432
0.07977196
0.02221359
0.03829930
0.02254187
0.01466316
0.07462892
0.01597628
0.03063944
0.02615295
0.02790377
0.08688469
0.03534478
0.02921689
0.03042058
0.00634674
0.02702836
0.03961242
0.09257487
0.05449443
0.00218853
-0.03884643
-109426.56240477
-109426.56240477
-109426.56240477
-109426.56240477
-109426.56240477
-109426.56240477
-109426.56240477
-109426.56240477
-109426.56240477
-109426.56240477
-109426.56240477
-109426.56240477
-109426.56240477
-109426.56240477
0.00393936
0.02670008
0.09093347
0.10734746
0.06861045
0.02133818
-0.18788541
0.08786953
0.03764274
0.14860127
0.00853527
0.13776804
0.05296246
0.04497432
-0.00229796
0.05646411
0.03720503
-0.20079774
0.13087417
0.06204486
0.07747401
0.11446018
-0.14225453
0.02440212
0.05898092
-0.14159797
-0.04475546
0.16337386
0.05635468
-0.00142255
0.06554651
0.15877794
0.15068038
-0.00700330
0.10121957
0.12638768
0.08885437
0.00744101
0.12802908
-0.15604228
0.09629537
0.09881219
0.07506662
0.06346741
0.04377062
0.13393811
0.00645617
0.08360189
0.03884643
0.06127887
0.01882137
-109426.56240477
-109426.56240477
-109426.56240477
-109426.56240477
-109426.56240477
-109426.56240477
-109426.56240477
-109426.56240477
-109426.56240477
-109426.56240477
-109426.56240477
-109426.56240477
-109426.56240477
0.00776929
0.11347535
0.17048658
0.19795265
0.18679114
0.15188407
0.01477259
0.16457755
0.11796183
0.23165603
0.14444306
0.20539366
0.13371926
0.14695987
0.14586561
0.18263293
0.18460261
0.06937644
0.22859209
0.17978784
0.19291903
0.20703506
0.12901392
0.16238902
0.15713654
0.08557157
0.11829011
0.24883600
0.21086499
0.18996451
0.21195925
0.24730403
0.24467779
0.16424927
0.23570482
0.21754001
0.23154661
0.18405548
0.24500607
0.11927495
0.20922359
0.21622689
0.21360065
0.19510756
0.18996451
0.25332249
0.20397111
0.25955981
0.21009900
0.20703506
0.13623607
0.15691769
-109426.56240477
-109426.56240477
-109426.56240477
-109426.56240477
-109426.56240477
-109426.56240477
-109426.56240477
-109426.56240477
-109426.56240477
-109426.56240477
-109426.56240477
-109426.56240477
0.00525247
0.12255775
0.19160591
0.20615964
0.19532641
0.15111808
0.03928414
0.18274236
0.15024267
0.23876876
0.15888737
0.21184982
0.13809632
0.14717873
0.13864345
0.18153867
0.18624401
0.07375350
0.23690851
0.17803702
0.19499813
0.19510756
0.04770998
0.15078980
0.15932507
0.06795390
0.12387087
0.22826381
0.21195925
0.17924071
0.21447606
0.24774174
0.25704300
0.17442594
0.24774174
0.24095729
0.25386962
0.20112602
0.27564551
0.10154785
0.23647080
0.24314582
0.23099947
0.22410560
0.21775886
0.28111684
0.19040222
0.25671472
0.22060395
0.23723679
0.17584849
0.21589861
0.18121039
-109426.56240477
-109426.56240477
-109426.56240477
-109426.56240477
-109426.56240477
-109426.56240477
-109426.56240477
-109426.56240477
-109426.56240477
-109426.56240477
-109426.56240477
0.00470534
0.06226371
0.12354259
0.13765862
0.11916553
0.07648917
-0.04223865
0.12988933
0.09257487
0.17781816
0.07123669
0.15538572
0.07999082
0.07495720
0.05460385
0.10001588
0.09137118
-0.04530260
0.16063819
0.09771792
0.10898886
0.12868564
-0.06051289
0.06609364
0.08360189
-0.01980621
0.04672514
0.16512468
0.10887943
0.07813057
0.11522617
0.16950175
0.16993945
0.06915759
0.15308776
0.14860127
0.13645492
0.08447731
0.16260787
-0.01039552
0.13623607
0.13831517
0.12091635
0.11281879
0.10680032
0.17015830
0.08196050
0.15133694
0.11095853
0.13776804
0.08655641
0.14695987
0.11752413
0.11391305
-109426.56240477
-109426.56240477
-109426.56240477
-109426.56240477
-109426.56240477
-109426.56240477
-109426.56240477
-109426.56240477
-109426.56240477
-109426.56240477
0.00317337
-0.06696906
-0.01050495
0.00470534
-0.03107714
-0.06828217
-0.26054465
-0.00656559
-0.04377062
0.03950299
-0.08546215
0.02768492
-0.04136324
-0.07714573
-0.11063025
-0.04836654
-0.07211210
-0.25704300
0.00251681
-0.05471328
-0.05099278
0.01138036
-0.23165603
-0.07265924
-0.06095060
-0.24314582
-0.12977990
0.05307188
-0.05580755
-0.09355971
-0.06893873
0.03501650
0.00481477
-0.12912334
-0.02768492
-0.00776929
-0.06368626
-0.13174958
-0.05307188
-0.24982084
-0.05044565
-0.04978909
-0.06707848
-0.08677526
-0.10483065
-0.03173370
-0.10340810
-0.02932632
-0.07823999
-0.05219647
-0.08874494
-0.00755043
-0.01127094
-0.00798814
-0.06007518
-109426.56240477
-109426.56240477
-109426.56240477
-109426.56240477
-109426.56240477
-109426.56240477
-109426.56240477
-109426.56240477
-109426.56240477
0.06412397
1.07971189
1.10870993
1.31541671
1.30108183
1.11779233
0.46188952
1.30874169
1.18979501
1.60616308
1.41182151
1.38008781
1.17677325
1.41882481
1.47167784
1.60386513
1.65638988
0.95485618
1.67532067
1.68330881
1.77763451
1.62410904
1.08200985
1.54028829
1.33380037
1.10323860
1.25085503
1.77063121
1.84241503
1.49958161
1.76395619
1.85664048
1.95020020
1.80061408
1.84777693
1.74404055
2.02143689
1.77380458
2.18732756
1.90905581
1.89395494
1.89559634
1.97328920
1.91233860
1.92196814
2.12298474
1.78890544
1.91605911
1.71602735
1.82457850
1.41510431
1.38654397
1.15828016
1.28324530
2.03566234
2.50761910
-109426.56240477
-109426.56240477
-109426.56240477
-109426.56240477
-109426.56240477
-109426.56240477
-109426.56240477
-109426.56240477
0.00328280
-0.05679239
0.01170864
0.04289521
0.00941068
-0.02440212
-0.24686632
0.03282797
-0.02593410
0.09531054
-0.05000794
0.09541996
0.01291233
-0.01991563
-0.08086623
-0.01159922
-0.03403166
-0.27455125
0.07320637
-0.00689387
-0.00372050
0.06335798
-0.22979578
-0.03764274
-0.00076599
-0.25780898
-0.14389593
0.12102578
-0.01827424
-0.05591697
-0.00109427
0.10111014
0.07561375
-0.11752413
0.00459592
0.05055507
-0.00229796
-0.08042852
0.02177589
-0.27225329
0.00065656
0.00525247
-0.01335004
-0.03129600
-0.05613583
0.03720503
-0.08053795
0.02319843
-0.02987345
0.00382993
-0.05285303
0.03928414
0.01608570
0.02483983
-0.01597628
-0.20462767
-0.07506662
-109426.56240477
-109426.56240477
-109426.56240477
-109426.56240477
-109426.56240477
-109426.56240477
-109426.56240477
0.00973896
0.09323143
0.16939232
0.20933301
0.17147142
0.11446018
-0.15910622
0.18569688
0.13634550
0.27641150
0.12222947
0.24752288
0.14695987
0.14159797
0.09771792
0.18230465
0.17475422
-0.10318925
0.27860003
0.20057889
0.22519987
0.25168109
-0.07287809
0.15024267
0.16074762
-0.08633756
0.04650629
0.31197513
0.21261581
0.13864345
0.20922359
0.30989602
0.30431527
0.12879506
0.25376020
0.27006476
0.25572988
0.15538572
0.29939107
-0.00809757
0.25562045
0.26174834
0.25299421
0.23012406
0.21633631
0.32641944
0.16983002
0.26864221
0.20331455
0.23625195
0.14488077
0.23220317
0.18701000
0.20287685
0.22782610
0.01466316
0.19040222
0.07331580
-109426.56240477
-109426.56240477
-109426.56240477
-109426.56240477
-109426.56240477
-109426.56240477
0.00393936
0.01750825
0.03950299
0.05285303
0.03107714
0.00864470
-0.11621101
0.05799608
0.01827424
0.08972978
-0.00722215
0.07955311
0.02604352
0.03589191
0.01400660
0.04683457
0.02527754
-0.14083199
0.06871988
0.04125381
0.03808044
0.07441006
-0.13557951
0.01313119
0.02287015
-0.08502444
-0.02899804
0.10625319
0.02571524
-0.02243245
0.03337510
0.09946875
0.09323143
0.00579961
0.04672514
0.06248257
0.03829930
-0.00689387
0.06893873
-0.06904816
0.04322349
0.03928414
0.03698618
0.02615295
0.02462098
0.07211210
0.01159922
0.05515099
0.01914965
0.04180095
0.01313119
0.04880425
0.02659065
0.02418327
0.03260912
-0.03928414
0.04201980
0.01116151
0.09334086
-109426.56240477
-109426.56240477
-109426.56240477
-109426.56240477
-109426.56240477
0.06423339
1.06165651
1.29178057
1.40241082
1.34824468
1.13880223
0.37073719
1.18618394
1.14306987
1.51818413
1.28937318
1.27383461
1.01350882
1.16572117
1.25457554
1.55823425
1.67772805
1.25928088
1.69775312
1.61097785
1.71504251
1.55801540
0.69781319
1.44464948
1.16232895
0.96010866
1.30436462
1.63581768
1.83333263
1.53689607
1.63811564
1.78803003
1.84613553
1.65715586
1.84668267
1.75126270
2.00524176
1.73649012
2.10700846
1.58373064
1.84186790
1.88782705
1.97372691
1.90555416
1.91660624
2.15099794
1.78146444
1.90303735
1.73462987
1.78179272
1.45416959
1.45296590
1.31333760
1.38194806
1.89034387
1.67050590
2.03599062
1.99648763
2.07582189
2.50225720
-109426.56240477
-109426.56240477
-109426.56240477
-109426.56240477
0.00284509
-0.00864470
0.02188531
0.03786159
0.00952011
-0.01838366
-0.17136200
0.03567306
0.00109427
0.07539490
-0.03031116
0.06773504
0.00623731
0.00098484
-0.02505868
0.01794596
-0.00087541
-0.17344110
0.05230590
0.00919183
0.01006724
0.05919977
-0.14170740
-0.00645617
0.01225577
-0.12069750
-0.05723009
0.09760849
0.00328280
-0.04453661
0.00590903
0.08754125
0.07364408
-0.03162428
0.03709560
0.05208704
0.01739882
-0.04125381
0.03994070
-0.12748195
0.02571524
0.02505868
0.01159922
-0.00153197
-0.01980621
0.04409890
-0.02921689
0.03326567
-0.00536190
0.01805538
-0.01597628
0.03490707
0.01717997
0.01805538
0.00831642
-0.09870276
-0.00492420
-0.05515099
0.06882931
-0.06390511
0.06959529
-109426.56240477
-109426.56240477
-109426.56240477
0.06696906
0.93975532
1.18049376
1.35929676
1.38840422
1.21671395
0.70656731
1.22163814
1.15149572
1.47977540
1.20905409
1.24264804
1.04338227
1.18038433
1.19712659
1.43698962
1.54160141
1.03036051
1.67488296
1.62662585
1.76472217
1.51873126
0.75176048
1.40416165
1.17950892
0.75734124
1.11976201
1.62914266
1.79021856
1.55823425
1.70125477
1.75684346
1.84394700
1.58318350
1.66218948
1.68921784
1.97110067
1.77095949
2.14519833
1.63089349
1.81582438
1.84230560
1.94768338
1.90216193
1.94680797
2.17452465
1.76909923
1.89450207
1.75476435
1.80521000
1.48229221
1.46664422
1.31421301
1.39912803
1.88235573
1.71635563
2.01202620
1.87633727
2.00053641
1.93597474
1.97930766
2.51856176
-109426.56240477
-109426.56240477
0.03906528
0.55074389
0.68807422
0.81008484
0.81949553
0.69693778
0.40290860
0.78721469
0.74421005
0.93855163
0.71039724
0.78776182
0.63762858
0.73053173
0.72451327
0.85702884
0.89521871
0.42566933
1.01569735
0.97871117
1.07752336
0.93964589
0.43004639
0.83229843
0.74125553
0.38715118
0.62307485
1.03145478
1.05607575
0.87234856
1.02182524
1.08780946
1.15346539
0.96273490
1.00792807
1.03222076
1.15576335
1.01066373
1.30994538
0.95266765
1.12687474
1.12993868
1.16440805
1.13967765
1.16692486
1.34353933
1.04775934
1.16429862
1.06034339
1.11199273
0.89762609
0.93362743
0.81599388
0.86348500
1.14066249
0.96361031
1.20741269
1.10050294
1.22535865
0.96142178
1.19800201
1.22218528
1.31454129
-109426.56240477
0.00514305
0.01367832
0.05536984
0.07703630
0.05263418
0.03096772
-0.15746482
0.05580755
0.00973896
0.10942656
0.01728940
0.10362695
0.04902310
0.02877919
-0.00678445
0.05427557
0.04825711
-0.08743182
0.11292821
0.05952805
0.05340016
0.09585767
-0.16162303
0.03096772
0.03567306
-0.09596710
-0.02287015
0.12846678
0.04913253
0.01772710
0.05285303
0.12726309
0.10920771
-0.01444431
0.07714573
0.09695193
0.09399742
0.04037840
0.09903104
-0.11270936
0.05755837
0.07025185
0.07823999
0.06467110
0.04891367
0.10264212
0.01302176
0.07408178
0.04366120
0.07112727
0.02921689
0.07364408
0.05712067
0.06149773
0.06423339
-0.04234808
0.04661572
-0.02790377
0.11730527
0.00186025
0.12594997
0.04223865
0.04781941
0.11621101
