-34
-1112
-1373
-1249
-1416
-1019
-1644
-1239
-918
-1326
-1452
-1005
-710
-892
-1272
-1432
-1450
-2039
-1272
-1384
-1368
-1053
-1682
-1113
-575
-1614
-1362
-838
-1186
-1174
-1007
-801
-855
-1213
-1171
-772
-1061
-1128
-1017
-1661
-917
-901
-961
-946
-1102
-938
-1124
-919
-844
-807
-688
-590
-510
-527
-852
-1269
-973
-1185
-676
-1320
-686
-1332
-1087
-789
100
2453
3488
3357
3430
2284
2313
3210
2232
3848
2866
3099
1787
2050
2486
3252
3158
2849
3616
3120
3179
2896
2250
2293
1614
2143
2355
2900
2691
2399
2526
2778
2832
2292
3035
2424
2613
2192
2838
2071
2462
2426
2227
2160
2252
2632
2107
2476
1947
2163
1538
2042
1640
1619
1972
1299
1923
1666
2149
1424
2347
1372
1673
2397
81
2169
2833
2804
2990
2032
2850
2782
2061
3180
2545
2486
1486
1729
2255
2715
2714
2939
2908
2601
2635
2347
2544
2083
1583
2444
2228
2324
2338
2226
2265
2235
2367
2205
2511
2030
2276
2086
2490
2550
2278
2293
2064
2094
2096
2300
1944
2278
2007
2176
1673
1902
1526
1531
2092
2139
2195
2146
2028
1747
2146
1686
1852
2260
7
334
644
596
348
-98
-760
532
165
822
-71
660
80
-6
-163
142
0
-994
540
104
118
377
-1062
-166
116
-681
-288
632
-81
-382
18
578
568
-175
335
416
13
-350
261
-1291
160
224
11
44
-30
347
-287
143
-48
169
37
567
404
340
90
-1133
-58
-434
508
-767
616
-1242
-650
455
-30
-536
-287
-340
-827
-991
-2447
-690
-855
-358
-1182
-250
-565
-812
-1207
-1062
-1218
-2704
-688
-1095
-1031
-575
-2252
-1245
-585
-2450
-1631
-301
-1175
-1373
-1049
-317
-400
-1342
-724
-327
-970
-1329
-795
-2973
-806
-654
-879
-844
-941
-506
-994
-655
-797
-786
-707
-99
-70
-30
-575
-2170
-914
-1486
-46
-1527
114
-1991
-1446
-212
46
549
1117
1161
814
405
-1363
791
308
1366
237
1273
570
535
184
673
552
-1026
1323
687
785
1034
-911
292
552
-886
-139
1398
591
250
714
1375
1327
175
1181
1140
953
400
1159
-979
862
879
711
618
610
1196
419
1032
570
783
322
1000
705
721
626
-783
370
-304
1132
-585
1266
-702
-123
1082
612
13680
18049
17661
20062
14106
23029
20338
16534
21942
19671
16823
10701
12714
17203
20812
20646
24092
20915
20296
20392
17342
19757
16397
9809
20594
18798
16162
17812
16482
15851
15164
15740
16925
17893
13115
15597
14741
16785
22948
15612
14712
14074
13721
14058
14914
13377
14414
12088
13929
10410
11290
9529
8975
12174
13906
12673
13427
10935
12167
11027
11918
12482
12910
-43
-1006
-883
-820
-1086
-941
-1809
-1011
-1159
-896
-1565
-618
-714
-933
-1440
-1453
-1568
-2789
-1070
-1403
-1450
-947
-2471
-1401
-629
-2357
-1911
-673
-1525
-1550
-1157
-678
-747
-1760
-1364
-723
-1151
-1299
-983
-2794
-1112
-991
-1152
-1075
-1216
-876
-1371
-930
-894
-851
-723
-375
-410
-404
-851
-1955
-1010
-1535
-406
-2056
-259
-1828
-1252
-412
83
967
1551
1704
1451
1057
-669
1283
937
1901
895
1735
1047
1051
804
1441
1462
220
2181
1549
1719
1793
82
1222
1208
95
768
2134
1608
1252
1591
2128
2093
1042
2089
1895
2030
1444
2185
477
1871
1880
1756
1614
1582
2176
1326
2015
1544
1763
1089
1655
1279
1329
1523
323
1273
608
1872
600
1991
794
1054
1908
26
418
1056
1039
1002
359
410
1311
736
1604
617
1233
345
396
487
934
695
-493
1133
833
818
1014
-322
346
210
-336
101
1128
380
56
360
928
871
59
515
563
216
-135
584
-475
458
417
157
143
44
560
-40
420
97
313
93
629
483
422
173
-957
-9
-392
566
-939
679
-1246
-457
711
13
129
709
700
542
76
-211
705
278
978
-222
734
-72
-70
-119
227
19
-1260
530
91
101
434
-1176
-282
-5
-1037
-496
643
-200
-448
-66
549
532
-421
76
298
-143
-498
261
-1094
151
136
-198
-182
-347
264
-406
157
-92
60
-40
499
355
251
-160
-1760
-351
-788
393
-1215
556
-1515
-712
500
60
1390
2021
1949
2094
1289
1776
2103
1418
2498
2058
1966
1012
1195
1713
2328
2255
2457
2311
2095
2012
1925
1777
1582
811
1694
1650
1835
1730
1555
1494
1648
1605
1419
1817
1323
1418
1171
1476
1462
1319
1319
1195
1127
1086
1327
1074
1324
1016
1147
749
984
788
784
1019
869
934
810
1004
840
1097
584
647
1074
15
-14
271
412
128
-4
-1250
175
141
451
-470
474
186
-39
-515
-326
-372
-1806
440
-123
82
275
-1225
-205
376
-1340
-623
698
16
-161
202
686
679
-287
343
602
340
-78
600
-1102
607
611
434
390
337
799
72
634
382
578
257
828
635
650
416
-950
101
-568
775
-1083
867
-841
-168
796
20
123
467
632
361
127
-1189
432
288
754
-210
683
368
104
-374
-253
-333
-1990
523
-24
202
381
-1172
-123
477
-1322
-547
844
178
-30
349
862
866
-119
526
780
530
86
788
-1092
725
763
624
577
572
1025
285
826
548
752
387
999
787
842
676
-628
344
-388
989
-1002
1076
-715
-5
1043
167
2554
3677
3747
3638
2410
1170
3664
2590
4653
3123
3898
2177
2620
2947
4257
4110
2960
4828
4098
4186
4097
2085
3135
2043
2248
2867
4387
3755
3012
3404
4141
4065
2888
4127
3324
3477
2607
3853
2631
3337
3180
2959
2699
2693
3575
2526
3337
2387
2829
1727
2508
1915
1894
2405
1336
2258
1699
2831
1668
2887
1140
1598
2857
-2
-314
119
61
-147
-390
-833
34
-368
261
-539
249
-277
-231
-373
-128
-357
-1514
40
-190
-196
95
-1238
-537
-419
-1394
-862
230
-542
-733
-480
68
-29
-898
-512
-223
-668
-856
-381
-1645
-528
-532
-742
-715
-723
-297
-647
-331
-557
-536
-521
-71
-125
-150
-588
-1782
-805
-1213
-168
-1613
-55
-1790
-1104
-133
-25
-977
-601
-583
-946
-1030
-2253
-714
-1044
-438
-1424
-254
-681
-751
-1182
-1052
-1332
-3323
-785
-1126
-1102
-522
-2281
-1247
-706
-2699
-1928
-187
-1271
-1535
-1094
-345
-490
-1742
-1178
-619
-1300
-1671
-988
-3139
-1029
-1002
-1265
-1288
-1347
-756
-1263
-760
-988
-1046
-1015
-424
-506
-470
-1089
-2737
-1436
-2048
-516
-2712
-350
-3042
-2081
-563
978
17061
20944
20932
22552
16921
19620
20890
17266
23964
21925
19035
13012
15555
19997
26527
27431
34352
27938
27302
27803
23146
25263
22213
12573
24917
23725
22224
24958
22748
21895
21383
21664
22958
25300
18517
22805
21120
22916
29227
19827
19192
19513
18667
19155
20015
18513
18815
15766
17516
12918
13273
11388
11268
16475
19798
17342
17707
15252
21274
14837
22539
19613
16411
81
1734
2543
2491
2522
1640
1828
2448
1741
2986
2164
2400
1267
1554
2022
2652
2557
2295
2799
2444
2500
2372
2056
1843
1212
1738
1891
2380
2144
1923
1938
2223
2231
1790
2387
1864
1988
1652
2215
2031
1980
1929
1666
1600
1550
2006
1627
2004
1525
1648
1122
1503
1224
1228
1516
1163
1447
1270
1642
1245
1762
896
1114
1776
-48
-1204
-989
-901
-1163
-1175
-2154
-931
-1257
-714
-1526
-465
-845
-1191
-1655
-1353
-1488
-2744
-949
-1453
-1649
-865
-2990
-1488
-814
-2664
-2203
-569
-1738
-1892
-1400
-704
-879
-2151
-1540
-861
-1515
-1860
-1422
-3913
-1494
-1281
-1458
-1423
-1720
-1213
-2016
-1289
-1219
-1113
-1010
-550
-597
-621
-1303
-2986
-1667
-2412
-803
-2936
-564
-2836
-2141
-860
49
564
1165
1220
1041
509
-326
1175
580
1687
548
1456
553
479
331
1149
1067
159
1863
1276
1266
1478
-371
749
571
-73
337
1765
826
429
853
1558
1438
229
1121
1101
873
371
1102
-725
736
806
627
584
426
1024
81
754
407
724
329
952
693
635
460
-908
210
-478
918
-786
1085
-653
-73
991
29
-472
-140
-51
-304
-561
-1709
-71
-484
164
-812
141
-235
-347
-770
-422
-653
-2304
134
-50
83
232
-1205
-365
-305
-1574
-953
595
-348
-823
-340
407
255
-861
-300
-26
-382
-793
-109
-1904
-467
-471
-563
-606
-616
-126
-791
-473
-728
-604
-676
-85
-168
-122
-566
-1997
-882
-1550
-148
-2363
-125
-2274
-1306
-151
815
13376
16335
17207
18672
13912
13965
17473
14201
20019
17451
15610
11269
12992
15829
18631
18987
19243
19988
19585
20564
17798
22898
18358
12517
22385
19730
18732
20594
18233
18274
18313
18504
18967
21421
15974
19873
17622
20147
24257
18098
17479
17774
16490
16697
18000
16523
17225
14474
15276
10762
10874
8558
9015
14605
19175
15663
16114
13546
16130
12917
14737
13892
14136
-61
-1687
-1555
-1469
-1781
-1669
-2670
-1624
-1666
-1488
-1976
-1141
-1299
-1575
-1943
-1836
-1994
-3325
-1808
-2043
-2116
-1430
-2548
-1975
-1304
-3605
-2886
-1279
-2192
-2186
-1966
-1425
-1603
-2547
-2144
-1451
-2180
-2476
-2108
-3836
-1866
-1744
-2032
-2041
-2352
-1869
-2210
-1751
-1704
-1858
-1633
-1214
-1059
-940
-1696
-3057
-2172
-2785
-1348
-3141
-1163
-3336
-2701
-1536
24
622
1128
1221
987
616
-480
1118
794
1589
639
1437
775
721
482
901
807
-680
1453
882
979
1152
-769
390
736
-1060
-210
1382
632
347
810
1354
1377
417
1109
1238
1024
561
1298
-507
1106
1126
944
914
837
1397
601
1247
870
1181
708
1312
1079
1123
1141
-23
950
308
1541
-245
1622
-182
458
1576
833
13714
16617
16960
17807
13231
11901
17377
14168
20024
17358
15728
11442
13304
16002
18492
18496
19446
19704
18563
19352
16858
15838
17106
10762
23075
22112
18080
21286
19211
18292
18693
18892
19159
21528
16256
20158
18090
20722
24205
18259
17569
18412
17249
18192
19106
17083
17126
14208
15573
11428
12079
9989
9743
14484
16031
15462
15936
14217
19070
13477
17374
15295
14565
526
7997
10281
10621
10981
8033
6234
10598
8467
12543
10444
9935
6955
8068
9610
11431
11289
10758
12184
11266
11861
10425
8567
9873
6107
11206
12013
11216
12911
11773
11165
11586
11678
11201
12919
10045
12124
10602
12612
13750
11137
10682
11055
10262
10890
11863
10513
10841
8723
9488
6714
7549
6342
6409
9084
9126
9210
8793
9025
10603
8638
10276
9325
9295
17
-145
103
53
-79
-362
-745
67
-321
186
-475
99
-286
-351
-481
-224
-376
-814
100
-128
-145
55
-930
-175
-338
2
75
339
-103
-372
-217
270
125
-586
-254
-121
-370
-623
-212
-1206
-428
-407
-469
-480
-531
-283
-755
-599
-671
-576
-493
-164
-223
-321
-690
-1880
-827
-1114
-325
-1261
-267
-1471
-1052
-405
-56
-1045
-823
-1035
-1458
-1501
-2219
-1124
-1308
-1049
-1949
-794
-1105
-1337
-1831
-1619
-1831
-3059
-1098
-1467
-1487
-950
-2540
-1551
-1006
-2070
-1772
-746
-2034
-2381
-1921
-999
-1212
-2362
-1757
-1247
-2037
-2236
-1796
-3811
-1798
-1753
-2045
-1925
-2061
-1650
-2203
-1797
-1855
-1711
-1408
-779
-748
-902
-1851
-3784
-2141
-2573
-1163
-2990
-972
-3618
-2730
-1315
268
3973
5062
5598
5821
4437
3049
5702
4494
6866
5303
5651
3924
4467
4975
6156
6108
4865
6866
6134
6361
5819
3939
5081
3764
4225
4911
6407
6543
5869
6292
6510
6712
5955
6978
5750
6775
5737
7183
6654
6235
6076
6247
5792
5953
6803
5497
6312
5190
5755
3954
4439
3517
3668
5359
5458
5486
4772
5398
4332
5170
4848
5077
5645
79
695
1418
1449
1222
527
-830
1236
643
1817
843
1420
577
493
521
1149
1006
118
1599
1121
1254
1389
116
869
369
378
1006
1741
1371
1014
969
1701
1486
549
1507
1238
1169
562
1240
-62
952
970
835
682
575
1145
525
906
429
569
159
803
701
743
594
-781
172
-441
912
53
1012
-258
-114
773
18
-276
157
288
233
-67
-840
191
-322
507
-170
449
-57
-281
-466
-25
-119
-736
388
-30
-97
216
-732
-189
-196
-967
-621
513
-58
-88
55
417
256
-652
-54
110
-76
-472
-74
-1536
-259
-164
-211
-323
-506
-116
-660
-240
-389
-329
-517
-164
-235
-171
-435
-1278
-760
-1408
-207
-1684
-50
-1155
-790
-184
42
-10
474
682
619
318
-585
556
-13
915
43
824
282
152
-95
251
128
-688
801
296
323
571
-553
151
151
-556
-134
1037
519
505
634
994
855
-235
355
564
449
66
573
-872
258
295
221
133
11
473
-114
377
106
215
-97
311
149
208
82
-700
-187
-891
339
-1347
460
-670
-199
415
199
2697
3708
4014
3864
2685
376
3890
2974
5004
3450
4103
2609
2843
3057
4264
4165
2213
4913
4276
4477
4311
1892
3346
2522
1907
2897
4698
4228
3316
3903
4730
4768
3859
5335
4256
4855
3750
5084
3533
4326
4281
4364
3942
3980
4926
3618
4427
3434
3910
2516
3237
2609
2742
3699
2656
3513
2710
4035
2918
3903
2586
2813
4005
174
2786
3479
3767
3964
3001
2789
3851
2952
4560
3641
3680
2542
2965
3501
4187
4149
3847
4549
4243
4403
3909
3515
3516
2455
3546
3654
4192
4354
4021
4098
4187
4301
3969
4467
3638
4404
3922
4673
4915
3948
3887
3952
3755
3819
4272
3631
3934
3307
3547
2557
2759
2239
2360
3497
3962
3683
3373
3419
3043
3277
3337
3423
3601
71
678
1111
1322
1138
609
-791
1360
849
1895
742
1547
713
731
678
1276
1108
-424
1644
1199
1250
1471
-267
767
717
-248
374
1833
1152
662
1174
1803
1798
993
1761
1495
1428
719
1663
146
1319
1353
1276
1077
951
1610
731
1281
860
1047
536
1050
752
776
862
-290
671
95
1261
-180
1270
-557
24
1194
42
193
615
727
531
40
-1084
731
262
1179
168
912
170
38
-6
518
348
-830
853
414
422
746
-589
119
135
-658
-153
1071
361
19
372
1006
930
170
948
758
537
-80
659
-856
456
533
408
248
68
648
-77
425
103
226
-95
438
272
282
89
-1151
-227
-803
463
-908
564
-1303
-796
379
282
3675
4685
5225
5262
4102
2192
5266
4325
6425
4717
5308
3755
4397
4746
5858
5781
3285
6523
6140
6460
5969
3377
5063
3863
3766
4643
6234
5879
4888
5428
6179
6298
5310
6667
5512
6847
5923
7454
7402
6552
6293
6459
5993
6166
7174
5712
6492
5333
5907
4102
4635
3721
3912
5737
5408
5944
5256
5974
5022
5532
4933
5194
5989
60
467
1064
1228
991
498
-1138
1120
442
1751
567
1516
688
536
295
927
762
-652
1578
941
960
1256
-705
469
502
-500
144
1660
821
522
920
1630
1533
391
1511
1307
1285
654
1399
-626
905
998
961
794
669
1318
373
990
531
778
243
897
637
661
579
-648
242
-597
988
-785
1094
-632
-129
950
1017
14047
15984
18174
19156
15345
12125
18860
16920
22188
19084
17699
13415
15735
18647
22118
22544
18632
22534
22498
23345
20716
16866
19588
14029
18403
19779
20568
22625
20496
20465
20702
21587
21961
24737
19401
25515
22909
27074
34300
25499
24740
25760
23837
24314
26173
22706
23612
20570
21843
15776
15949
13114
13904
21897
25264
23232
22597
20983
24655
19004
24011
21936
20643
63
943
1436
1362
1389
1069
1075
1281
544
1603
1023
1331
849
971
1080
1255
1098
1342
1602
1391
1422
1153
1149
794
395
1535
1440
1259
1132
1266
1178
1320
1296
1017
1592
1033
1563
1610
1544
1386
652
665
780
773
854
994
865
748
433
497
316
474
398
331
338
513
338
122
365
57
428
698
791
585
96
845
1479
1676
1526
1015
-276
1628
971
2214
1010
1862
1025
1145
1065
1572
1356
-323
2051
1664
1790
1870
189
1125
855
152
843
2180
1490
1139
1422
2069
1995
981
1862
1612
1823
1315
2141
1130
1692
1605
1595
1383
1420
2061
1320
1767
1161
1352
704
1241
917
987
1233
403
1067
413
1596
105
1537
181
719
1592
54
-379
79
340
113
-264
-1553
361
-100
809
-468
650
-172
-208
-329
187
-81
-2008
381
-7
-21
496
-1301
-347
-196
-1639
-885
725
-283
-516
-178
560
455
-648
305
259
142
-473
461
-599
387
352
96
-130
-415
384
-468
176
-208
-142
-504
111
-78
-43
-323
-1753
-713
-1434
122
-1697
164
-2114
-1374
-59
127
1136
1671
2080
1840
1218
-1173
1927
1342
2760
1464
2367
1435
1403
1191
2066
1994
-228
2761
2182
2264
2557
-272
1770
1447
-117
897
3027
2194
1599
2038
2823
2704
1401
2431
2303
2352
1476
2667
852
2568
2578
2711
2328
2404
3108
2010
2732
2075
2355
1338
1932
1413
1594
2247
1120
2006
1046
2666
990
2532
1034
1375
2468
41
163
527
751
660
285
-335
779
416
1159
201
964
225
92
68
619
550
-134
1033
492
462
795
-365
242
327
-342
-34
1061
375
255
508
984
921
64
798
744
670
174
819
-188
639
705
456
373
-52
584
-278
400
193
403
73
513
361
335
153
-774
-105
-679
452
-838
587
-838
-419
438
44
263
527
724
543
182
-1207
708
179
1150
196
1007
410
179
-101
522
425
-812
1154
672
601
954
-1188
360
340
-627
-145
1285
394
59
464
1094
965
-63
676
756
645
113
785
-944
624
743
857
682
655
1041
132
625
390
623
204
665
381
418
469
-683
255
-513
857
-809
865
-574
-156
712
245
3451
4526
5110
5056
4011
1433
4837
4161
6082
4562
5079
3647
4177
4446
5484
5575
3043
6129
5566
5933
5674
2859
4892
3994
2733
3980
6258
6154
5087
5669
6345
6459
5404
6385
5739
6344
5287
6817
5316
6160
6073
6225
5798
6053
7138
5966
6989
5859
6248
4467
4874
4001
4297
6149
5429
6229
5418
6465
5510
6165
5507
5584
6600
128
1983
2397
2584
2577
1893
1153
2652
2105
3236
2511
2604
1856
2016
2276
2823
2800
2206
3241
2984
3117
2834
1789
2467
1738
2394
2667
3057
3021
2624
2716
3052
3088
2772
3309
2707
3204
2773
3398
3098
2914
2931
3103
2930
3037
3365
2702
2870
2402
2647
1916
2181
1827
1888
2637
2505
2690
2358
2712
2489
2574
2519
2495
2767
31
117
551
613
270
-64
-1716
363
-99
834
-133
775
258
126
-237
131
-59
-1723
700
267
384
609
-1039
-108
50
-1364
-565
931
85
-173
120
793
671
-378
429
521
260
-208
475
-1331
314
327
291
160
207
686
63
376
-45
44
-270
367
221
304
64
-1139
-263
-960
502
-1243
570
-1200
-593
434
44
513
968
867
713
343
-178
459
-51
877
482
665
224
300
551
586
404
150
549
479
593
560
1515
220
-154
359
536
560
411
729
203
350
206
134
682
146
280
239
255
794
323
267
278
58
247
362
846
498
20
-355
-577
-370
-368
-212
-198
167
-475
-662
-269
-120
-247
-359
-465
-451
36
244
831
981
627
195
-1717
803
344
1358
78
1259
484
411
-21
516
340
-1835
1196
567
708
1046
-1300
223
539
-1294
-409
1493
515
-13
599
1451
1377
-64
925
1155
812
68
1170
-1426
880
903
686
580
400
1224
59
764
355
560
172
955
699
729
436
-1556
125
-656
1125
-1240
1284
-1409
-478
1159
71
1037
1558
1809
1707
1388
135
1504
1078
2117
1320
1877
1222
1343
1333
1669
1687
634
2089
1643
1763
1892
1179
1484
1436
782
1081
2274
1927
1736
1937
2260
2236
1501
2154
1988
2116
1682
2239
1090
1912
1976
1952
1783
1736
2315
1864
2372
1920
1892
1245
1434
1087
1235
1766
1533
1707
1227
1980
1126
2023
1270
1440
2060
48
1120
1751
1884
1785
1381
359
1670
1373
2182
1452
1936
1262
1345
1267
1659
1702
674
2165
1627
1782
1783
436
1378
1456
621
1132
2086
1937
1638
1960
2264
2349
1594
2264
2202
2320
1838
2519
928
2161
2222
2111
2048
1990
2569
1740
2346
2016
2168
1607
1973
1656
1701
2010
838
1904
1423
2342
1168
2470
1411
1740
2574
43
569
1129
1258
1089
699
-386
1187
846
1625
651
1420
731
685
499
914
835
-414
1468
893
996
1176
-553
604
764
-181
427
1509
995
714
1053
1549
1553
632
1399
1358
1247
772
1486
-95
1245
1264
1105
1031
976
1555
749
1383
1014
1259
791
1343
1074
1041
1009
-455
745
105
1387
-229
1484
-190
388
1437
29
-612
-96
43
-284
-624
-2381
-60
-400
361
-781
253
-378
-705
-1011
-442
-659
-2349
23
-500
-466
104
-2117
-664
-557
-2222
-1186
485
-510
-855
-630
320
44
-1180
-253
-71
-582
-1204
-485
-2283
-461
-455
-613
-793
-958
-290
-945
-268
-715
-477
-811
-69
-103
-73
-549
-2300
-1132
-2043
-58
-1770
-9
-2044
-1596
-364
586
9867
10132
12021
11890
10215
4221
11960
10873
14678
12902
12612
10754
12966
13449
14657
15137
8726
15310
15383
16245
14842
9888
14076
12189
10082
11431
16181
16837
13704
16120
16967
17822
16455
16886
15938
18473
16210
19989
17446
17308
17323
18033
17476
17564
19401
16348
17510
15682
16674
12932
12671
10585
11727
18603
22916
21438
21687
19498
20208
18270
18936
18606
20209
30
-519
107
392
86
-223
-2256
300
-237
871
-457
872
118
-182
-739
-106
-311
-2509
669
-63
-34
579
-2100
-344
-7
-2356
-1315
1106
-167
-511
-10
924
691
-1074
42
462
-21
-735
199
-2488
6
48
-122
-286
-513
340
-736
212
-273
35
-483
359
147
227
-146
-1870
-686
-1852
429
-2349
558
-2017
-1178
321
89
852
1548
1913
1567
1046
-1454
1697
1246
2526
1117
2262
1343
1294
893
1666
1597
-943
2546
1833
2058
2300
-666
1373
1469
-789
425
2851
1943
1267
1912
2832
2781
1177
2319
2468
2337
1420
2736
-74
2336
2392
2312
2103
1977
2983
1552
2455
1858
2159
1324
2122
1709
1854
2082
134
1740
670
2713
235
2755
425
1197
2774
36
160
361
483
284
79
-1062
530
167
820
-66
727
238
328
128
428
231
-1287
628
377
348
680
-1239
120
209
-777
-265
971
235
-205
305
909
852
53
427
571
350
-63
630
-631
395
359
338
239
225
659
106
504
175
382
120
446
243
221
298
-359
384
102
853
-111
803
-525
-84
797
587
9702
11805
12816
12321
10407
3388
10840
10446
13874
11783
11641
9262
10653
11465
14240
15332
11508
15515
14722
15673
14238
6377
13202
10622
8774
11920
14949
16754
14045
14970
16340
16871
15144
16876
16004
18325
15869
19255
14473
16832
17252
18037
17414
17515
19657
16280
17391
15852
16283
13289
13278
12002
12629
17275
15266
18606
18245
18970
22867
18836
23870
20923
20681
26
-79
200
346
87
-168
-1566
326
10
689
-277
619
57
9
-229
164
-8
-1585
478
84
92
541
-1295
-59
112
-1103
-523
892
30
-407
54
800
673
-289
339
476
159
-377
365
-1165
235
229
106
-14
-181
403
-267
304
-49
165
-146
319
157
165
76
-902
-45
-504
629
-584
636
-1120
-655
475
612
8588
10788
12422
12688
11119
6457
11164
10523
13523
11049
11356
9535
10787
10940
13132
14088
9416
15306
14865
16127
13879
6870
12832
10779
6921
10233
14888
16360
14240
15547
16055
16851
14468
15190
15437
18013
16184
19604
14904
16594
16836
17799
17383
17791
19872
16167
17313
16036
16497
13546
13403
12010
12786
17202
15685
18387
17147
18282
17692
18088
23016
22182
21330
357
5033
6288
7403
7489
6369
3682
7194
6801
8577
6492
7199
5827
6676
6621
7832
8181
3890
9282
8944
9847
8587
3930
7606
6774
3538
5694
9426
9651
7972
9338
9941
10541
8798
9211
9433
10562
9236
11971
8706
10298
10326
10641
10415
10664
12278
9575
10640
9690
10162
8203
8532
7457
7891
10424
8806
11034
10057
11198
8786
10948
11169
12013
12922
47
125
506
704
481
283
-1439
510
89
1000
158
947
448
263
-62
496
441
-799
1032
544
488
876
-1477
283
326
-877
-209
1174
449
162
483
1163
998
-132
705
886
859
369
905
-1030
526
642
715
591
447
938
119
677
399
650
267
673
522
562
587
-387
426
-255
1072
17
1151
386
437
1062
