1.00000000
0.00000000
0.00000000
0.00000000
0.00000000
0.00000000
0.00000000
0.00000000
0.00000000
0.00000000
0.00000000
0.00000000
0.00000000
0.00000000
0.00000000
0.00000000
0.00000000
0.00000000
0.00000000
0.00000000
0.00000000
0.00000000
0.00000000
0.00000000
0.00000000
0.00000000
0.00000000
0.00000000
0.00000000
0.00000000
0.00000000
0.00000000
0.00000000
0.00000000
0.00000000
0.00000000
0.00000000
0.00000000
0.00000000
0.00000000
0.00000000
0.00000000
0.00000000
0.00000000
0.00000000
0.00000000
0.00000000
0.00000000
0.00000000
0.00000000
0.00000000
0.00000000
0.00000000
0.00000000
0.00000000
0.00000000
0.00000000
0.00000000
0.00000000
0.00000000
0.00000000
0.00000000
0.00000000
0.00000000
0.43598311
0.56401689
0.00000000
0.00000000
0.00000000
0.00000000
0.00000000
0.00000000
0.00000000
0.00000000
0.00000000
0.00000000
0.00000000
0.00000000
0.00000000
0.00000000
0.00000000
0.00000000
0.00000000
0.00000000
0.00000000
0.00000000
0.00000000
0.00000000
0.00000000
0.00000000
0.00000000
0.00000000
0.00000000
0.00000000
0.00000000
0.00000000
0.00000000
0.00000000
0.00000000
0.00000000
0.00000000
0.00000000
0.00000000
0.00000000
0.00000000
0.00000000
0.00000000
0.00000000
0.00000000
0.00000000
0.00000000
0.00000000
0.00000000
0.00000000
0.00000000
0.00000000
0.00000000
0.00000000
0.00000000
0.00000000
0.00000000
0.00000000
0.00000000
0.00000000
0.00000000
0.00000000
0.00000000
0.00000000
0.27715473
0.34829806
0.37454721
0.00000000
0.00000000
0.00000000
0.00000000
0.00000000
0.00000000
0.00000000
0.00000000
0.00000000
0.00000000
0.00000000
0.00000000
0.00000000
0.00000000
0.00000000
0.00000000
0.00000000
0.00000000
0.00000000
0.00000000
0.00000000
0.00000000
0.00000000
0.00000000
0.00000000
0.00000000
0.00000000
0.00000000
0.00000000
0.00000000
0.00000000
0.00000000
0.00000000
0.00000000
0.00000000
0.00000000
0.00000000
0.00000000
0.00000000
0.00000000
0.00000000
0.00000000
0.00000000
0.00000000
0.00000000
0.00000000
0.00000000
0.00000000
0.00000000
0.00000000
0.00000000
0.00000000
0.00000000
0.00000000
0.00000000
0.00000000
0.00000000
0.00000000
0.00000000
0.00000000
0.00000000
0.23950968
0.24823511
0.25680025
0.25545495
0.00000000
0.00000000
0.00000000
0.00000000
0.00000000
0.00000000
0.00000000
0.00000000
0.00000000
0.00000000
0.00000000
0.00000000
0.00000000
0.00000000
0.00000000
0.00000000
0.00000000
0.00000000
0.00000000
0.00000000
0.00000000
0.00000000
0.00000000
0.00000000
0.00000000
0.00000000
0.00000000
0.00000000
0.00000000
0.00000000
0.00000000
0.00000000
0.00000000
0.00000000
0.00000000
0.00000000
0.00000000
0.00000000
0.00000000
0.00000000
0.00000000
0.00000000
0.00000000
0.00000000
0.00000000
0.00000000
0.00000000
0.00000000
0.00000000
0.00000000
0.00000000
0.00000000
0.00000000
0.00000000
0.00000000
0.00000000
0.00000000
0.00000000
0.00000000
0.00000000
0.20826682
0.19704857
0.20249140
0.20132043
0.19087277
0.00000000
0.00000000
0.00000000
0.00000000
0.00000000
0.00000000
0.00000000
0.00000000
0.00000000
0.00000000
0.00000000
0.00000000
0.00000000
0.00000000
0.00000000
0.00000000
0.00000000
0.00000000
0.00000000
0.00000000
0.00000000
0.00000000
0.00000000
0.00000000
0.00000000
0.00000000
0.00000000
0.00000000
0.00000000
0.00000000
0.00000000
0.00000000
0.00000000
0.00000000
0.00000000
0.00000000
0.00000000
0.00000000
0.00000000
0.00000000
0.00000000
0.00000000
0.00000000
0.00000000
0.00000000
0.00000000
0.00000000
0.00000000
0.00000000
0.00000000
0.00000000
0.00000000
0.00000000
0.00000000
0.00000000
0.00000000
0.00000000
0.00000000
0.00000000
0.15531741
0.16410597
0.17462952
0.17547235
0.16893439
0.16154035
0.00000000
0.00000000
0.00000000
0.00000000
0.00000000
0.00000000
0.00000000
0.00000000
0.00000000
0.00000000
0.00000000
0.00000000
0.00000000
0.00000000
0.00000000
0.00000000
0.00000000
0.00000000
0.00000000
0.00000000
0.00000000
0.00000000
0.00000000
0.00000000
0.00000000
0.00000000
0.00000000
0.00000000
0.00000000
0.00000000
0.00000000
0.00000000
0.00000000
0.00000000
0.00000000
0.00000000
0.00000000
0.00000000
0.00000000
0.00000000
0.00000000
0.00000000
0.00000000
0.00000000
0.00000000
0.00000000
0.00000000
0.00000000
0.00000000
0.00000000
0.00000000
0.00000000
0.00000000
0.00000000
0.00000000
0.00000000
0.00000000
0.00000000
0.02337488
0.09767526
0.15754844
0.15099934
0.19637158
0.10233626
0.27169423
0.00000000
0.00000000
0.00000000
0.00000000
0.00000000
0.00000000
0.00000000
0.00000000
0.00000000
0.00000000
0.00000000
0.00000000
0.00000000
0.00000000
0.00000000
0.00000000
0.00000000
0.00000000
0.00000000
0.00000000
0.00000000
0.00000000
0.00000000
0.00000000
0.00000000
0.00000000
0.00000000
0.00000000
0.00000000
0.00000000
0.00000000
0.00000000
0.00000000
0.00000000
0.00000000
0.00000000
0.00000000
0.00000000
0.00000000
0.00000000
0.00000000
0.00000000
0.00000000
0.00000000
0.00000000
0.00000000
0.00000000
0.00000000
0.00000000
0.00000000
0.00000000
0.00000000
0.00000000
0.00000000
0.00000000
0.00000000
0.00000000
0.13787449
0.12408490
0.12576631
0.12663632
0.12300339
0.12497063
0.11364693
0.12401703
0.00000000
0.00000000
0.00000000
0.00000000
0.00000000
0.00000000
0.00000000
0.00000000
0.00000000
0.00000000
0.00000000
0.00000000
0.00000000
0.00000000
0.00000000
0.00000000
0.00000000
0.00000000
0.00000000
0.00000000
0.00000000
0.00000000
0.00000000
0.00000000
0.00000000
0.00000000
0.00000000
0.00000000
0.00000000
0.00000000
0.00000000
0.00000000
0.00000000
0.00000000
0.00000000
0.00000000
0.00000000
0.00000000
0.00000000
0.00000000
0.00000000
0.00000000
0.00000000
0.00000000
0.00000000
0.00000000
0.00000000
0.00000000
0.00000000
0.00000000
0.00000000
0.00000000
0.00000000
0.00000000
0.00000000
0.00000000
0.10097801
0.11123397
0.11857444
0.12057636
0.11728400
0.11233486
0.09300135
0.11514759
0.11086942
0.00000000
0.00000000
0.00000000
0.00000000
0.00000000
0.00000000
0.00000000
0.00000000
0.00000000
0.00000000
0.00000000
0.00000000
0.00000000
0.00000000
0.00000000
0.00000000
0.00000000
0.00000000
0.00000000
0.00000000
0.00000000
0.00000000
0.00000000
0.00000000
0.00000000
0.00000000
0.00000000
0.00000000
0.00000000
0.00000000
0.00000000
0.00000000
0.00000000
0.00000000
0.00000000
0.00000000
0.00000000
0.00000000
0.00000000
0.00000000
0.00000000
0.00000000
0.00000000
0.00000000
0.00000000
0.00000000
0.00000000
0.00000000
0.00000000
0.00000000
0.00000000
0.00000000
0.00000000
0.00000000
0.00000000
0.09179913
0.09582255
0.10275137
0.10256040
0.10214600
0.09520589
0.09573870
0.10565890
0.09921564
0.10910142
0.00000000
0.00000000
0.00000000
0.00000000
0.00000000
0.00000000
0.00000000
0.00000000
0.00000000
0.00000000
0.00000000
0.00000000
0.00000000
0.00000000
0.00000000
0.00000000
0.00000000
0.00000000
0.00000000
0.00000000
0.00000000
0.00000000
0.00000000
0.00000000
0.00000000
0.00000000
0.00000000
0.00000000
0.00000000
0.00000000
0.00000000
0.00000000
0.00000000
0.00000000
0.00000000
0.00000000
0.00000000
0.00000000
0.00000000
0.00000000
0.00000000
0.00000000
0.00000000
0.00000000
0.00000000
0.00000000
0.00000000
0.00000000
0.00000000
0.00000000
0.00000000
0.00000000
0.00000000
0.00000000
0.08767042
0.08879035
0.09460832
0.09451519
0.09289513
0.08827689
0.08554760
0.09456692
0.09024991
0.09743458
0.08544469
0.00000000
0.00000000
0.00000000
0.00000000
0.00000000
0.00000000
0.00000000
0.00000000
0.00000000
0.00000000
0.00000000
0.00000000
0.00000000
0.00000000
0.00000000
0.00000000
0.00000000
0.00000000
0.00000000
0.00000000
0.00000000
0.00000000
0.00000000
0.00000000
0.00000000
0.00000000
0.00000000
0.00000000
0.00000000
0.00000000
0.00000000
0.00000000
0.00000000
0.00000000
0.00000000
0.00000000
0.00000000
0.00000000
0.00000000
0.00000000
0.00000000
0.00000000
0.00000000
0.00000000
0.00000000
0.00000000
0.00000000
0.00000000
0.00000000
0.00000000
0.00000000
0.00000000
0.00000000
0.06935678
0.08022227
0.08595719
0.08528261
0.08664657
0.07934053
0.08368333
0.08673195
0.08046844
0.09056301
0.08630591
0.08544141
0.00000000
0.00000000
0.00000000
0.00000000
0.00000000
0.00000000
0.00000000
0.00000000
0.00000000
0.00000000
0.00000000
0.00000000
0.00000000
0.00000000
0.00000000
0.00000000
0.00000000
0.00000000
0.00000000
0.00000000
0.00000000
0.00000000
0.00000000
0.00000000
0.00000000
0.00000000
0.00000000
0.00000000
0.00000000
0.00000000
0.00000000
0.00000000
0.00000000
0.00000000
0.00000000
0.00000000
0.00000000
0.00000000
0.00000000
0.00000000
0.00000000
0.00000000
0.00000000
0.00000000
0.00000000
0.00000000
0.00000000
0.00000000
0.00000000
0.00000000
0.00000000
0.00000000
0.07662920
0.07638641
0.07880618
0.08003152
0.07758261
0.07647004
0.06672326
0.07798265
0.07769306
0.08037379
0.07266837
0.08057633
0.07807658
0.00000000
0.00000000
0.00000000
0.00000000
0.00000000
0.00000000
0.00000000
0.00000000
0.00000000
0.00000000
0.00000000
0.00000000
0.00000000
0.00000000
0.00000000
0.00000000
0.00000000
0.00000000
0.00000000
0.00000000
0.00000000
0.00000000
0.00000000
0.00000000
0.00000000
0.00000000
0.00000000
0.00000000
0.00000000
0.00000000
0.00000000
0.00000000
0.00000000
0.00000000
0.00000000
0.00000000
0.00000000
0.00000000
0.00000000
0.00000000
0.00000000
0.00000000
0.00000000
0.00000000
0.00000000
0.00000000
0.00000000
0.00000000
0.00000000
0.00000000
0.00000000
0.06985897
0.07065080
0.07336097
0.07469757
0.07251496
0.07068173
0.06120211
0.07308054
0.07193801
0.07570147
0.06812269
0.07511560
0.07257053
0.07050406
0.00000000
0.00000000
0.00000000
0.00000000
0.00000000
0.00000000
0.00000000
0.00000000
0.00000000
0.00000000
0.00000000
0.00000000
0.00000000
0.00000000
0.00000000
0.00000000
0.00000000
0.00000000
0.00000000
0.00000000
0.00000000
0.00000000
0.00000000
0.00000000
0.00000000
0.00000000
0.00000000
0.00000000
0.00000000
0.00000000
0.00000000
0.00000000
0.00000000
0.00000000
0.00000000
0.00000000
0.00000000
0.00000000
0.00000000
0.00000000
0.00000000
0.00000000
0.00000000
0.00000000
0.00000000
0.00000000
0.00000000
0.00000000
0.00000000
0.00000000
0.04925699
0.06395965
0.07232273
0.07287884
0.07201474
0.06295971
0.05497102
0.07221992
0.06421211
0.08047438
0.06806861
0.07409305
0.06137476
0.06442325
0.06677022
0.00000000
0.00000000
0.00000000
0.00000000
0.00000000
0.00000000
0.00000000
0.00000000
0.00000000
0.00000000
0.00000000
0.00000000
0.00000000
0.00000000
0.00000000
0.00000000
0.00000000
0.00000000
0.00000000
0.00000000
0.00000000
0.00000000
0.00000000
0.00000000
0.00000000
0.00000000
0.00000000
0.00000000
0.00000000
0.00000000
0.00000000
0.00000000
0.00000000
0.00000000
0.00000000
0.00000000
0.00000000
0.00000000
0.00000000
0.00000000
0.00000000
0.00000000
0.00000000
0.00000000
0.00000000
0.00000000
0.00000000
0.00000000
0.00000000
0.06369733
0.06155934
0.06454633
0.06413797
0.06269463
0.06104951
0.05816066
0.06394875
0.06119666
0.06555712
0.06006220
0.06547110
0.06180909
0.06212100
0.06116318
0.06282512
0.00000000
0.00000000
0.00000000
0.00000000
0.00000000
0.00000000
0.00000000
0.00000000
0.00000000
0.00000000
0.00000000
0.00000000
0.00000000
0.00000000
0.00000000
0.00000000
0.00000000
0.00000000
0.00000000
0.00000000
0.00000000
0.00000000
0.00000000
0.00000000
0.00000000
0.00000000
0.00000000
0.00000000
0.00000000
0.00000000
0.00000000
0.00000000
0.00000000
0.00000000
0.00000000
0.00000000
0.00000000
0.00000000
0.00000000
0.00000000
0.00000000
0.00000000
0.00000000
0.00000000
0.00000000
0.00000000
0.00000000
0.00000000
0.06463603
0.05824149
0.06068778
0.06080743
0.05843939
0.05790469
0.05065154
0.05994198
0.05781605
0.06177995
0.05546123
0.06303646
0.06015883
0.05969978
0.05694953
0.05776546
0.05602239
0.00000000
0.00000000
0.00000000
0.00000000
0.00000000
0.00000000
0.00000000
0.00000000
0.00000000
0.00000000
0.00000000
0.00000000
0.00000000
0.00000000
0.00000000
0.00000000
0.00000000
0.00000000
0.00000000
0.00000000
0.00000000
0.00000000
0.00000000
0.00000000
0.00000000
0.00000000
0.00000000
0.00000000
0.00000000
0.00000000
0.00000000
0.00000000
0.00000000
0.00000000
0.00000000
0.00000000
0.00000000
0.00000000
0.00000000
0.00000000
0.00000000
0.00000000
0.00000000
0.00000000
0.00000000
0.00000000
0.00000000
0.00547858
0.03184095
0.04869891
0.04863500
0.05806798
0.03135687
0.04213066
0.04841199
0.03256329
0.06777035
0.05421751
0.03951820
0.02044391
0.02700324
0.04390506
0.08971025
0.09903830
0.21120894
0.00000000
0.00000000
0.00000000
0.00000000
0.00000000
0.00000000
0.00000000
0.00000000
0.00000000
0.00000000
0.00000000
0.00000000
0.00000000
0.00000000
0.00000000
0.00000000
0.00000000
0.00000000
0.00000000
0.00000000
0.00000000
0.00000000
0.00000000
0.00000000
0.00000000
0.00000000
0.00000000
0.00000000
0.00000000
0.00000000
0.00000000
0.00000000
0.00000000
0.00000000
0.00000000
0.00000000
0.00000000
0.00000000
0.00000000
0.00000000
0.00000000
0.00000000
0.00000000
0.00000000
0.00000000
0.00000000
0.04213588
0.05049032
0.05516384
0.05485084
0.05503722
0.04997363
0.05101235
0.05459336
0.05052901
0.05790384
0.05292284
0.05430736
0.04797497
0.04950555
0.05210685
0.05582575
0.05524842
0.05368695
0.05673101
0.00000000
0.00000000
0.00000000
0.00000000
0.00000000
0.00000000
0.00000000
0.00000000
0.00000000
0.00000000
0.00000000
0.00000000
0.00000000
0.00000000
0.00000000
0.00000000
0.00000000
0.00000000
0.00000000
0.00000000
0.00000000
0.00000000
0.00000000
0.00000000
0.00000000
0.00000000
0.00000000
0.00000000
0.00000000
0.00000000
0.00000000
0.00000000
0.00000000
0.00000000
0.00000000
0.00000000
0.00000000
0.00000000
0.00000000
0.00000000
0.00000000
0.00000000
0.00000000
0.00000000
0.00000000
0.05667591
0.04994149
0.05113038
0.05162512
0.05016606
0.05010022
0.04501055
0.05145592
0.04965269
0.05269240
0.04821243
0.05414785
0.05194244
0.05001258
0.04753664
0.04913382
0.04841332
0.04219641
0.05135467
0.04859910
0.00000000
0.00000000
0.00000000
0.00000000
0.00000000
0.00000000
0.00000000
0.00000000
0.00000000
0.00000000
0.00000000
0.00000000
0.00000000
0.00000000
0.00000000
0.00000000
0.00000000
0.00000000
0.00000000
0.00000000
0.00000000
0.00000000
0.00000000
0.00000000
0.00000000
0.00000000
0.00000000
0.00000000
0.00000000
0.00000000
0.00000000
0.00000000
0.00000000
0.00000000
0.00000000
0.00000000
0.00000000
0.00000000
0.00000000
0.00000000
0.00000000
0.00000000
0.00000000
0.00000000
0.04355347
0.04607839
0.04921062
0.04950769
0.04854740
0.04580190
0.04180243
0.04926450
0.04615914
0.05210340
0.04599779
0.05080286
0.04602296
0.04565179
0.04491841
0.04912454
0.04868572
0.04408089
0.05311659
0.04981200
0.04975752
0.00000000
0.00000000
0.00000000
0.00000000
0.00000000
0.00000000
0.00000000
0.00000000
0.00000000
0.00000000
0.00000000
0.00000000
0.00000000
0.00000000
0.00000000
0.00000000
0.00000000
0.00000000
0.00000000
0.00000000
0.00000000
0.00000000
0.00000000
0.00000000
0.00000000
0.00000000
0.00000000
0.00000000
0.00000000
0.00000000
0.00000000
0.00000000
0.00000000
0.00000000
0.00000000
0.00000000
0.00000000
0.00000000
0.00000000
0.00000000
0.00000000
0.00000000
0.00000000
0.04749376
0.04496011
0.04662353
0.04707981
0.04579429
0.04452437
0.03926820
0.04697689
0.04490111
0.04820058
0.04331810
0.04807942
0.04614136
0.04557932
0.04351765
0.04520678
0.04407838
0.03679295
0.04804260
0.04708496
0.04777524
0.04856058
0.00000000
0.00000000
0.00000000
0.00000000
0.00000000
0.00000000
0.00000000
0.00000000
0.00000000
0.00000000
0.00000000
0.00000000
0.00000000
0.00000000
0.00000000
0.00000000
0.00000000
0.00000000
0.00000000
0.00000000
0.00000000
0.00000000
0.00000000
0.00000000
0.00000000
0.00000000
0.00000000
0.00000000
0.00000000
0.00000000
0.00000000
0.00000000
0.00000000
0.00000000
0.00000000
0.00000000
0.00000000
0.00000000
0.00000000
0.00000000
0.00000000
0.00000000
0.00724629
0.02864551
0.03959845
0.04356308
0.05113759
0.03037590
0.03055258
0.04484972
0.03135186
0.05925899
0.04474188
0.03657832
0.02274704
0.02746677
0.03746549
0.05090868
0.05293100
0.05443473
0.05905831
0.05651049
0.06290055
0.04647344
0.08120335
0.00000000
0.00000000
0.00000000
0.00000000
0.00000000
0.00000000
0.00000000
0.00000000
0.00000000
0.00000000
0.00000000
0.00000000
0.00000000
0.00000000
0.00000000
0.00000000
0.00000000
0.00000000
0.00000000
0.00000000
0.00000000
0.00000000
0.00000000
0.00000000
0.00000000
0.00000000
0.00000000
0.00000000
0.00000000
0.00000000
0.00000000
0.00000000
0.00000000
0.00000000
0.00000000
0.00000000
0.00000000
0.00000000
0.00000000
0.00000000
0.00000000
0.05017803
0.04199917
0.04261022
0.04301310
0.04156937
0.04208197
0.03771596
0.04228970
0.04209579
0.04292377
0.04069176
0.04458496
0.04382074
0.04251707
0.04083896
0.04131994
0.04061168
0.03510730
0.04144674
0.04039451
0.04007312
0.04319706
0.03822285
0.04069621
0.00000000
0.00000000
0.00000000
0.00000000
0.00000000
0.00000000
0.00000000
0.00000000
0.00000000
0.00000000
0.00000000
0.00000000
0.00000000
0.00000000
0.00000000
0.00000000
0.00000000
0.00000000
0.00000000
0.00000000
0.00000000
0.00000000
0.00000000
0.00000000
0.00000000
0.00000000
0.00000000
0.00000000
0.00000000
0.00000000
0.00000000
0.00000000
0.00000000
0.00000000
0.00000000
0.00000000
0.00000000
0.00000000
0.00000000
0.00000000
0.03706529
0.03957185
0.04182473
0.04225254
0.04118437
0.03954588
0.03507645
0.04177899
0.04032370
0.04398873
0.03964553
0.04326313
0.04023995
0.04000287
0.03897024
0.04079861
0.04038110
0.03431713
0.04333894
0.04071388
0.04114833
0.04193472
0.03398454
0.03857989
0.04006859
0.00000000
0.00000000
0.00000000
0.00000000
0.00000000
0.00000000
0.00000000
0.00000000
0.00000000
0.00000000
0.00000000
0.00000000
0.00000000
0.00000000
0.00000000
0.00000000
0.00000000
0.00000000
0.00000000
0.00000000
0.00000000
0.00000000
0.00000000
0.00000000
0.00000000
0.00000000
0.00000000
0.00000000
0.00000000
0.00000000
0.00000000
0.00000000
0.00000000
0.00000000
0.00000000
0.00000000
0.00000000
0.00000000
0.00000000
0.00677917
0.02775397
0.03813163
0.03959003
0.04343483
0.02632518
0.02275963
0.04143841
0.02916760
0.05536017
0.04135235
0.03459689
0.02164472
0.02653631
0.03564991
0.04681571
0.04683621
0.05196715
0.05345520
0.04718085
0.05143535
0.03915060
0.03501585
0.04022761
0.02009260
0.07730207
0.00000000
0.00000000
0.00000000
0.00000000
0.00000000
0.00000000
0.00000000
0.00000000
0.00000000
0.00000000
0.00000000
0.00000000
0.00000000
0.00000000
0.00000000
0.00000000
0.00000000
0.00000000
0.00000000
0.00000000
0.00000000
0.00000000
0.00000000
0.00000000
0.00000000
0.00000000
0.00000000
0.00000000
0.00000000
0.00000000
0.00000000
0.00000000
0.00000000
0.00000000
0.00000000
0.00000000
0.00000000
0.00000000
0.01333989
0.03021338
0.03879204
0.04026248
0.04188022
0.03033263
0.02491240
0.04016128
0.03180792
0.04968673
0.03949016
0.03735077
0.02695752
0.03044903
0.03604578
0.04399410
0.04331578
0.04087062
0.04777267
0.04320690
0.04611365
0.03940814
0.03215789
0.03709822
0.02456858
0.04292415
0.04688706
0.00000000
0.00000000
0.00000000
0.00000000
0.00000000
0.00000000
0.00000000
0.00000000
0.00000000
0.00000000
0.00000000
0.00000000
0.00000000
0.00000000
0.00000000
0.00000000
0.00000000
0.00000000
0.00000000
0.00000000
0.00000000
0.00000000
0.00000000
0.00000000
0.00000000
0.00000000
0.00000000
0.00000000
0.00000000
0.00000000
0.00000000
0.00000000
0.00000000
0.00000000
0.00000000
0.00000000
0.00000000
0.03650664
0.03586519
0.03685182
0.03665074
0.03612515
0.03502358
0.03358606
0.03670693
0.03518107
0.03718805
0.03459318
0.03683569
0.03531607
0.03506577
0.03457047
0.03555648
0.03496997
0.03333343
0.03683972
0.03593197
0.03586519
0.03665876
0.03291299
0.03574764
0.03511568
0.03644677
0.03673908
0.03781590
0.00000000
0.00000000
0.00000000
0.00000000
0.00000000
0.00000000
0.00000000
0.00000000
0.00000000
0.00000000
0.00000000
0.00000000
0.00000000
0.00000000
0.00000000
0.00000000
0.00000000
0.00000000
0.00000000
0.00000000
0.00000000
0.00000000
0.00000000
0.00000000
0.00000000
0.00000000
0.00000000
0.00000000
0.00000000
0.00000000
0.00000000
0.00000000
0.00000000
0.00000000
0.00000000
0.00000000
0.04005196
0.03594374
0.03682760
0.03598309
0.03435549
0.03419421
0.03161046
0.03563435
0.03492405
0.03592801
0.03255833
0.03694465
0.03570852
0.03481340
0.03298146
0.03375552
0.03298146
0.02883442
0.03573588
0.03432167
0.03424664
0.03631934
0.03051939
0.03400763
0.03609746
0.03213008
0.03319508
0.03713921
0.03225690
0.00000000
0.00000000
0.00000000
0.00000000
0.00000000
0.00000000
0.00000000
0.00000000
0.00000000
0.00000000
0.00000000
0.00000000
0.00000000
0.00000000
0.00000000
0.00000000
0.00000000
0.00000000
0.00000000
0.00000000
0.00000000
0.00000000
0.00000000
0.00000000
0.00000000
0.00000000
0.00000000
0.00000000
0.00000000
0.00000000
0.00000000
0.00000000
0.00000000
0.00000000
0.00000000
0.01947807
0.02921595
0.03291342
0.03490161
0.03576376
0.03073767
0.02640636
0.03530107
0.03092998
0.04009637
0.03379295
0.03510462
0.02905972
0.03083874
0.03260156
0.03709911
0.03690476
0.03221149
0.04009637
0.03700991
0.03794074
0.03575594
0.02910746
0.03298192
0.02855536
0.03003281
0.03237404
0.03813220
0.03870393
0.03595210
0.00000000
0.00000000
0.00000000
0.00000000
0.00000000
0.00000000
0.00000000
0.00000000
0.00000000
0.00000000
0.00000000
0.00000000
0.00000000
0.00000000
0.00000000
0.00000000
0.00000000
0.00000000
0.00000000
0.00000000
0.00000000
0.00000000
0.00000000
0.00000000
0.00000000
0.00000000
0.00000000
0.00000000
0.00000000
0.00000000
0.00000000
0.00000000
0.00000000
0.00000000
0.02946410
0.03151865
0.03411355
0.03422947
0.03338969
0.03094451
0.02667439
0.03344088
0.03133981
0.03563599
0.03203325
0.03412102
0.03111429
0.03082960
0.03092420
0.03312403
0.03260974
0.02959011
0.03479595
0.03302270
0.03350682
0.03400547
0.02958364
0.03212452
0.03041410
0.03044407
0.03260974
0.03534085
0.03393856
0.03263830
0.03247798
0.00000000
0.00000000
0.00000000
0.00000000
0.00000000
0.00000000
0.00000000
0.00000000
0.00000000
0.00000000
0.00000000
0.00000000
0.00000000
0.00000000
0.00000000
0.00000000
0.00000000
0.00000000
0.00000000
0.00000000
0.00000000
0.00000000
0.00000000
0.00000000
0.00000000
0.00000000
0.00000000
0.00000000
0.00000000
0.00000000
0.00000000
0.00000000
0.00000000
0.03159626
0.03059594
0.03208052
0.03254370
0.03234843
0.03130374
0.02876475
0.03220010
0.03044232
0.03333301
0.03095290
0.03312213
0.03133801
0.03057920
0.02996639
0.03144794
0.03112612
0.02909397
0.03290177
0.03143074
0.03120114
0.03228831
0.02910671
0.03088861
0.03086496
0.02836777
0.02946241
0.03335491
0.03133458
0.03123188
0.03172444
0.03300635
0.00000000
0.00000000
0.00000000
0.00000000
0.00000000
0.00000000
0.00000000
0.00000000
0.00000000
0.00000000
0.00000000
0.00000000
0.00000000
0.00000000
0.00000000
0.00000000
0.00000000
0.00000000
0.00000000
0.00000000
0.00000000
0.00000000
0.00000000
0.00000000
0.00000000
0.00000000
0.00000000
0.00000000
0.00000000
0.00000000
0.00000000
0.00000000
0.02946333
0.02929615
0.03088957
0.03160070
0.03138360
0.03036674
0.02750962
0.03116799
0.02928653
0.03241676
0.02946655
0.03209557
0.03024735
0.02982012
0.02902492
0.03014492
0.02974190
0.02720130
0.03201489
0.03029373
0.03038336
0.03121919
0.02760612
0.02981685
0.02981685
0.02759706
0.02890132
0.03285243
0.03104205
0.03099453
0.03143515
0.03269821
0.03220463
0.00000000
0.00000000
0.00000000
0.00000000
0.00000000
0.00000000
0.00000000
0.00000000
0.00000000
0.00000000
0.00000000
0.00000000
0.00000000
0.00000000
0.00000000
0.00000000
0.00000000
0.00000000
0.00000000
0.00000000
0.00000000
0.00000000
0.00000000
0.00000000
0.00000000
0.00000000
0.00000000
0.00000000
0.00000000
0.00000000
0.00000000
0.02052534
0.02697763
0.03013352
0.03115961
0.03065233
0.02694222
0.02092676
0.03073966
0.02780787
0.03472483
0.02929468
0.03146455
0.02671909
0.02741209
0.02806158
0.03202380
0.03167875
0.02558600
0.03438076
0.03206588
0.03277897
0.03218892
0.02470287
0.02896319
0.02646593
0.02474345
0.02757455
0.03358134
0.03189789
0.02886827
0.03078342
0.03369913
0.03383955
0.03063556
0.00000000
0.00000000
0.00000000
0.00000000
0.00000000
0.00000000
0.00000000
0.00000000
0.00000000
0.00000000
0.00000000
0.00000000
0.00000000
0.00000000
0.00000000
0.00000000
0.00000000
0.00000000
0.00000000
0.00000000
0.00000000
0.00000000
0.00000000
0.00000000
0.00000000
0.00000000
0.00000000
0.00000000
0.00000000
0.00000000
0.01949027
0.02593874
0.02798225
0.02887815
0.02950743
0.02655623
0.02594726
0.02914482
0.02641422
0.03149600
0.02848272
0.02860453
0.02525534
0.02645182
0.02804970
0.03023634
0.03011087
0.02913206
0.03145811
0.03042219
0.03095952
0.02933038
0.02809270
0.02809577
0.02501605
0.02818816
0.02852326
0.03025288
0.03079396
0.02969206
0.02994329
0.03023634
0.03061589
0.02952358
0.03117710
0.00000000
0.00000000
0.00000000
0.00000000
0.00000000
0.00000000
0.00000000
0.00000000
0.00000000
0.00000000
0.00000000
0.00000000
0.00000000
0.00000000
0.00000000
0.00000000
0.00000000
0.00000000
0.00000000
0.00000000
0.00000000
0.00000000
0.00000000
0.00000000
0.00000000
0.00000000
0.00000000
0.00000000
0.00000000
0.02516754
0.02689599
0.02820104
0.02885975
0.02828448
0.02669367
0.02290212
0.02898000
0.02740400
0.03072723
0.02708501
0.02957912
0.02699919
0.02705243
0.02689599
0.02871484
0.02819178
0.02384058
0.02989476
0.02847391
0.02863326
0.02933415
0.02425369
0.02715920
0.02701101
0.02430417
0.02601599
0.03051947
0.02832785
0.02684894
0.02839612
0.03041944
0.03040280
0.02783924
0.03027996
0.02941129
0.00000000
0.00000000
0.00000000
0.00000000
0.00000000
0.00000000
0.00000000
0.00000000
0.00000000
0.00000000
0.00000000
0.00000000
0.00000000
0.00000000
0.00000000
0.00000000
0.00000000
0.00000000
0.00000000
0.00000000
0.00000000
0.00000000
0.00000000
0.00000000
0.00000000
0.00000000
0.00000000
0.00000000
0.02616181
0.02659768
0.02785471
0.02819819
0.02759985
0.02615608
0.02312898
0.02821054
0.02679926
0.02962796
0.02652502
0.02877485
0.02653082
0.02615036
0.02602475
0.02756061
0.02705265
0.02378085
0.02858967
0.02724874
0.02727260
0.02825688
0.02441634
0.02638317
0.02642941
0.02423268
0.02560948
0.02927988
0.02709117
0.02609605
0.02712379
0.02907236
0.02883158
0.02653082
0.02888843
0.02829401
0.02761797
0.00000000
0.00000000
0.00000000
0.00000000
0.00000000
0.00000000
0.00000000
0.00000000
0.00000000
0.00000000
0.00000000
0.00000000
0.00000000
0.00000000
0.00000000
0.00000000
0.00000000
0.00000000
0.00000000
0.00000000
0.00000000
0.00000000
0.00000000
0.00000000
0.00000000
0.00000000
0.00000000
0.01553663
0.02252182
0.02515371
0.02668485
0.02679311
0.02359913
0.01914813
0.02680484
0.02418208
0.03042936
0.02524195
0.02692831
0.02271985
0.02437336
0.02532218
0.02859875
0.02835879
0.02158089
0.03075743
0.02949501
0.03054612
0.02894824
0.02179925
0.02621597
0.02298994
0.02274721
0.02503837
0.02979997
0.02866454
0.02571872
0.02728425
0.02962116
0.03000940
0.02693421
0.03124593
0.02753619
0.03186747
0.02880289
0.00000000
0.00000000
0.00000000
0.00000000
0.00000000
0.00000000
0.00000000
0.00000000
0.00000000
0.00000000
0.00000000
0.00000000
0.00000000
0.00000000
0.00000000
0.00000000
0.00000000
0.00000000
0.00000000
0.00000000
0.00000000
0.00000000
0.00000000
0.00000000
0.00000000
0.00000000
0.02370234
0.02478182
0.02645481
0.02693385
0.02624433
0.02486603
0.02079018
0.02661742
0.02471412
0.02852024
0.02505449
0.02779618
0.02538843
0.02496964
0.02431975
0.02606117
0.02559485
0.02192575
0.02798541
0.02610113
0.02615545
0.02701650
0.02179896
0.02478724
0.02487691
0.02229349
0.02392121
0.02823765
0.02576063
0.02493142
0.02604122
0.02814510
0.02784794
0.02457658
0.02778098
0.02716770
0.02710237
0.02529415
0.02744258
0.00000000
0.00000000
0.00000000
0.00000000
0.00000000
0.00000000
0.00000000
0.00000000
0.00000000
0.00000000
0.00000000
0.00000000
0.00000000
0.00000000
0.00000000
0.00000000
0.00000000
0.00000000
0.00000000
0.00000000
0.00000000
0.00000000
0.00000000
0.00000000
0.00000000
0.00285007
0.01186002
0.01466014
0.01863006
0.02074351
0.01367007
0.00961049
0.02008238
0.01624127
0.02890500
0.02058072
0.01768645
0.01106753
0.01426609
0.01961972
0.02868444
0.03005324
0.01958754
0.03002037
0.02990234
0.03280632
0.02460473
0.01614558
0.02174765
0.01183668
0.01910280
0.02220697
0.02420946
0.03032080
0.02401947
0.02393813
0.02456707
0.02706521
0.02819585
0.03820410
0.02130715
0.04159903
0.03127788
0.04933693
0.10878671
0.00000000
0.00000000
0.00000000
0.00000000
0.00000000
0.00000000
0.00000000
0.00000000
0.00000000
0.00000000
0.00000000
0.00000000
0.00000000
0.00000000
0.00000000
0.00000000
0.00000000
0.00000000
0.00000000
0.00000000
0.00000000
0.00000000
0.00000000
0.00000000
0.02156611
0.02374610
0.02506232
0.02486020
0.02493376
0.02407577
0.02409158
0.02464082
0.02273162
0.02552453
0.02395489
0.02477601
0.02350310
0.02381897
0.02410477
0.02457081
0.02415229
0.02480585
0.02552173
0.02493921
0.02502396
0.02429809
0.02428746
0.02336207
0.02236400
0.02533530
0.02507329
0.02458157
0.02424232
0.02460041
0.02436465
0.02474620
0.02468130
0.02393917
0.02549382
0.02398112
0.02541305
0.02554409
0.02536027
0.02492557
0.02300186
0.00000000
0.00000000
0.00000000
0.00000000
0.00000000
0.00000000
0.00000000
0.00000000
0.00000000
0.00000000
0.00000000
0.00000000
0.00000000
0.00000000
0.00000000
0.00000000
0.00000000
0.00000000
0.00000000
0.00000000
0.00000000
0.00000000
0.00000000
0.02080659
0.02258374
0.02420615
0.02473362
0.02433096
0.02300779
0.01997663
0.02460405
0.02289728
0.02623345
0.02299520
0.02524219
0.02303298
0.02333742
0.02313401
0.02445374
0.02388253
0.01987415
0.02576968
0.02470117
0.02504410
0.02526430
0.02101941
0.02328640
0.02260847
0.02093448
0.02257880
0.02613602
0.02423530
0.02332210
0.02405564
0.02582049
0.02561225
0.02292234
0.02524219
0.02456101
0.02513470
0.02377562
0.02602472
0.02329915
0.02477697
0.02454221
0.00000000
0.00000000
0.00000000
0.00000000
0.00000000
0.00000000
0.00000000
0.00000000
0.00000000
0.00000000
0.00000000
0.00000000
0.00000000
0.00000000
0.00000000
0.00000000
0.00000000
0.00000000
0.00000000
0.00000000
0.00000000
0.00000000
0.02366663
0.02257142
0.02373146
0.02441901
0.02381992
0.02285725
0.01985027
0.02447519
0.02327115
0.02570494
0.02235266
0.02526157
0.02308852
0.02299775
0.02269525
0.02401359
0.02331958
0.01888614
0.02452881
0.02350918
0.02347319
0.02483944
0.02040527
0.02265059
0.02302797
0.01966434
0.02135561
0.02546974
0.02280978
0.02223556
0.02307337
0.02501400
0.02472824
0.02191669
0.02432567
0.02420353
0.02389563
0.02234043
0.02474448
0.02203452
0.02454492
0.02445110
0.02377565
0.00000000
0.00000000
0.00000000
0.00000000
0.00000000
0.00000000
0.00000000
0.00000000
0.00000000
0.00000000
0.00000000
0.00000000
0.00000000
0.00000000
0.00000000
0.00000000
0.00000000
0.00000000
0.00000000
0.00000000
0.00000000
0.01897333
0.02118822
0.02246568
0.02349398
0.02288500
0.02137920
0.01645747
0.02310391
0.02167127
0.02530885
0.02196252
0.02424353
0.02189294
0.02181641
0.02131613
0.02345802
0.02327392
0.01825041
0.02531162
0.02375768
0.02397181
0.02475285
0.01816275
0.02271038
0.02192170
0.01847344
0.02064127
0.02605921
0.02378889
0.02228937
0.02338625
0.02548393
0.02515424
0.02181164
0.02441391
0.02407434
0.02420377
0.02199138
0.02505260
0.02053988
0.02478266
0.02480980
0.02517351
0.02414029
0.00000000
0.00000000
0.00000000
0.00000000
0.00000000
0.00000000
0.00000000
0.00000000
0.00000000
0.00000000
0.00000000
0.00000000
0.00000000
0.00000000
0.00000000
0.00000000
0.00000000
0.00000000
0.00000000
0.00000000
0.02129725
0.02158347
0.02246052
0.02301786
0.02278979
0.02187354
0.02043877
0.02308850
0.02218936
0.02406881
0.02167341
0.02356066
0.02173040
0.02141643
0.02136026
0.02268778
0.02251712
0.02089329
0.02373923
0.02237466
0.02230133
0.02312896
0.02037178
0.02177086
0.02197430
0.02042312
0.02112318
0.02381208
0.02209003
0.02180186
0.02241387
0.02361228
0.02345006
0.02135092
0.02313655
0.02300024
0.02281475
0.02160947
0.02318978
0.02077020
0.02273748
0.02290229
0.02228669
0.02208519
0.02108161
0.00000000
0.00000000
0.00000000
0.00000000
0.00000000
0.00000000
0.00000000
0.00000000
0.00000000
0.00000000
0.00000000
0.00000000
0.00000000
0.00000000
0.00000000
0.00000000
0.00000000
0.00000000
0.00000000
0.02089180
0.02139850
0.02202569
0.02250566
0.02206429
0.02120968
0.01821898
0.02246629
0.02120271
0.02357961
0.02124219
0.02321351
0.02174550
0.02120271
0.02056293
0.02201365
0.02178122
0.01902374
0.02358993
0.02237796
0.02220477
0.02307927
0.01825690
0.02162685
0.02157957
0.01941278
0.02046416
0.02393053
0.02170746
0.02092612
0.02187437
0.02343556
0.02310707
0.02064861
0.02238776
0.02258460
0.02231194
0.02105014
0.02265639
0.01875093
0.02226073
0.02255250
0.02283559
0.02240246
0.02233637
0.02330004
0.00000000
0.00000000
0.00000000
0.00000000
0.00000000
0.00000000
0.00000000
0.00000000
0.00000000
0.00000000
0.00000000
0.00000000
0.00000000
0.00000000
0.00000000
0.00000000
0.00000000
0.00000000
0.01244260
0.01767141
0.01987736
0.02118909
0.02106426
0.01878816
0.01416997
0.02056546
0.01909909
0.02356704
0.01995582
0.02111734
0.01805451
0.01913256
0.01970411
0.02207426
0.02229517
0.01689980
0.02368856
0.02227322
0.02318591
0.02253801
0.01656294
0.02068961
0.01875324
0.01633614
0.01872453
0.02402532
0.02375345
0.02113583
0.02252568
0.02425514
0.02455960
0.02188186
0.02436153
0.02269889
0.02425248
0.02160349
0.02554081
0.02167216
0.02376905
0.02354384
0.02393872
0.02284591
0.02349237
0.02645390
0.02326978
0.00000000
0.00000000
0.00000000
0.00000000
0.00000000
0.00000000
0.00000000
0.00000000
0.00000000
0.00000000
0.00000000
0.00000000
0.00000000
0.00000000
0.00000000
0.00000000
0.00000000
0.01582988
0.01939249
0.02029122
0.02071071
0.02069485
0.01920244
0.01770880
0.02086540
0.01965311
0.02224233
0.02054593
0.02075609
0.01912485
0.01946264
0.02002432
0.02125950
0.02120606
0.01987153
0.02225450
0.02163737
0.02195457
0.02128511
0.01898515
0.02044725
0.01887949
0.02028456
0.02089967
0.02181090
0.02172515
0.02080156
0.02101204
0.02179897
0.02188501
0.02114119
0.02242072
0.02099135
0.02216458
0.02114350
0.02264014
0.02190897
0.02147226
0.02151224
0.02192096
0.02150989
0.02176322
0.02255853
0.02097987
0.02136912
0.00000000
0.00000000
0.00000000
0.00000000
0.00000000
0.00000000
0.00000000
0.00000000
0.00000000
0.00000000
0.00000000
0.00000000
0.00000000
0.00000000
0.00000000
0.00000000
0.02027256
0.02046424
0.02145956
0.02160565
0.02080975
0.02006291
0.01674501
0.02102260
0.01998622
0.02213451
0.01991200
0.02199207
0.02078244
0.02048441
0.01968668
0.02049562
0.02007389
0.01673219
0.02181232
0.02080291
0.02107096
0.02159619
0.01803261
0.01996655
0.02031476
0.01740258
0.01899261
0.02237071
0.02039271
0.01982503
0.02047096
0.02203543
0.02174321
0.01938526
0.02117498
0.02138923
0.02078699
0.01974925
0.02128183
0.01746553
0.02091018
0.02093995
0.02085762
0.02056076
0.02066678
0.02177893
0.02034368
0.02105253
0.02010467
0.00000000
0.00000000
0.00000000
0.00000000
0.00000000
0.00000000
0.00000000
0.00000000
0.00000000
0.00000000
0.00000000
0.00000000
0.00000000
0.00000000
0.00000000
0.01921924
0.02023134
0.02126414
0.02103042
0.02067899
0.01985847
0.01875798
0.02011215
0.01902048
0.02105345
0.02016283
0.02057066
0.01960155
0.01976525
0.02031564
0.02039360
0.01999147
0.01944347
0.02031120
0.02015621
0.02040923
0.02033566
0.02257580
0.01959297
0.01880731
0.01989327
0.02028233
0.02033566
0.02000679
0.02071523
0.01955656
0.01987369
0.01956298
0.01940946
0.02060896
0.01943496
0.01972204
0.01963375
0.01966816
0.02086310
0.01981506
0.01969400
0.01971772
0.01924871
0.01965095
0.01989980
0.02098215
0.02019816
0.01916883
0.01839816
0.00000000
0.00000000
0.00000000
0.00000000
0.00000000
0.00000000
0.00000000
0.00000000
0.00000000
0.00000000
0.00000000
0.00000000
0.00000000
0.00000000
0.01875919
0.01919106
0.02046422
0.02080289
0.02001246
0.01908844
0.01548481
0.02040162
0.01940222
0.02167904
0.01884561
0.02144545
0.01970174
0.01954499
0.01864255
0.01977085
0.01939373
0.01528615
0.02129812
0.01988150
0.02019063
0.02095139
0.01620776
0.01914701
0.01982067
0.01621840
0.01786760
0.02200167
0.01976869
0.01865888
0.01995124
0.02190079
0.02172416
0.01855504
0.02067581
0.02120278
0.02042172
0.01882500
0.02123761
0.01598582
0.02057424
0.02062609
0.02014208
0.01990980
0.01952148
0.02136348
0.01880647
0.02031474
0.01942559
0.01986627
0.01904046
0.00000000
0.00000000
0.00000000
0.00000000
0.00000000
0.00000000
0.00000000
0.00000000
0.00000000
0.00000000
0.00000000
0.00000000
0.00000000
0.01620351
0.01801012
0.01906673
0.01959768
0.01938015
0.01871532
0.01631738
0.01895440
0.01809110
0.02026944
0.01857658
0.01974405
0.01837843
0.01862339
0.01860302
0.01929973
0.01933779
0.01723315
0.02020743
0.01924490
0.01949928
0.01977648
0.01829215
0.01891296
0.01881388
0.01751451
0.01809704
0.02062068
0.01985237
0.01944175
0.01987410
0.02058911
0.02053511
0.01894818
0.02035167
0.01998533
0.02026722
0.01932721
0.02054185
0.01811487
0.01981981
0.01995910
0.01990675
0.01954200
0.01944175
0.02071340
0.01971598
0.02084300
0.01983717
0.01977648
0.01842474
0.01880976
0.00000000
0.00000000
0.00000000
0.00000000
0.00000000
0.00000000
0.00000000
0.00000000
0.00000000
0.00000000
0.00000000
0.00000000
0.01573121
0.01768916
0.01895372
0.01923158
0.01902437
0.01820165
0.01627578
0.01878646
0.01818573
0.01986905
0.01834362
0.01934133
0.01796617
0.01813009
0.01797600
0.01876387
0.01885236
0.01684658
0.01983212
0.01869828
0.01901812
0.01902021
0.01641350
0.01819568
0.01835165
0.01674916
0.01771240
0.01966142
0.01934344
0.01872080
0.01939219
0.02004813
0.02023548
0.01863088
0.02004813
0.01991258
0.02017136
0.01913502
0.02061543
0.01732139
0.01982344
0.01995620
0.01971528
0.01957983
0.01945595
0.02072853
0.01893092
0.02022883
0.01951139
0.01983863
0.01865740
0.01941979
0.01875771
0.00000000
0.00000000
0.00000000
0.00000000
0.00000000
0.00000000
0.00000000
0.00000000
0.00000000
0.00000000
0.00000000
0.01682172
0.01781836
0.01894439
0.01921371
0.01886165
0.01807364
0.01605029
0.01906501
0.01836672
0.02000103
0.01797896
0.01955735
0.01813704
0.01804597
0.01768239
0.01850390
0.01834462
0.01600119
0.01966034
0.01846142
0.01867068
0.01904208
0.01575964
0.01788673
0.01820265
0.01641440
0.01754362
0.01974875
0.01866863
0.01810333
0.01878750
0.01983538
0.01984406
0.01794162
0.01951246
0.01942511
0.01919060
0.01821859
0.01969911
0.01656960
0.01918640
0.01922633
0.01889471
0.01874232
0.01862986
0.01984841
0.01817280
0.01947833
0.01870749
0.01921581
0.01825651
0.01939325
0.01883072
0.01876284
0.00000000
0.00000000
0.00000000
0.00000000
0.00000000
0.00000000
0.00000000
0.00000000
0.00000000
0.00000000
0.01940786
0.01809319
0.01914420
0.01943761
0.01875438
0.01806945
0.01490892
0.01921976
0.01851783
0.02012590
0.01776166
0.01988945
0.01856246
0.01790999
0.01732022
0.01843292
0.01800037
0.01496122
0.01939512
0.01831630
0.01838457
0.01956779
0.01534590
0.01799053
0.01820241
0.01517059
0.01699169
0.02040085
0.01829627
0.01761842
0.01805759
0.02003581
0.01943974
0.01700285
0.01881811
0.01919664
0.01815268
0.01695826
0.01834639
0.01506966
0.01839463
0.01840671
0.01809121
0.01773836
0.01742096
0.01874207
0.01744576
0.01878725
0.01789041
0.01836246
0.01770345
0.01920084
0.01912954
0.01919244
0.01821835
0.00000000
0.00000000
0.00000000
0.00000000
0.00000000
0.00000000
0.00000000
0.00000000
0.00000000
0.00369826
0.01021083
0.01051126
0.01292488
0.01274092
0.01060716
0.00550483
0.01283889
0.01139908
0.01728606
0.01423294
0.01378836
0.01125160
0.01433296
0.01511088
0.01724638
0.01817646
0.00901233
0.01852383
0.01867239
0.02051942
0.01759907
0.01023432
0.01618404
0.01316468
0.01045391
0.01211679
0.02037622
0.02189268
0.01553847
0.02024066
0.02220634
0.02438425
0.02099641
0.02201038
0.01984154
0.02618467
0.02044098
0.03090954
0.02340133
0.02305061
0.02308847
0.02495381
0.02347828
0.02370546
0.02898336
0.02075200
0.02356580
0.01929343
0.02150565
0.01427974
0.01387767
0.01104544
0.01251568
0.02655982
0.04257879
0.00000000
0.00000000
0.00000000
0.00000000
0.00000000
0.00000000
0.00000000
0.00000000
0.01804524
0.01699309
0.01819793
0.01877440
0.01815616
0.01755251
0.01405155
0.01858635
0.01752564
0.01978472
0.01710877
0.01978688
0.01821985
0.01763144
0.01658889
0.01777868
0.01738430
0.01366787
0.01935219
0.01786253
0.01791931
0.01916254
0.01429348
0.01732164
0.01797233
0.01389863
0.01557557
0.02030008
0.01766040
0.01700797
0.01796643
0.01989980
0.01939884
0.01599179
0.01806895
0.01891877
0.01794482
0.01659615
0.01838206
0.01369932
0.01799791
0.01808082
0.01774758
0.01743192
0.01700425
0.01866788
0.01659433
0.01840823
0.01745674
0.01805512
0.01706017
0.01870673
0.01827776
0.01843847
0.01770103
0.01465779
0.01668538
0.00000000
0.00000000
0.00000000
0.00000000
0.00000000
0.00000000
0.00000000
0.01459668
0.01586771
0.01712342
0.01782119
0.01715906
0.01620817
0.01232893
0.01740490
0.01656680
0.01905761
0.01633458
0.01851494
0.01674358
0.01665404
0.01593906
0.01734596
0.01721548
0.01303797
0.01909936
0.01766586
0.01810621
0.01859209
0.01343921
0.01679864
0.01697603
0.01325954
0.01514335
0.01974756
0.01787979
0.01660491
0.01781924
0.01970655
0.01959688
0.01644218
0.01863078
0.01893704
0.01866751
0.01688525
0.01950062
0.01433863
0.01866547
0.01878020
0.01861652
0.01819559
0.01794643
0.02003487
0.01713092
0.01891012
0.01771425
0.01830743
0.01670880
0.01823346
0.01742777
0.01770650
0.01815382
0.01466873
0.01748699
0.01555482
0.00000000
0.00000000
0.00000000
0.00000000
0.00000000
0.00000000
0.01659711
0.01682385
0.01719798
0.01742912
0.01705369
0.01667539
0.01471810
0.01751899
0.01683674
0.01808385
0.01641289
0.01790074
0.01696806
0.01713599
0.01676504
0.01732454
0.01695507
0.01436015
0.01770787
0.01722812
0.01717354
0.01780892
0.01443578
0.01675037
0.01691430
0.01518434
0.01605935
0.01838513
0.01696249
0.01616514
0.01709292
0.01826082
0.01814728
0.01662801
0.01732264
0.01759776
0.01717730
0.01641828
0.01771174
0.01542888
0.01726209
0.01719422
0.01715476
0.01696992
0.01694394
0.01776804
0.01672473
0.01746922
0.01685149
0.01723755
0.01675037
0.01735869
0.01697735
0.01693652
0.01707983
0.01589501
0.01724132
0.01671741
0.01814927
0.00000000
0.00000000
0.00000000
0.00000000
0.00000000
0.00349849
0.00948541
0.01193981
0.01333656
0.01263338
0.01024613
0.00475328
0.01074330
0.01028995
0.01497350
0.01191110
0.01172745
0.00903953
0.01052569
0.01150376
0.01558536
0.01756356
0.01155801
0.01791881
0.01642946
0.01823131
0.01558195
0.00659236
0.01391194
0.01049005
0.00856948
0.01209101
0.01684267
0.02052063
0.01525632
0.01688142
0.01961173
0.02078504
0.01720593
0.02079642
0.01890376
0.02436968
0.01862655
0.02698029
0.01598784
0.02069653
0.02166992
0.02361365
0.02205749
0.02230262
0.02819363
0.01948339
0.02200204
0.01859193
0.01948979
0.01404502
0.01402812
0.01220000
0.01306643
0.02172453
0.01743717
0.02513066
0.02415728
0.02615185
0.04005907
0.00000000
0.00000000
0.00000000
0.00000000
0.01643596
0.01624820
0.01675190
0.01702169
0.01654604
0.01609072
0.01380823
0.01698447
0.01640721
0.01767271
0.01589994
0.01753785
0.01649181
0.01640541
0.01598368
0.01668604
0.01637492
0.01377955
0.01726934
0.01654061
0.01655509
0.01738880
0.01422384
0.01628379
0.01659136
0.01452584
0.01547764
0.01806967
0.01644316
0.01567536
0.01648640
0.01788867
0.01764179
0.01587908
0.01700865
0.01726556
0.01667691
0.01572690
0.01705711
0.01442762
0.01681619
0.01680515
0.01658047
0.01636418
0.01606785
0.01712819
0.01591735
0.01694364
0.01630162
0.01668787
0.01612951
0.01697147
0.01667327
0.01668787
0.01652613
0.01484887
0.01630876
0.01550985
0.01755706
0.01537467
0.01757051
0.00000000
0.00000000
0.00000000
0.00341409
0.00817187
0.01039615
0.01243157
0.01279874
0.01077961
0.00647216
0.01083282
0.01009902
0.01402326
0.01069735
0.01106282
0.00906413
0.01039502
0.01057052
0.01343592
0.01491763
0.00894686
0.01704446
0.01624147
0.01864661
0.01458033
0.00677137
0.01300201
0.01038592
0.00680926
0.00978357
0.01628240
0.01912815
0.01516783
0.01749993
0.01850028
0.02018398
0.01555101
0.01682947
0.01729055
0.02292076
0.01876328
0.02727964
0.01631094
0.01962426
0.02015088
0.02239025
0.02139386
0.02237066
0.02809150
0.01872841
0.02123062
0.01846185
0.01941706
0.01405860
0.01384033
0.01188355
0.01293673
0.02097430
0.01776620
0.02387826
0.02084845
0.02360548
0.02212962
0.02310964
0.03962674
0.00000000
0.00000000
0.00635862
0.01060674
0.01216813
0.01374714
0.01387712
0.01227646
0.00914909
0.01343631
0.01287073
0.01563165
0.01244281
0.01344366
0.01156952
0.01269588
0.01261970
0.01440787
0.01496875
0.00935972
0.01688530
0.01627218
0.01796219
0.01564876
0.00940078
0.01405593
0.01283276
0.00900605
0.01140236
0.01715347
0.01758105
0.01463030
0.01698908
0.01814791
0.01937941
0.01601428
0.01675462
0.01716662
0.01942400
0.01680052
0.02266204
0.01585387
0.01887089
0.01892880
0.01959264
0.01911405
0.01964201
0.02343628
0.01743544
0.01959049
0.01765624
0.01859213
0.01500483
0.01555486
0.01382861
0.01450119
0.01913288
0.01602830
0.02045359
0.01837974
0.02082396
0.01599326
0.02026201
0.02075799
0.02276643
0.00000000
0.01503558
0.01516447
0.01581006
0.01615635
0.01576687
0.01542893
0.01277911
0.01581698
0.01510484
0.01668822
0.01521932
0.01659172
0.01571003
0.01539520
0.01485731
0.01579277
0.01569801
0.01370615
0.01674676
0.01587594
0.01577895
0.01646331
0.01272608
0.01542893
0.01550170
0.01358966
0.01462023
0.01700901
0.01571175
0.01522599
0.01577032
0.01698855
0.01668457
0.01474394
0.01615811
0.01648133
0.01643271
0.01557481
0.01651564
0.01336404
0.01584470
0.01604710
0.01617580
0.01595780
0.01570832
0.01657538
0.01515451
0.01610868
0.01562602
0.01606116
0.01540194
0.01610163
0.01583776
0.01590724
0.01595082
0.01433822
0.01567226
0.01454683
0.01682022
0.01498631
0.01696626
0.01560381
0.01569114
0.01680183
