-0.00121089
-0.00014629
0.00108328
0.00109492
-0.00266457
0.00251360
-0.00154005
0.00083639
-0.00031886
-0.00214313
0.00523211
-0.00111727
-0.00225374
-0.00173895
-0.00028142
-0.00141606
0.00170100
-0.00101774
-0.00188704
0.00200382
0.00059697
-0.00023214
-0.00221215
0.00092029
0.00044867
-0.00013561
0.00202290
0.00123713
0.00266414
0.00877305
-0.00258493
0.00134012
0.00413846
0.00097008
-0.00049024
0.00870968
0.00153930
0.00365457
-0.00520686
0.00135520
-0.00166927
-0.00152804
0.00148100
0.00112663
0.00280147
-0.00304048
-0.00305717
-0.00079540
-0.00209035
0.00142636
-0.00209644
-0.00070265
0.00142764
-0.00036995
-0.00356363
-0.00093578
0.00250787
-0.00068279
-0.00314164
-0.00122238
0.00051380
-0.00212585
-0.00026191
-0.00068051
0.00041866
0.00192845
0.00128063
0.00202005
0.00051456
0.00115053
-0.00072864
0.00023236
-0.00100470
0.00177837
0.00315556
0.00147540
-0.00410629
-0.00108526
0.00169832
0.00102345
-0.00038599
0.00020533
0.00046903
0.00240980
0.00193582
-0.00208294
0.00096523
0.00270189
0.00061299
-0.00197260
0.00105953
0.00127922
0.00169536
-0.03302955
0.00156618
-0.00032798
0.00223857
0.00028193
0.00075697
0.00536813
-0.00078797
0.00362753
-0.00375631
0.00293596
0.00152398
-0.00033881
0.00187278
0.00401924
0.00388483
-0.00052861
-0.00253414
0.00000189
0.00190708
-0.00006511
0.00027274
-0.00116604
0.00204549
0.00297529
-0.00109007
0.00022247
0.00200991
-0.00237236
-0.00229666
0.00018464
0.00173626
-0.00326860
0.00026215
-0.00020408
0.00021854
0.00177504
0.00028320
0.00150385
0.00079602
0.00055910
0.00090031
0.00022899
-0.00149128
0.00219396
0.00142408
0.00115465
-0.00172182
-0.00082758
0.00146362
0.00094156
0.00020433
0.00052422
0.00050353
0.00130278
0.00129681
-0.00093349
0.00119170
0.00259872
0.00097599
-0.00174879
0.00080982
0.00109065
0.00206244
-0.03440915
0.00018437
0.00008314
0.00172575
-0.00010911
0.00045628
0.00320365
-0.00169797
0.00127555
-0.00149358
0.00126688
0.00098047
0.00032860
0.00130365
0.00355084
0.00277580
-0.00027375
-0.00124686
-0.00079112
0.00146754
-0.00055274
-0.00015513
-0.00100607
0.00018608
0.00110646
-0.00074928
0.00051252
0.00084928
-0.00106648
-0.00122052
0.00042874
0.00199574
-0.00237515
0.00051117
-0.00015746
0.00079982
0.00333330
0.00052249
0.00253075
0.00146636
0.00068068
0.00152568
-0.00088851
-0.00141125
0.00142433
0.00111440
0.00072778
-0.00366167
0.00032971
0.00142322
0.00160333
0.00031509
0.00111759
0.00046789
0.00126182
0.00268894
-0.00015219
0.00122601
0.00270846
0.00057311
-0.00122556
0.00079807
0.00131812
0.00226050
-0.02886726
0.00029870
0.00017260
0.00050041
0.00079254
-0.00044194
0.00206865
-0.00251529
0.00215072
-0.00118670
0.00055579
0.00101811
0.00061679
0.00194853
0.00191414
0.00141217
0.00018446
-0.00176827
-0.00048998
0.00050323
-0.00040539
0.00155898
-0.00057577
-0.00063388
0.00080951
0.00043783
-0.00027855
0.00041056
-0.00177715
-0.00074904
0.00049296
0.00046974
-0.00112345
-0.00057316
-0.00072156
-0.00035050
0.00364735
0.00048832
0.00213224
-0.00006302
0.00058851
0.00083931
-0.00096096
-0.00237827
0.00147344
0.00151894
0.00005059
-0.00416259
-0.00019674
0.00076545
0.00288296
0.00109238
-0.00003035
0.00036960
0.00047016
0.00188080
0.00075548
0.00120695
0.00215735
0.00161539
-0.00085304
0.00004780
0.00058008
0.00279564
-0.02346483
0.00068159
-0.00072358
0.00052157
0.00056969
-0.00054708
0.00171278
-0.00314438
0.00167719
-0.00203766
0.00049441
0.00026646
-0.00030816
0.00227285
0.00185924
0.00147385
0.00058536
-0.00119665
-0.00021733
0.00044113
-0.00030036
0.00103156
-0.00091861
-0.00006515
0.00059279
0.00137689
-0.00146097
0.00103617
-0.00115074
-0.00064090
0.00003740
0.00076476
-0.00082580
0.00021698
-0.00008064
0.00023987
0.00300552
0.00034013
0.00240511
-0.00032958
0.00078456
0.00062586
-0.00130185
-0.00225906
0.00132268
0.00168510
-0.00033281
-0.00334614
-0.00001419
0.00232181
0.00239447
0.00068216
0.00011671
0.00036266
0.00128897
0.00273891
0.00115930
0.00108043
0.00210403
0.00138576
-0.00094801
0.00047331
0.00029016
0.00271313
-0.02842114
0.00099308
-0.00088638
-0.00056738
0.00078665
-0.00088815
0.00196040
-0.00379867
0.00173937
-0.00157846
-0.00004983
0.00071213
-0.00059706
0.00258444
0.00143225
0.00130629
0.00045038
-0.00130030
-0.00038189
0.00029963
-0.00026582
0.00202058
-0.00087883
0.00074852
0.00083119
0.00177331
-0.00092170
0.00058390
-0.00149600
-0.00088347
-0.00049758
0.00079370
-0.00048929
-0.00043736
0.00044696
0.00000275
0.00329091
0.00150694
0.00148993
-0.00038397
0.00116960
0.00060528
0.00007780
-0.00187261
0.00191498
0.00167996
-0.00046042
0.00289643
-0.00032108
0.00159012
0.00263190
0.00050975
0.00125965
0.00004417
0.00176323
0.00165549
0.00108736
0.00097103
0.00126757
0.00025296
-0.00029087
0.00133031
-0.00055359
0.00283571
-0.04354376
-0.00026191
-0.00183607
0.00001775
-0.00001554
-0.00182134
-0.00096002
-0.00310470
0.00047974
-0.00088824
-0.00064840
0.00118876
-0.00056654
0.00121864
0.00092858
0.00069312
0.00048461
-0.00155994
-0.00064543
0.00030314
0.00041356
0.00172774
-0.00041448
0.00029204
0.00038319
0.00284816
-0.00209757
-0.00007265
0.00027192
-0.00073601
0.00091566
0.00110167
0.00151207
-0.00080190
0.00075954
0.00019508
0.00222294
0.00043200
0.00142623
-0.00114995
0.00101549
0.00018999
-0.00067200
-0.00167350
0.00130673
0.00148139
-0.00057156
-0.00088624
-0.00072844
0.00201247
0.00217966
0.00087458
-0.00030854
-0.00030312
0.00193039
0.00175330
0.00118326
0.00086432
0.00135176
0.00047025
-0.00061021
0.00042794
0.00008938
0.00294864
-0.03311381
-0.00060336
-0.00106236
0.00022756
0.00049233
-0.00108093
0.00127352
-0.00207125
0.00155131
-0.00137860
0.00002980
0.00075726
-0.00104541
0.00119238
0.00138304
0.00080719
-0.00065096
-0.00211357
-0.00079118
0.00060656
-0.00050444
0.00119830
-0.00069175
0.00138462
0.00021450
0.00139595
-0.00136522
-0.00029778
-0.00118600
-0.00113927
-0.00014277
0.00065708
-0.00016719
-0.00088476
0.00117482
