-0.00121089
-0.00014629
0.00108328
0.00109492
-0.00266457
0.00251360
-0.00154005
0.00083639
-0.00031886
-0.00214313
0.00523211
-0.00111727
-0.00225374
-0.00173895
-0.00028142
-0.00141606
0.00170100
-0.00101774
-0.00188704
0.00200382
0.00059697
-0.00023214
-0.00221215
0.00092029
0.00044867
-0.00013561
0.00202290
0.00123713
0.00266414
0.00877305
-0.00258493
0.00134012
0.00413846
0.00097008
-0.00049024
0.00870968
0.00153930
0.00365457
-0.00520686
0.00135520
-0.00166927
-0.00152804
0.00148100
0.00112663
0.00280147
-0.00304048
-0.00305717
-0.00079540
-0.00209035
0.00142636
-0.00209644
-0.00070265
0.00142764
-0.00036995
-0.00356363
-0.00093578
0.00250787
-0.00068279
-0.00314164
-0.00122238
0.00051380
-0.00212585
-0.00026191
-0.00068051
0.00167830
0.00353222
0.00143319
0.00273518
0.00297202
0.00009689
-0.00010143
-0.00023455
-0.00153484
0.00480968
0.00155040
0.00347953
-0.00553829
-0.00057996
0.00322865
0.00290918
-0.00199923
0.00115076
0.00229026
0.00272363
0.00297075
-0.00351360
0.00342133
0.00407906
0.00074000
-0.00339259
0.00031486
0.00131175
0.00094650
-0.06534281
0.00477498
-0.00161741
0.00076997
-0.00025001
0.00172105
0.00278513
-0.00258694
0.00360662
-0.00263505
0.00415787
0.00399235
0.00058046
0.00217563
0.00625523
0.00472226
0.00141305
-0.00212984
0.00061819
0.00499708
-0.00121800
0.00210411
-0.00152423
0.00252308
0.00556115
0.00082198
0.00111779
0.00162499
-0.00367840
-0.00164349
0.00127227
0.00268121
-0.00415194
0.00066726
0.00016419
-0.00008117
0.00156274
-0.00137823
0.00066143
0.00133325
-0.00045735
0.00363764
0.00021057
-0.00231833
0.00297087
-0.00151122
0.00067388
0.00222081
-0.00038346
0.00111356
0.00085642
0.00114595
0.00108259
0.00061098
-0.00053724
0.00025805
0.00094682
0.00163709
0.00246411
0.00158565
-0.00141390
0.00037244
0.00077665
0.00265493
-0.03759704
-0.00203531
0.00073437
0.00082920
-0.00077666
-0.00001946
-0.00048147
-0.00326679
-0.00265256
0.00231563
-0.00148687
0.00014040
0.00146826
0.00036155
0.00282984
0.00094676
0.00020497
0.00091382
-0.00209849
0.00081811
-0.00139859
-0.00081951
-0.00074875
-0.00290586
-0.00194353
-0.00012787
0.00102136
-0.00109937
0.00107847
0.00059438
0.00086611
0.00245490
-0.00090736
0.00093808
-0.00006952
0.00271699
0.00818231
0.00102247
0.00555749
0.00401016
0.00067349
0.00385808
-0.00424611
-0.00140348
-0.00007525
-0.00053053
-0.00016212
-0.00907158
0.00387014
0.00157835
0.00391615
0.00042936
0.00312257
0.00076112
0.00095418
0.00682017
0.00208441
0.00190304
0.00329881
-0.00049026
0.00004762
0.00054713
0.00194455
0.00276242
-0.01993770
0.00099886
0.00025265
-0.00350302
0.00321664
-0.00292324
-0.00229054
-0.00549172
0.00415456
0.00046917
-0.00164059
0.00152989
0.00180707
0.00376154
-0.00248642
-0.00263910
0.00199363
-0.00290470
0.00033649
-0.00174846
-0.00033471
0.00684751
0.00063873
-0.00335052
0.00006556
0.00438489
-0.00232596
-0.00121807
-0.00382636
0.00101287
0.00096885
-0.00371614
0.00254206
-0.00358952
-0.00227622
-0.00502725
0.00533387
0.00028046
0.00058923
-0.00613500
0.00001543
-0.00174599
-0.00144991
-0.00658782
0.00202028
0.00281118
-0.00265189
-0.00641946
-0.00220975
-0.00186187
0.00860682
0.00426242
-0.00467850
0.00018004
-0.00297144
-0.00133181
0.00463565
0.00146108
-0.00000610
0.00604459
0.00063093
-0.00325405
-0.00253990
0.00503241
-0.00413527
0.00256763
-0.00462894
0.00023719
-0.00038448
-0.00100416
-0.00047855
-0.00622465
-0.00049193
-0.00522528
0.00012694
-0.00266669
-0.00401007
0.00369472
0.00167422
0.00156901
0.00260533
0.00135943
0.00096242
0.00040948
-0.00003578
-0.00083319
-0.00235183
0.00211285
-0.00023903
0.00576423
-0.00641731
0.00346566
0.00140529
0.00006799
-0.00172442
0.00199327
0.00056080
0.00352454
0.00262509
0.00333793
-0.00099762
-0.00030603
0.00368921
-0.00187898
0.00208824
-0.00083921
-0.00272395
-0.00119865
0.00011985
0.00309598
-0.00229987
0.00124568
0.00069482
0.01039241
-0.00095160
-0.00154434
0.00086240
0.00005718
0.00593750
0.00706848
0.00283362
-0.00002528
0.00175539
-0.00010759
-0.00147478
0.00307124
-0.00102153
0.00213885
-0.05136765
0.00221217
-0.00135993
-0.00561284
0.00193855
-0.00252856
0.00444115
-0.00636086
0.00245876
0.00036343
-0.00257870
0.00293276
-0.00217308
0.00402400
-0.00068072
0.00079809
-0.00083585
-0.00220063
-0.00133073
-0.00062517
0.00013334
0.00670550
-0.00064118
0.00526910
0.00213140
0.00291590
0.00219197
-0.00156021
-0.00334664
-0.00259270
-0.00338272
0.00099383
0.00086605
-0.00393429
0.00305677
0.00042424
0.00192225
0.00508151
-0.00088134
-0.00011237
0.00314697
-0.00027879
0.00461043
0.00102416
0.00231734
0.00314899
-0.00036710
0.02077004
-0.00141680
0.00062448
0.00022758
-0.00095361
0.00500355
-0.00142740
0.00503066
-0.00066606
-0.00084003
-0.00051913
-0.00079921
-0.00434890
0.00105365
0.00528416
-0.00192614
0.00235000
-0.08231200
-0.00452218
-0.00300007
0.00284121
-0.00184040
-0.00396607
-0.00505875
0.00121172
-0.00118666
0.00016227
-0.00134435
0.00297478
-0.00030128
-0.00291052
-0.00014073
0.00009551
-0.00125782
-0.00378204
-0.00169391
-0.00006404
0.00280998
0.00052915
0.00110341
0.00008039
-0.00009654
0.00286672
-0.00352864
-0.00167008
0.00412803
-0.00182798
0.00449776
0.00187348
0.00562270
-0.00278339
0.00105177
-0.00021827
-0.00143344
-0.00342769
-0.00229364
-0.00664946
0.00006959
-0.00145008
-0.00203352
-0.00101646
0.00092296
-0.00214229
-0.00208168
-0.00600976
-0.00413334
0.00137095
0.00358552
0.00376327
-0.00760816
-0.00296275
0.00253715
-0.00191597
0.00354276
0.00145415
-0.00110243
-0.00045630
-0.00009515
-0.00475943
0.00057322
0.00505401
-0.02160554
-0.00635667
-0.00072982
0.00201687
0.00075897
0.00029014
0.00126163
0.00456949
0.00238270
-0.00085080
0.00146117
-0.00077368
-0.00420263
-0.00346861
0.00246442
-0.00204383
-0.00611525
-0.00513843
-0.00239071
0.00345333
-0.00534834
-0.00268881
-0.00119698
0.00594241
-0.00334154
-0.00123478
-0.00235743
-0.00479108
-0.00411453
-0.00146600
-0.00193544
-0.00134577
-0.00308757
-0.00177714
0.00581237
0.00219518
-0.00340170
-0.00008952
-0.00080609
-0.00181997
-0.00638446
0.00336899
0.00140234
0.00199375
0.00108038
0.00065617
-0.00092208
0.00510669
0.00112946
-0.00135512
0.00337982
-0.00232539
0.00365547
0.00222164
-0.00082271
0.00260898
-0.00112414
-0.00095001
-0.00007486
0.00193398
0.00205574
-0.00384631
0.00256854
-0.00134454
-0.05871714
0.00500740
-0.00035211
-0.00321685
-0.00027411
0.00312626
0.00230413
-0.00024119
0.00307062
-0.00152070
-0.00286055
-0.00089091
-0.00208054
0.00325681
-0.00707670
0.00135447
0.00095825
-0.00251735
-0.00085133
0.00557853
-0.00308308
0.00064175
-0.00391728
-0.00091800
0.00657379
0.00153973
-0.00034195
0.00292774
-0.00552931
0.00247428
-0.00210550
0.00129371
0.00190192
-0.00005729
0.00049160
-0.00075183
-0.00288212
-0.00327396
0.00071733
-0.00180910
-0.00375507
0.00097302
0.00171364
-0.00065836
0.00054398
-0.00254052
0.00449306
-0.01759765
-0.00451993
0.00028076
0.00260566
-0.00025470
-0.00361135
0.00251876
-0.00146243
0.00522892
0.00093367
0.00490662
0.00389208
0.00427981
-0.00062181
0.00134507
-0.00272485
0.00365439
-0.02199080
0.00147925
-0.00019938
-0.00166750
0.00288585
0.00236292
0.00853899
0.00060288
0.00092853
0.00094671
0.00351487
-0.00182343
-0.00047399
-0.00085915
0.00166727
0.00492987
0.00006734
0.00355796
0.00091983
-0.00003414
0.00043777
0.00735916
-0.00438671
-0.00239245
0.00215741
0.00202492
-0.00156316
-0.00178918
-0.00422140
0.00412205
0.00145013
0.00066813
-0.00295945
-0.00418329
0.00209190
0.00903611
0.00136682
-0.00423572
0.00162988
0.00179527
0.00120952
-0.00009097
-0.00259552
-0.00509545
0.00388843
-0.00197438
-0.00261696
0.00617207
-0.00429411
0.00182085
0.00240661
-0.00132810
0.00011320
0.00499624
0.00522938
-0.00468328
0.00451010
0.00218609
-0.00184690
0.00166825
0.00222287
-0.00190799
-0.00160466
-0.00109123
-0.01339857
0.00209953
-0.00361773
-0.00252469
-0.00380487
-0.00166057
0.00120556
-0.00160904
0.00806619
-0.00165097
-0.00289626
0.00012740
-0.00286856
-0.00074019
0.00489404
0.00130066
0.00422969
0.00091277
-0.00477912
-0.00204272
0.00289821
-0.00246407
0.00296706
-0.00357781
-0.00389674
-0.00026306
0.00669751
-0.00205546
0.00113440
0.00717581
-0.00245141
0.00575958
0.00468284
-0.00095269
0.00227094
-0.00051910
-0.00192436
-0.00334238
0.00153843
-0.00012123
0.00030677
-0.00100267
-0.00121390
0.00120550
-0.00077992
0.00277993
-0.00114234
-0.00264698
-0.00476457
0.00095764
0.00189375
0.00329147
0.00092333
0.00116813
-0.00359511
0.00193811
0.00040455
0.00296220
0.00191806
0.00166852
-0.00132066
-0.00359136
0.00001986
0.00479228
-0.02189711
0.00094280
-0.00006466
-0.00433962
0.00182585
-0.00187862
0.00049065
0.00064159
0.00230087
0.00069301
-0.00029682
0.00115900
0.00472156
0.00321226
0.00471098
0.00176254
0.00290887
-0.00080462
-0.00352513
0.00089236
0.00158548
-0.00009497
-0.00372487
-0.00057779
0.00325160
0.00081919
0.00046728
0.00117522
0.00003915
0.00115425
0.00276090
0.00532120
-0.00139759
0.00203280
-0.00157818
-0.00428084
-0.00274664
0.00203904
0.00065355
0.00448151
0.00018172
-0.00036077
-0.00070504
0.00274458
-0.00189552
-0.00033965
0.00140108
0.00158449
0.00062199
0.00357630
0.00315285
0.00284357
0.00103937
0.00383916
-0.00446576
-0.00065802
-0.00381012
0.00464913
-0.00102275
0.00252095
-0.00046398
0.00105649
-0.00209738
0.00061916
-0.05206245
0.00021478
-0.00000612
-0.00389216
-0.00468032
0.00232772
0.00303512
-0.00085361
0.00179042
0.00168734
-0.00330126
-0.00166403
-0.00388501
0.00133111
0.00119645
0.00205982
-0.00181120
-0.00566277
-0.00430304
-0.00128940
-0.00140753
-0.00145015
0.00005498
-0.00072811
0.00270310
0.00609424
-0.00197020
-0.00007078
-0.00091282
-0.00002105
-0.00002441
-0.00010827
-0.00023699
0.00255150
-0.00100405
0.00329742
-0.00374486
0.00105299
-0.00018649
-0.00396992
0.00677098
-0.00022626
-0.00347128
0.00118905
-0.00044175
-0.00214038
0.00209143
0.00419573
0.00074309
0.00004333
-0.00053567
0.00705197
0.00018414
0.00248168
-0.00332103
0.00151571
-0.00237927
0.00070966
0.00410405
-0.00137251
-0.00148424
0.00106473
0.00063174
0.00028931
-0.05337516
0.00121990
-0.00147902
0.00031088
-0.00419869
0.00154842
0.00090726
-0.00032090
0.00182648
-0.00181623
0.00275438
0.00159715
-0.00378951
0.00636796
-0.00098120
0.00203351
0.00167687
-0.00001187
-0.00305675
0.00189228
-0.00008961
-0.00216006
0.00051396
0.00298427
0.00246647
0.00479998
-0.00268239
0.00146145
-0.00044685
-0.00102870
-0.00224631
0.00346325
-0.00107926
0.00349535
0.00072192
0.00534524
-0.00026213
-0.00374657
0.00633515
-0.00495562
-0.00193061
-0.00123196
0.00094080
-0.00552495
-0.00096831
-0.00069190
-0.00179184
-0.00241746
0.00368403
0.00215519
-0.00017410
-0.00325490
-0.00394680
-0.00242676
0.00028825
0.00435396
0.00376601
0.00234918
0.00306453
0.00094809
-0.00340558
0.00035341
-0.00715807
0.00528834
-0.05601914
0.00061292
0.00015953
0.00214968
-0.00255081
0.00395991
0.00107876
-0.00520583
-0.00139776
0.00144650
0.00087913
0.00262889
-0.00024886
0.00455670
0.00475079
0.00242358
-0.00446760
-0.00067556
-0.00216791
0.00334232
0.00551779
0.00195820
-0.00153825
0.00655977
0.00458188
0.00421719
-0.00075672
-0.00254754
-0.00859007
0.00187572
-0.00264164
-0.00459157
0.00159643
0.00350975
0.00150203
-0.00076737
-0.00243645
-0.00057685
-0.00051765
-0.00020073
0.00459263
-0.00448943
-0.00032349
0.00196816
0.00132687
0.00241003
0.00009017
0.00379216
-0.00296234
-0.00067087
-0.00274683
0.00404143
-0.00316376
-0.00186155
0.00022747
-0.00067552
0.00049626
-0.00215215
0.00110744
-0.00122623
0.00228916
-0.00093182
0.00083137
-0.00210849
-0.01955068
0.00402660
0.00110903
-0.00308525
0.00266865
0.00218294
0.00203738
0.00229506
-0.00078405
0.00340607
0.00465981
0.00001123
-0.00212712
-0.00291650
0.00284255
0.00191150
0.00646846
-0.00261719
0.00125006
0.00103077
0.00148664
0.00124246
-0.00300117
0.00685705
0.00260819
0.00105267
-0.00088567
0.00230318
0.00387035
0.00132789
0.00198031
0.00398096
0.00226610
-0.00258505
-0.00158777
0.00156982
-0.00259720
-0.00131703
-0.00070159
-0.00377293
0.00240977
0.00209459
-0.00392429
-0.00332295
0.00103316
0.00313159
-0.00481247
-0.00528398
-0.00523336
0.00340074
0.00041045
-0.00091027
-0.00409323
0.00621416
0.00379938
0.00487554
-0.00182874
0.00716598
0.00040282
0.00754941
-0.00130883
-0.00361463
-0.00205958
0.00878442
-0.02183732
0.00102924
0.00540624
-0.00682588
0.00246609
0.00169461
0.00270898
-0.00400542
-0.00432503
0.00045633
-0.00204383
0.00315614
-0.00402587
0.00046181
0.00381013
0.00075891
-0.00093039
-0.00454834
-0.00085124
0.00271492
-0.00045186
0.00383321
0.00013294
-0.00001634
0.00240633
0.00424764
-0.00232509
-0.00254503
-0.00053965
0.00209940
0.00128827
0.00408410
-0.00187296
0.00163293
0.00175855
0.00315902
0.00085516
0.00392367
0.00360942
0.00079675
0.00068222
-0.00077814
0.00198390
-0.00004397
0.00247661
0.00558664
0.00131041
0.02477683
-0.00191600
0.00055867
-0.00176879
-0.00278110
0.00432688
-0.00281700
0.00306883
0.00271153
-0.00125426
-0.00070100
-0.00017958
-0.00490942
-0.00192384
0.00302699
-0.00040783
0.00024959
-0.09376761
-0.00594090
-0.00300816
0.00344650
0.00086729
-0.00311065
-0.00844825
0.00115111
-0.00019547
0.00151608
-0.00318910
-0.00034823
-0.00011740
-0.00181087
-0.00194697
0.00157476
-0.00181458
-0.00324305
-0.00315214
0.00024144
0.00419231
0.00114250
-0.00033850
0.00066671
-0.00113642
0.00057745
-0.00272392
0.00082634
0.00510596
-0.00154621
0.00527544
0.00059486
0.00533055
-0.00206605
0.00049004
-0.00183299
0.00308651
-0.00219601
-0.00115529
0.00321285
0.00355079
-0.00293187
-0.00264086
0.00234928
0.00369196
-0.00129885
0.00071052
-0.01568699
-0.00150961
0.00180231
0.00214501
-0.00024033
0.00108836
0.00250950
-0.00276738
0.00472492
-0.00194174
-0.00143812
0.00423395
-0.00082759
0.00161766
0.00119177
-0.00215387
0.00448145
-0.03499242
0.00348107
-0.00256559
-0.00029592
-0.00362696
0.00083461
0.00504852
-0.00256432
-0.00222549
0.00267362
-0.00173319
-0.00066114
0.00340700
0.00037705
0.00190861
-0.00013765
-0.00148982
0.00166817
-0.00057251
-0.00067932
-0.00518385
-0.00060185
-0.00109088
-0.00195138
0.00199648
-0.00402617
0.00165959
-0.00341978
-0.00456826
0.00105121
-0.00129529
0.00179820
-0.00012805
0.00152284
0.00059378
0.00039381
0.00072395
0.00020779
-0.00126516
0.00025960
-0.00066514
-0.00285524
-0.00301032
0.00270165
-0.00013703
-0.00389279
-0.00261111
-0.00294588
-0.00454702
0.00513797
0.00120483
-0.00011906
-0.00456147
0.00401572
-0.00097694
0.00355465
-0.00168319
0.00032291
-0.00253128
0.00669026
0.00056203
0.00025610
-0.00031935
0.00596940
-0.01242954
0.00214073
-0.00035890
0.00060839
0.00315680
0.00656086
-0.00506812
-0.00162269
0.00067391
0.00377701
0.00083656
-0.00310216
0.00171990
-0.00185580
0.00091847
0.00051471
-0.00213922
0.00037766
-0.00287859
0.00281182
-0.00250516
-0.00297188
0.00108944
-0.00173789
0.00350582
0.00437101
-0.00356341
0.00620599
0.00035042
-0.00136750
-0.00470146
-0.00126585
-0.00207092
-0.00080746
-0.00092570
0.00335902
-0.00160081
-0.00289848
0.00296310
-0.00230157
0.00607613
0.00475047
0.00247166
-0.00503307
0.00118800
-0.00170138
-0.00326505
0.00217204
-0.00311100
0.00007505
-0.00193101
0.00020029
-0.00096469
0.00010279
0.00468368
0.00199514
0.00442177
0.00277339
-0.00117282
0.00166623
-0.00498223
-0.00413784
0.00230985
0.00382409
-0.02308547
0.00338979
-0.00034758
-0.00297650
0.00086772
0.00113028
0.00496037
-0.00156639
-0.00083649
0.00166819
-0.00358826
-0.00464508
0.00498864
-0.00184375
-0.00148913
0.00139085
0.00321095
-0.00126900
-0.00570683
-0.00013478
-0.00422232
0.00391789
0.00001370
0.00379216
0.00145876
0.00294504
0.00065373
-0.00156780
-0.00090678
0.00566075
-0.00171922
-0.00203846
-0.00079873
0.00364833
0.00036194
0.00224294
-0.00035088
-0.00263942
0.00928235
-0.00708960
-0.00080358
0.00328568
-0.00090567
0.00336705
-0.00102196
-0.00216425
-0.00132661
-0.00788854
0.00220017
0.00047294
0.00121400
0.00576707
0.00081440
-0.00087356
-0.00175769
0.00649270
-0.00369510
0.00412876
0.00387621
0.00900613
-0.00187299
-0.00998698
0.00079544
-0.00329510
-0.00488711
0.00045358
-0.00012044
-0.00041020
0.00695407
0.00111199
-0.00830176
0.00083727
-0.00361848
-0.00209365
-0.00622220
0.00216720
-0.00197925
-0.00640499
-0.00282178
0.00416071
0.00192155
-0.00317816
-0.00177190
-0.00365538
-0.00230186
0.00229564
0.00340755
0.00103433
0.00585697
0.00332166
-0.00357508
-0.00422225
-0.00053849
-0.00019653
0.00148158
0.00075299
-0.00021299
0.00015257
0.00281285
0.00042424
0.00192225
0.00508151
-0.00088134
-0.00011237
0.00314697
-0.00027879
0.00461043
0.00102416
0.00231734
0.00314899
-0.00036710
0.02077004
-0.00141680
0.00062448
0.00022758
-0.00095361
0.00500355
-0.00142740
0.00503066
-0.00066606
-0.00084003
-0.00051913
-0.00079921
-0.00434890
0.00105365
0.00528416
-0.00192614
0.00235000
-0.08231200
-0.00452218
-0.00300007
0.00284121
-0.00184040
-0.00396607
-0.00505875
0.00121172
-0.00118666
0.00016227
-0.00134435
0.00297478
-0.00030128
-0.00291052
-0.00014073
0.00009551
-0.00125782
-0.00378204
-0.00169391
-0.00006404
0.00280998
0.00052915
0.00110341
0.00008039
-0.00009654
0.00286672
-0.00352864
-0.00167008
0.00412803
-0.00182798
0.00449776
0.00187348
0.00562270
-0.00278339
0.00105177
0.00587712
0.00203784
0.00002445
-0.00027232
-0.00351450
0.00001608
0.00282802
0.00172304
0.00057562
-0.00370778
0.00268892
0.00115230
0.00009232
-0.00351417
-0.00409699
0.00018958
0.00331536
-0.00193872
0.00380124
0.00355687
-0.00204904
0.00226067
0.00225726
-0.00166420
0.00026768
0.00084617
0.00036516
-0.00443645
0.00391249
-0.00097530
-0.00127611
-0.00080686
0.00121874
0.00095295
0.00328241
-0.00366498
0.00134521
-0.00462419
-0.00118510
-0.00482580
-0.00141371
0.00356604
-0.00223087
0.00203086
-0.00205650
-0.00039253
0.00181999
-0.00053783
-0.00062691
0.00105078
0.00490296
0.00269634
-0.00495977
0.00399966
-0.00114125
-0.00235018
0.00408595
0.00142221
-0.00071978
0.00294076
-0.00346282
0.00067848
0.00365672
-0.00145662
-0.00002114
-0.00346898
0.00383214
-0.00000098
0.00281795
0.00039152
0.00292953
0.00233378
0.00271644
-0.00260391
-0.00090627
-0.00587922
-0.00000729
-0.00150124
-0.00045008
-0.00224738
0.00122005
-0.00147789
0.00536293
-0.00890566
-0.00129876
-0.00432181
-0.00097047
-0.00256281
0.00103882
0.00309064
-0.00692586
-0.00062224
0.00169029
-0.04611187
-0.00319569
0.00330190
-0.00107735
-0.00117411
-0.00241469
-0.00543788
-0.00464128
-0.00400186
0.00329756
-0.00650959
0.00058559
0.00167174
0.00154382
-0.00218914
-0.00211298
0.00221702
0.00298962
-0.00274939
-0.00226214
0.00317901
0.00200218
-0.00203093
0.00279062
-0.00213573
0.00208214
-0.00496429
-0.00515455
0.00109285
0.00398036
-0.00299837
-0.00530202
0.00045562
0.00331487
0.00171665
0.00042424
0.00192225
0.00508151
-0.00088134
-0.00011237
0.00314697
-0.00027879
0.00461043
0.00102416
0.00231734
0.00314899
-0.00036710
0.02077004
-0.00141680
0.00062448
0.00022758
-0.00095361
0.00500355
-0.00142740
0.00503066
-0.00066606
-0.00084003
-0.00051913
-0.00079921
-0.00434890
0.00105365
0.00528416
-0.00192614
0.00235000
-0.08231200
-0.00452218
-0.00300007
0.00284121
-0.00184040
-0.00396607
-0.00505875
0.00121172
-0.00118666
0.00016227
-0.00134435
0.00297478
-0.00030128
-0.00291052
-0.00014073
0.00009551
-0.00125782
-0.00378204
-0.00169391
-0.00006404
0.00280998
0.00052915
0.00110341
0.00008039
-0.00009654
0.00286672
-0.00352864
-0.00167008
0.00412803
-0.00182798
0.00449776
0.00187348
0.00562270
-0.00278339
0.00105177
0.00135525
0.00005532
0.00477255
0.00237344
-0.00143873
0.00200903
0.00017960
0.00341316
-0.00015330
0.00053705
0.00111611
-0.00075274
0.00784092
-0.00359684
0.00094422
0.00126032
0.00209594
0.00311848
-0.00311878
0.00261439
0.00448228
-0.00298401
0.00221166
-0.00117336
0.00021636
0.00212660
0.00449143
-0.00301282
0.00068302
-0.08306160
-0.00022833
-0.00329017
-0.00080600
-0.00013849
0.00087716
-0.00094770
-0.00292897
-0.00068017
-0.00081342
0.00032508
-0.00092905
-0.00126673
-0.00104156
-0.00105509
0.00243293
0.00012910
-0.00104916
-0.00027219
-0.00032620
0.00218467
0.00135607
0.00028880
-0.00219593
0.00118934
0.00193734
-0.00223455
-0.00086654
0.00068068
0.00063057
0.00231102
-0.00134803
0.00347551
-0.00181168
-0.00058240
0.00250971
0.00258954
-0.00614329
0.00387263
-0.00181781
0.00227716
0.00082389
0.00264375
-0.00491295
-0.00010057
0.00478560
-0.00293358
-0.02135811
-0.00199197
-0.00043259
0.00437804
0.00182078
-0.00471547
0.00108824
-0.00182740
0.00236316
0.00769016
-0.00040253
-0.00495020
0.00040006
-0.00499170
-0.00490880
-0.00270839
-0.00126644
-0.01080885
-0.00175805
-0.00431678
0.00053786
0.00039081
0.00175057
-0.00405326
0.00350084
0.00161887
-0.00122790
0.00021223
-0.00326322
0.00098454
0.00284239
-0.00241192
0.00220645
-0.00554422
0.00071640
-0.00684244
0.00511435
-0.00108729
0.00181174
0.00098513
0.00265382
0.00030259
-0.00266357
-0.00358102
0.00702020
-0.00264209
-0.00450300
0.00013725
-0.00339467
-0.00374546
0.00210333
0.00070566
0.00479395
0.00231180
-0.00661146
0.00049575
-0.00136271
-0.00302895
-0.00088661
-0.00486714
-0.00352522
-0.00386163
0.00004606
-0.00789164
-0.00237930
-0.00740635
-0.00398835
0.00256668
0.00333494
-0.00012846
-0.00218160
-0.00244987
-0.00360714
-0.00057976
-0.00046353
-0.00084364
0.00441120
0.00181160
-0.00022819
-0.00246549
0.00535443
-0.01254216
0.00267833
-0.00316050
-0.00541832
-0.00202600
0.00246074
0.01330508
0.00039405
0.00022073
-0.00414754
-0.00223078
0.00364860
-0.00291651
0.00292251
-0.00363623
0.00132498
0.00361344
0.00066774
-0.00127058
-0.00436114
0.00165216
0.00221013
-0.00587450
-0.00606366
0.00173899
-0.00014483
0.00427100
-0.00131302
-0.00201837
0.00650419
-0.00083845
-0.00119826
-0.00547534
0.00196873
-0.00116448
0.00247758
0.00237881
0.00020061
0.00334569
-0.00151648
-0.00263409
0.00007821
-0.00012573
-0.00155549
-0.00041329
0.00275285
0.00206357
0.00561169
-0.00258844
0.00201010
0.00168845
-0.00377702
0.00410805
-0.00119055
-0.00011812
0.00015753
-0.00195180
0.00235159
0.00055257
0.00342370
-0.00174119
0.00384511
-0.00291719
0.00137780
-0.07381560
0.00212552
-0.00111115
0.00323328
-0.00111528
0.00078049
0.00325194
-0.00234322
-0.00305759
-0.00112616
0.00177636
0.00314076
-0.00224662
0.00074654
0.00027802
0.00164657
-0.00099874
-0.00318492
-0.00141860
0.00069150
-0.00158381
-0.00007252
0.00069075
-0.00016220
0.00033804
0.00298857
-0.00160174
-0.00023301
-0.00182551
0.00128357
-0.00091991
0.00070643
0.00146151
-0.00062316
-0.00245692
0.00087251
0.00419497
-0.00037866
0.00972212
-0.00092429
-0.00036368
-0.00516546
-0.00196362
-0.00313102
0.00272336
-0.00277021
-0.00106213
-0.00127151
0.00047223
-0.00217877
0.00145017
0.00067981
-0.00488023
-0.00187497
0.00123152
0.00333844
-0.00193038
0.00044693
0.00129199
0.00512931
-0.00491129
-0.00056898
0.00025029
-0.00006619
-0.02283239
0.00197955
-0.00015765
-0.00179135
-0.00193783
0.00241588
0.00116833
-0.00385675
0.00000574
-0.00526362
-0.00239723
0.00075281
-0.00477424
0.00469845
0.00265426
0.00786592
0.00090706
-0.00489363
-0.00011683
0.00079322
0.00255160
0.00128859
0.00199732
0.00714371
0.00125133
0.00128875
0.00124876
0.00306350
-0.00521173
0.00343351
0.00100431
0.00142768
-0.00316044
0.00094435
0.00534818
0.00080999
-0.00174040
0.00073928
-0.00016162
-0.00014901
-0.00302290
0.00347380
0.00458396
-0.00312262
-0.00136636
-0.00184313
-0.00199007
-0.00674516
-0.00263121
0.00149805
0.00169500
0.00403748
-0.00307658
0.00414543
0.00100533
-0.00615787
0.00677889
0.00062534
0.00170316
0.00719745
-0.00679418
-0.00223036
-0.00642097
0.00043321
-0.02295330
0.00060421
0.00243403
-0.00037827
0.00001362
0.00010428
-0.00508914
0.00142073
0.00099657
0.00135657
-0.00031098
0.00109867
-0.00186874
-0.00193435
0.00337589
0.00037030
-0.00209907
-0.00321180
-0.00149507
0.00721028
0.00156183
0.00168878
-0.00280358
0.00460520
-0.00375439
0.00224033
-0.00069614
0.00796386
-0.00208902
0.00339630
-0.00033342
0.00231366
-0.00208422
-0.00400648
-0.00082075
0.00325902
-0.00286010
-0.00141936
0.00096513
-0.00060848
-0.00129301
-0.00156623
-0.00060069
0.00051748
-0.00377569
0.00373796
-0.00225386
-0.00579214
-0.00054768
0.00170573
-0.00108891
-0.00120117
-0.00414159
-0.00190441
-0.00270222
-0.00532165
0.00091414
-0.00083888
0.00153920
0.00289768
-0.00988520
-0.00281308
-0.00387548
0.00166953
-0.01574974
-0.00340027
0.00003785
-0.00489654
-0.00073488
0.00284507
-0.00072343
-0.00118186
-0.00338069
-0.00200367
0.00185169
-0.00207293
-0.00518043
-0.00209234
0.00077420
0.00291990
-0.00320970
0.00247462
-0.00159190
0.00094874
-0.00263598
0.00383464
-0.00240310
0.00380246
0.00268149
-0.00533883
0.00283787
-0.00056226
-0.00221596
0.00410540
0.00627394
0.00052834
0.00246484
0.00170223
-0.00141404
0.00024546
-0.00138481
-0.00137048
0.00133395
0.00111188
-0.00201657
0.00083442
0.00177750
-0.00334512
0.00140706
-0.00195277
-0.00190927
0.00220505
-0.00217947
0.00147159
0.00158142
0.00118965
0.00048133
0.00033762
0.00164517
0.00777813
0.00157012
0.00596307
0.00054604
0.00300912
0.00015625
0.00322086
-0.00446974
0.00035253
-0.06155736
-0.00054716
-0.00164075
-0.00311407
-0.00109134
0.00292989
-0.00231186
-0.00491279
0.00060116
0.00473859
-0.00076953
-0.00143532
-0.00140353
0.00275934
-0.00910411
-0.00305582
-0.00094947
-0.00435507
-0.00105576
0.00129219
0.00079314
-0.00182937
-0.00157975
-0.00551413
0.00112029
0.00113585
-0.00274606
-0.00077155
0.00256558
-0.00041509
-0.00445172
-0.00074011
0.00127136
0.00070410
-0.00006319
0.00000687
0.00102986
0.00071874
0.00015359
-0.00061315
-0.00018849
-0.00203701
-0.00170290
-0.00202372
0.00243704
-0.00189970
-0.00172477
0.00199295
0.00111039
0.00267141
0.00134715
-0.00154935
0.00083571
0.00111136
-0.00076837
0.00313312
0.00233854
0.00141882
0.00434581
0.00179447
-0.00287894
0.00163577
-0.00196068
0.00049803
-0.04498246
0.00025392
-0.00041972
-0.00050992
-0.00061938
0.00133339
-0.00361217
-0.00235479
-0.00532472
0.00305790
-0.00110758
0.00008677
-0.00083239
0.00022565
0.00163268
0.00204144
-0.00188510
0.00084609
-0.00064037
0.00112128
-0.00126808
0.00242382
-0.00190078
-0.00275223
-0.00008998
0.00065449
-0.00133736
0.00042966
-0.00010166
-0.00016246
0.00000329
0.00000372
0.00247409
-0.00136911
0.00085499
0.00292791
-0.00590678
0.00226699
0.00331687
0.00149311
0.00140286
-0.00257389
0.00086527
-0.00516942
0.00538498
0.00287719
0.00155684
-0.00271458
-0.00325715
0.00191863
0.00221283
0.00029316
0.00195690
0.00551182
-0.00123283
0.00298378
-0.00040980
0.00036323
0.00029293
0.00132364
0.00028928
-0.00102305
-0.00054104
0.00056692
-0.02883971
-0.00159221
-0.00132197
0.00063119
-0.00133416
-0.00125681
-0.00829071
0.00063150
-0.00324601
0.00453440
-0.00085597
-0.00565744
-0.00340370
0.00100343
0.00082199
0.00142289
-0.00319632
0.00008124
0.00173859
0.00384151
-0.00200958
0.00545524
0.00163928
-0.00132709
-0.00106384
0.00237510
-0.00135734
-0.00264620
-0.00178557
-0.00187092
-0.00003695
0.00240660
-0.00053209
-0.00012051
-0.00069704
0.00542958
0.00813395
0.00187741
0.00638489
0.00229739
-0.00323201
0.00266076
-0.00091672
-0.00454863
0.00469165
-0.00434142
-0.00015631
-0.00526628
-0.00365007
-0.00456245
0.00062525
-0.00214201
-0.00304493
0.00016259
0.00283724
0.00400793
0.00681419
-0.00025621
-0.00262496
-0.00121097
0.00027756
-0.00294615
-0.00562104
0.00750338
-0.02347799
-0.00059867
-0.00043120
-0.00005665
-0.00197849
0.00488944
0.00658258
0.00109940
-0.00219939
0.00131347
-0.00078709
0.00642102
-0.00083826
-0.00017867
-0.00101267
-0.00038970
0.00616282
-0.00048448
0.00371396
0.00470015
0.00056091
0.00428829
0.00073227
-0.00454125
0.00147289
0.00189612
-0.00459722
-0.00253821
-0.00014266
0.00204342
-0.00213106
0.00116891
-0.00471582
-0.00181580
-0.00315731
0.00216563
0.00176680
0.00382371
-0.00037862
0.00317406
0.00165951
0.00066867
-0.00059173
-0.00188401
0.00168021
-0.00171064
0.00231950
0.00481809
0.00102436
0.00244380
0.00088433
-0.00098228
0.00094408
-0.00301500
0.00238360
0.00183041
-0.00069639
0.00048654
0.00170295
-0.00151910
0.00141417
0.00102839
-0.00250681
0.00013411
-0.06491085
0.00187917
0.00177889
0.00000200
-0.00359223
0.00338768
0.00706060
-0.00505161
-0.00133206
0.00010061
-0.00225924
0.00191539
0.00147591
0.00285836
-0.00201959
0.00096586
0.00168743
-0.00159203
0.00060835
-0.00015107
0.00014289
0.00186830
0.00077986
-0.00103399
0.00395366
0.00132781
-0.00295051
-0.00262581
-0.00185889
0.00035253
0.00107912
0.00049038
-0.00219249
0.00064910
-0.00031217
0.00903565
0.00173224
0.00069136
0.00267283
-0.00323802
-0.00008583
0.00138634
-0.00097514
0.00474514
0.00136765
-0.00103404
-0.00378638
-0.00301513
-0.00039873
0.00671352
0.00189058
0.00099200
-0.00231991
0.00007986
-0.00227565
0.00183674
0.00131827
0.00370037
-0.00345877
0.00050015
0.00317265
0.00010072
0.00020133
0.00359845
-0.02421673
0.00407291
-0.00392653
-0.00096263
0.00158641
0.00138098
0.00872664
-0.00554100
-0.00040438
-0.00354434
-0.00232829
0.00234754
0.00409216
0.00315708
-0.00332950
0.00393887
-0.00324809
-0.00006396
-0.00525267
0.00239886
-0.00074282
0.00212452
0.00228419
0.00438924
0.00037021
0.00281095
-0.00739035
-0.00325924
-0.00480325
0.00195965
-0.00045484
0.00155051
0.00218898
0.00383191
0.00161592
0.00315902
0.00085516
0.00392367
0.00360942
0.00079675
0.00068222
-0.00077814
0.00198390
-0.00004397
0.00247661
0.00558664
0.00131041
0.02477683
-0.00191600
0.00055867
-0.00176879
-0.00278110
0.00432688
-0.00281700
0.00306883
0.00271153
-0.00125426
-0.00070100
-0.00017958
-0.00490942
-0.00192384
0.00302699
-0.00040783
0.00024959
-0.09376761
-0.00594090
-0.00300816
0.00344650
0.00086729
-0.00311065
-0.00844825
0.00115111
-0.00019547
0.00151608
-0.00318910
-0.00034823
-0.00011740
-0.00181087
-0.00194697
0.00157476
-0.00181458
-0.00324305
-0.00315214
0.00024144
0.00419231
0.00114250
-0.00033850
0.00066671
-0.00113642
0.00057745
-0.00272392
0.00082634
0.00510596
-0.00154621
0.00527544
0.00059486
0.00533055
-0.00206605
0.00049004
0.00431686
0.00235409
-0.00127917
-0.00137094
0.00163966
0.00053194
-0.00067309
-0.00105386
-0.00062404
0.00105654
-0.00295509
0.00194354
-0.00235956
-0.00215277
-0.00339059
0.00251353
0.00039118
0.00225026
0.00330991
0.00048107
0.00336423
-0.00160296
0.00139361
0.00537812
0.00077721
0.00132560
0.00006139
-0.00096200
0.00157317
-0.03032524
0.00359995
-0.00010719
0.00167910
0.00137481
-0.00450037
-0.00016125
-0.00385773
0.00019172
0.00080268
0.00044985
0.00089059
0.00132604
0.00271267
0.00137866
0.00046738
-0.00210471
0.00353893
0.00219775
0.00268028
-0.00263581
0.00166749
-0.00062135
-0.00134719
-0.00043840
-0.00362131
0.00057758
-0.00298948
-0.00338245
0.00205663
0.00068221
-0.00050843
-0.00163773
-0.00149658
0.00106855
-0.00380347
0.00238500
-0.00027082
-0.00087249
0.00460600
-0.00267370
-0.00451890
0.00098066
-0.00208064
0.00138037
-0.00090484
-0.00349644
-0.00631785
-0.00210055
0.00015689
-0.00275182
-0.00204405
-0.00113832
0.00016721
-0.00194119
-0.00220460
0.00235798
0.00606544
0.00048413
0.00333389
-0.00099608
-0.00444186
-0.00354741
0.00199701
-0.02214269
0.00453001
0.00370165
0.00044900
-0.00047361
0.00021027
0.00081816
0.00037362
-0.00294909
0.00501922
-0.00342145
-0.00261831
-0.00505052
-0.00525310
0.00150843
-0.00123455
0.00096619
-0.00583890
0.00267076
0.00258199
0.00079669
0.00028886
-0.00074324
0.00411719
0.00017384
-0.00219011
0.00414696
-0.00160526
-0.00822803
0.00445346
0.00115993
-0.00193959
-0.00143135
-0.00583148
0.00063569
0.00240330
0.00128876
-0.00398227
-0.00528549
-0.00057724
0.00331136
-0.00065199
-0.00132261
-0.00447044
0.00619495
0.00193947
0.00201690
-0.00547749
-0.00396771
0.00470642
0.00423195
-0.00153258
-0.00291311
-0.00144042
0.00262608
0.00118016
0.00077413
-0.00034592
0.00065070
0.00343956
-0.00498784
0.00095681
-0.00249979
0.00318016
-0.00924248
0.00051556
-0.00441005
0.00451415
-0.00040031
0.00286025
-0.00427827
-0.00415820
-0.00182225
0.00576602
-0.00094940
0.00071932
-0.00200122
-0.00500095
0.00244508
-0.00585093
-0.00787644
-0.00514459
-0.00421499
0.00468224
0.00172673
0.00931116
-0.00357352
-0.00434158
-0.00185920
0.00206072
0.00170848
-0.00074881
0.00111122
-0.00109875
0.00314051
-0.00713863
-0.00079830
-0.00088495
0.00002998
-0.00033733
0.00078610
-0.00250056
0.00314577
0.00196769
0.00160426
-0.00031809
-0.00142711
-0.00578139
-0.00129772
-0.00183297
-0.00474211
-0.00983880
-0.00109199
-0.00408659
0.00585732
0.00362899
0.00085442
0.00654126
-0.00045947
0.00167271
0.00005335
-0.00082568
0.00372088
0.00498199
-0.00060854
0.00250754
-0.00409039
-0.00056622
-0.04665099
-0.00221316
-0.00219071
0.00047384
-0.00030002
0.00463380
-0.00742470
-0.00519521
0.00303269
-0.00068069
0.00032189
0.00828274
-0.00148618
0.00328485
-0.00400022
0.00771411
0.00375479
0.00152945
-0.00375266
-0.00085730
0.00356048
0.00430564
-0.00210832
-0.00147874
-0.00010746
0.00404726
-0.00080480
0.00013826
-0.00002305
0.00315476
0.00197118
0.00013451
0.00087641
-0.00127457
-0.00597247
0.00168825
0.00364432
0.00203937
-0.00135926
-0.00123563
-0.00332059
-0.00578648
0.00073377
-0.00348563
0.00158157
0.00499511
-0.00395561
-0.00162647
-0.00309261
0.00718310
-0.00054693
-0.00246724
-0.00050440
-0.00018544
-0.00116547
0.00201358
0.00654468
0.00169370
0.00037398
0.00152013
0.00119308
0.00605736
0.00023308
0.00213940
-0.01351629
-0.00038163
-0.00512420
0.00185635
-0.00061775
0.00138246
-0.00911820
-0.00045114
-0.00059469
-0.00175102
0.00201418
-0.00171166
-0.00746119
-0.00266005
0.00028090
0.00250616
-0.00144393
-0.00282857
-0.00014052
-0.00034813
-0.00198995
-0.00391367
-0.00103908
-0.00075357
0.00193963
0.00202187
0.00329160
-0.00021109
0.00268004
0.00582841
-0.00234015
0.00052736
0.00082011
0.00305982
-0.00194132
-0.00156615
-0.00385743
0.00167598
0.00206006
0.00183081
0.00383431
-0.00009802
-0.00025734
-0.00405551
0.00168399
0.00172370
-0.00003633
-0.00498087
-0.00122152
0.00110650
-0.00081392
0.00613917
-0.00605611
0.00011366
-0.00134629
0.00239067
0.00000845
0.00245104
0.00123659
-0.00207092
-0.00497709
0.00236664
-0.00833613
-0.00068928
-0.01608978
-0.00082698
0.00288692
-0.00085389
-0.00050666
0.00401412
0.00173197
0.00344072
0.00365697
-0.00374568
-0.00379092
0.00323603
-0.00358169
0.00068466
0.00129191
0.00231474
-0.00318843
0.00155519
0.00471757
-0.00336603
0.00251078
0.00140392
-0.00171204
-0.00038049
0.00079721
0.00032430
0.00061078
0.00158045
0.00066088
-0.00098802
0.00008935
-0.00118267
-0.00255514
-0.00407980
0.00339966
0.00247758
0.00237881
0.00020061
0.00334569
-0.00151648
-0.00263409
0.00007821
-0.00012573
-0.00155549
-0.00041329
0.00275285
0.00206357
0.00561169
-0.00258844
0.00201010
0.00168845
-0.00377702
0.00410805
-0.00119055
-0.00011812
0.00015753
-0.00195180
0.00235159
0.00055257
0.00342370
-0.00174119
0.00384511
-0.00291719
0.00137780
-0.07381560
0.00212552
-0.00111115
0.00323328
-0.00111528
0.00078049
0.00325194
-0.00234322
-0.00305759
-0.00112616
0.00177636
0.00314076
-0.00224662
0.00074654
0.00027802
0.00164657
-0.00099874
-0.00318492
-0.00141860
0.00069150
-0.00158381
-0.00007252
0.00069075
-0.00016220
0.00033804
0.00298857
-0.00160174
-0.00023301
-0.00182551
0.00128357
-0.00091991
0.00070643
0.00146151
-0.00062316
-0.00245692
-0.00008117
0.00156274
-0.00137823
0.00066143
0.00133325
-0.00045735
0.00363764
0.00021057
-0.00231833
0.00297087
-0.00151122
0.00067388
0.00222081
-0.00038346
0.00111356
0.00085642
0.00114595
0.00108259
0.00061098
-0.00053724
0.00025805
0.00094682
0.00163709
0.00246411
0.00158565
-0.00141390
0.00037244
0.00077665
0.00265493
-0.03759704
-0.00203531
0.00073437
0.00082920
-0.00077666
-0.00001946
-0.00048147
-0.00326679
-0.00265256
0.00231563
-0.00148687
0.00014040
0.00146826
0.00036155
0.00282984
0.00094676
0.00020497
0.00091382
-0.00209849
0.00081811
-0.00139859
-0.00081951
-0.00074875
-0.00290586
-0.00194353
-0.00012787
0.00102136
-0.00109937
0.00107847
0.00059438
0.00086611
0.00245490
-0.00090736
0.00093808
-0.00006952
-0.00037635
-0.00182675
-0.00351624
-0.00080165
0.00210427
0.00126778
-0.00024025
-0.00022941
0.00191781
-0.00660006
0.00213366
-0.00517001
-0.00670382
-0.00080343
0.00078147
0.00315609
0.00451385
-0.00830817
0.00411712
-0.00286523
-0.00026721
-0.00217203
0.00323491
-0.00314860
0.00732928
-0.00076920
0.00087404
0.00569674
0.00259707
-0.02294941
0.00104820
0.00048965
0.00155337
-0.00527458
0.00188070
-0.00024310
0.00283291
-0.00288888
0.00311788
0.00165283
-0.00171712
-0.00569160
0.00014423
-0.00246768
0.00404243
-0.00305316
-0.00399152
-0.00426695
-0.00131849
0.00592791
0.00042288
-0.00126359
-0.00224370
0.00560065
0.00359026
-0.00242467
-0.00254464
-0.00219923
0.00007503
0.00402937
0.00025639
0.00116325
0.00182987
-0.00089175
-0.00098958
-0.00263989
-0.00351408
0.00007175
0.00128355
0.00148325
-0.00357349
-0.00011306
0.00210290
0.00122457
0.00131879
-0.00235037
0.00110149
-0.00206740
-0.00034818
0.00240223
-0.00333738
0.00029653
0.00147321
-0.00275936
0.00251289
0.00081978
-0.00236765
0.00329221
-0.00019019
-0.00507363
0.00103079
0.00030761
-0.00121720
-0.02463522
0.00189305
0.00343604
0.00285397
0.00070170
-0.00208631
-0.00286510
0.00002255
-0.00341045
-0.00020073
-0.00125374
-0.00447990
0.00113558
0.00194130
0.00243134
-0.00228795
-0.00062080
0.00133259
0.00191058
0.00412001
-0.00314654
0.00238436
-0.00136297
-0.00594327
0.00079767
-0.00205924
-0.00323740
0.00112522
-0.00285097
-0.00210336
0.00042424
0.00255442
-0.00009054
0.00134100
0.00013862
-0.00016789
-0.00372136
-0.00054608
0.00146917
-0.00340181
-0.00444679
0.00215670
-0.00690233
0.00439289
0.00212723
-0.00323270
-0.00599362
0.01218929
-0.00294567
0.00248907
-0.00193596
-0.00208666
-0.00005986
-0.00028834
-0.00209786
0.00146282
-0.00183933
0.00218930
-0.00222263
0.00199027
-0.00272692
-0.00131110
-0.00476777
0.00560697
-0.04749347
-0.00187594
0.00302350
-0.00368772
-0.00055365
-0.00177165
-0.00126380
-0.00547263
-0.00203456
0.00491230
-0.00078038
0.00577407
-0.00495572
0.00360555
-0.00350960
0.00209843
0.00210199
-0.00164068
-0.00320945
-0.00160523
0.00263296
0.00197053
-0.00377935
0.00230521
0.00700678
0.00239438
-0.00003421
0.00040260
0.00349180
-0.00072642
0.00167315
-0.00045778
-0.00095588
-0.00107492
0.00169503
0.00375385
-0.00311440
-0.00140263
0.00006504
0.00040143
-0.00197527
-0.00238567
-0.00244179
-0.00156339
0.00356288
0.00050850
0.00059439
-0.01617529
0.00216793
-0.00064700
0.00110102
-0.00518371
-0.00122846
0.00020561
-0.00223701
-0.00271217
0.00065785
-0.00053817
0.00430609
-0.00032315
-0.00051787
0.00145621
-0.00386388
-0.00001476
-0.02426775
0.00349300
-0.00188235
-0.00168777
-0.00400855
0.00241031
0.00165175
-0.00288550
0.00150754
0.00019781
0.00025512
0.00241559
-0.00368892
-0.00262491
0.00044633
0.00259504
0.00015975
-0.00152039
-0.00188678
0.00363649
-0.00176452
0.00447837
0.00110473
0.00029436
0.00098848
0.00149222
-0.00175030
-0.00030967
-0.00044494
-0.00195346
0.00204938
-0.00060093
0.00385961
0.00010382
-0.00566264
-0.00017887
-0.00161429
-0.00289312
0.00238138
-0.00200095
0.00231371
0.00266850
0.00197392
-0.00430160
0.00226995
-0.00058990
0.00092004
-0.00559545
0.00011932
0.00558748
-0.00102821
-0.00060099
0.00156310
0.00066276
-0.00329482
-0.00072655
0.00495414
0.00320469
0.00249659
0.00143602
0.00249715
-0.00236798
0.00074121
0.00075540
-0.05610321
0.00046922
-0.00166951
0.00142079
-0.00252615
0.00616946
0.00733218
-0.00439436
0.00629347
0.00061757
0.00092695
0.00262490
-0.00107129
-0.00005270
-0.00284410
0.00396230
0.00012790
-0.00161901
-0.00108539
0.00037605
-0.00040430
0.00344184
0.00350690
0.00437565
0.00166266
0.00114359
0.00160428
0.00398850
-0.00161927
0.00194995
-0.00457777
0.00021688
-0.00108019
0.00008382
-0.00235779
0.00293759
0.00340541
0.00065231
-0.00020826
-0.00130185
-0.00186814
-0.00314645
0.00276061
0.00279006
0.00416252
-0.00525228
-0.00409474
-0.01216774
-0.00127524
-0.00002922
0.00286025
-0.00505789
-0.00165323
0.00026028
-0.00134589
-0.00114377
0.00120200
-0.00058282
0.00034059
0.00369512
-0.00595874
0.00244478
0.00331742
0.00604657
-0.03999969
0.00537129
-0.00398777
0.00068239
-0.00065719
-0.00183095
-0.00137118
0.00233065
-0.00316210
0.00068051
0.00208673
0.00146492
0.00137281
0.00329501
0.00383347
0.00220394
0.00394723
0.00426590
-0.00594347
0.00085249
0.00198095
0.00133730
0.00440585
-0.00196015
0.00349501
0.00045074
-0.00433353
0.00486759
-0.00184059
-0.00085862
-0.00178987
-0.00076998
-0.00066499
0.00156683
0.00384248
0.00415273
-0.00170294
-0.00656342
0.00273213
0.00011652
0.00007302
-0.00283942
-0.00220403
-0.00426851
-0.00004528
0.00012742
0.00101373
0.00125758
0.00151175
-0.00267004
-0.00268927
0.00431103
-0.00164315
0.00158616
-0.00702664
0.00449905
0.00254896
0.00430431
0.00103839
0.00479155
0.00308024
0.00095973
-0.00574308
0.00404945
-0.01496808
0.00186884
0.00274510
-0.00008179
-0.00155216
0.00275984
0.00031136
-0.00495499
0.00328863
0.00212931
-0.00175020
0.00042513
-0.00442635
0.00129996
-0.00566589
0.00253694
-0.00333324
-0.00520417
0.00082595
0.00507737
-0.00098384
0.00256366
-0.00457293
-0.00373192
0.00287385
0.00496276
-0.00381302
0.00048152
0.00242516
0.00167113
-0.00434285
-0.00624765
0.00383431
0.00343516
-0.00013505
0.00042424
0.00192225
0.00508151
-0.00088134
-0.00011237
0.00314697
-0.00027879
0.00461043
0.00102416
0.00231734
0.00314899
-0.00036710
0.02077004
-0.00141680
0.00062448
0.00022758
-0.00095361
0.00500355
-0.00142740
0.00503066
-0.00066606
-0.00084003
-0.00051913
-0.00079921
-0.00434890
0.00105365
0.00528416
-0.00192614
0.00235000
-0.08231200
-0.00452218
-0.00300007
0.00284121
-0.00184040
-0.00396607
-0.00505875
0.00121172
-0.00118666
0.00016227
-0.00134435
0.00297478
-0.00030128
-0.00291052
-0.00014073
0.00009551
-0.00125782
-0.00378204
-0.00169391
-0.00006404
0.00280998
0.00052915
0.00110341
0.00008039
-0.00009654
0.00286672
-0.00352864
-0.00167008
0.00412803
-0.00182798
0.00449776
0.00187348
0.00562270
-0.00278339
0.00105177
0.00200833
0.00051646
-0.00347539
0.00709534
0.00081136
-0.00330684
0.00000631
-0.00385705
-0.00434584
-0.00426555
0.00279994
-0.00150165
-0.00486496
-0.00161536
0.00241889
0.00276802
0.00476447
-0.00239600
0.00211571
-0.00214867
0.00409062
0.00673396
0.00441253
0.00318904
0.00441365
-0.00004438
-0.00204226
-0.00719700
0.00152584
-0.03114275
0.00065046
0.00188164
0.00105132
0.00096413
-0.00050596
0.00875902
-0.00132830
0.00168811
-0.00024969
-0.00567653
-0.00057422
0.00131809
0.00250023
-0.00098683
0.00088390
-0.00031678
-0.00085607
-0.00727501
0.00344097
-0.00146758
0.00555676
-0.00140848
0.00537973
0.00083541
0.00359559
-0.00617546
-0.00183584
-0.00206132
-0.00114792
0.00153205
0.00498700
0.00367471
-0.00419292
0.00136825
-0.00162442
-0.00246397
0.00000815
0.00123395
-0.00174546
0.00365961
-0.00034585
-0.00019481
-0.00632413
0.00355428
0.00194190
-0.00058893
-0.00031783
0.00486691
0.00415124
0.00474062
-0.00109291
0.00261818
0.00159086
0.00152970
0.00079701
0.00092137
0.00004734
0.00422621
-0.00030549
-0.00175155
0.00107956
-0.00326042
-0.00368429
-0.05672860
-0.00155753
-0.00034854
0.00495131
-0.00123567
-0.00061888
0.00215343
-0.00483782
-0.00023151
-0.00323797
-0.00053726
0.00186383
0.00382659
0.00031477
0.00106224
0.00623263
0.00252904
0.00185499
-0.00353908
0.00054187
-0.00141140
-0.00143745
0.00254919
-0.00091972
-0.00071913
-0.00359194
-0.00549954
-0.00237802
-0.00202461
0.00118268
0.00490707
-0.00186782
0.00158017
-0.00277141
-0.00216588
0.00112686
-0.00684019
-0.00115750
0.00253198
-0.00105663
0.00262927
0.00345216
-0.00054170
0.00305611
0.00001469
-0.00044716
0.00231905
-0.00380313
-0.00192417
-0.00763635
0.00617569
0.00738263
-0.00094154
-0.00306239
-0.00089018
0.00095861
0.00359393
-0.00151416
-0.00024855
-0.00071045
-0.00565637
0.00002502
-0.00293986
0.00146225
-0.02157018
-0.00030534
-0.00243072
-0.00210037
0.00419049
0.00369043
-0.01076480
0.00338325
0.00244134
-0.00216811
0.00284681
-0.00014267
-0.00120163
-0.00241378
0.00291738
0.00516907
-0.00010247
-0.00065082
0.00047762
0.00278114
0.00288009
0.00467222
-0.00258403
0.00005697
0.00368592
0.00120803
0.00005806
0.00275165
-0.00349566
-0.00024951
-0.00234755
0.00145066
-0.00208619
0.00125114
0.00051784
0.00042424
0.00192225
0.00508151
-0.00088134
-0.00011237
0.00314697
-0.00027879
0.00461043
0.00102416
0.00231734
0.00314899
-0.00036710
0.02077004
-0.00141680
0.00062448
0.00022758
-0.00095361
0.00500355
-0.00142740
0.00503066
-0.00066606
-0.00084003
-0.00051913
-0.00079921
-0.00434890
0.00105365
0.00528416
-0.00192614
0.00235000
-0.08231200
-0.00452218
-0.00300007
0.00284121
-0.00184040
-0.00396607
-0.00505875
0.00121172
-0.00118666
0.00016227
-0.00134435
0.00297478
-0.00030128
-0.00291052
-0.00014073
0.00009551
-0.00125782
-0.00378204
-0.00169391
-0.00006404
0.00280998
0.00052915
0.00110341
0.00008039
-0.00009654
0.00286672
-0.00352864
-0.00167008
0.00412803
-0.00182798
0.00449776
0.00187348
0.00562270
-0.00278339
0.00105177
0.00057219
-0.00110730
-0.00092489
0.00649988
-0.00230521
-0.00039994
0.00220455
0.00137185
-0.00131331
-0.00026559
0.00072569
0.00093785
-0.00588740
0.00194966
0.00287621
0.00482380
-0.00042256
-0.00247276
0.00234396
-0.00105246
0.00386497
0.00679276
-0.00278643
0.00175178
0.00206435
-0.00421196
-0.00331246
-0.00355093
0.00035561
-0.02029003
0.00148424
0.00498925
-0.00022322
0.00369633
0.00097909
-0.00786700
-0.00468193
0.00269714
0.00073566
-0.00083274
0.00152235
0.00218699
0.00583049
0.00457944
-0.00432225
0.00369451
-0.00095519
-0.00140045
0.00399689
-0.00514507
-0.00292755
0.00106411
0.00418963
0.00785148
0.00233062
-0.00025883
0.00043124
-0.00366899
-0.00228458
-0.00048899
0.00222279
-0.00310568
0.00155069
0.00309770
0.00042424
0.00192225
0.00508151
-0.00088134
-0.00011237
0.00314697
-0.00027879
0.00461043
0.00102416
0.00231734
0.00314899
-0.00036710
0.02077004
-0.00141680
0.00062448
0.00022758
-0.00095361
0.00500355
-0.00142740
0.00503066
-0.00066606
-0.00084003
-0.00051913
-0.00079921
-0.00434890
0.00105365
0.00528416
-0.00192614
0.00235000
-0.08231200
-0.00452218
-0.00300007
0.00284121
-0.00184040
-0.00396607
-0.00505875
0.00121172
-0.00118666
0.00016227
-0.00134435
0.00297478
-0.00030128
-0.00291052
-0.00014073
0.00009551
-0.00125782
-0.00378204
-0.00169391
-0.00006404
0.00280998
0.00052915
0.00110341
0.00008039
-0.00009654
0.00286672
-0.00352864
-0.00167008
0.00412803
-0.00182798
0.00449776
0.00187348
0.00562270
-0.00278339
0.00105177
0.00135525
0.00005532
0.00477255
0.00237344
-0.00143873
0.00200903
0.00017960
0.00341316
-0.00015330
0.00053705
0.00111611
-0.00075274
0.00784092
-0.00359684
0.00094422
0.00126032
0.00209594
0.00311848
-0.00311878
0.00261439
0.00448228
-0.00298401
0.00221166
-0.00117336
0.00021636
0.00212660
0.00449143
-0.00301282
0.00068302
-0.08306160
-0.00022833
-0.00329017
-0.00080600
-0.00013849
0.00087716
-0.00094770
-0.00292897
-0.00068017
-0.00081342
0.00032508
-0.00092905
-0.00126673
-0.00104156
-0.00105509
0.00243293
0.00012910
-0.00104916
-0.00027219
-0.00032620
0.00218467
0.00135607
0.00028880
-0.00219593
0.00118934
0.00193734
-0.00223455
-0.00086654
0.00068068
0.00063057
0.00231102
-0.00134803
0.00347551
-0.00181168
-0.00058240
-0.00076245
0.00032660
0.00231433
0.00344441
-0.00074792
-0.00313360
-0.00302512
0.00458171
-0.00005287
0.00140549
-0.00027390
-0.00405188
-0.00635578
-0.00014350
-0.00087961
0.00179070
0.00463400
0.00071181
0.00503299
-0.00072175
-0.00258040
0.00678310
-0.00172618
0.00228037
0.00010553
0.00125426
0.00474862
-0.00123644
0.00122967
-0.02425503
0.00124192
-0.00049052
-0.00307709
0.00066576
-0.00062845
-0.00229675
-0.00780403
0.00400024
-0.00377888
0.00019528
0.00302991
-0.00190982
-0.00378102
0.00292347
0.00015439
0.00073927
0.00131808
0.00344581
0.00483895
0.00108746
-0.00169370
-0.00069427
-0.00413170
0.00265931
-0.00082602
-0.00440377
-0.00189003
-0.00369142
0.00625850
-0.00344600
0.00585014
-0.00743201
-0.00206101
-0.00252523
