-0.00121089
-0.00014629
0.00108328
0.00109492
-0.00266457
0.00251360
-0.00154005
0.00083639
-0.00031886
-0.00214313
0.00523211
-0.00111727
-0.00225374
-0.00173895
-0.00028142
-0.00141606
0.00170100
-0.00101774
-0.00188704
0.00200382
0.00059697
-0.00023214
-0.00221215
0.00092029
0.00044867
-0.00013561
0.00202290
0.00123713
0.00266414
0.00877305
-0.00258493
0.00134012
0.00413846
0.00097008
-0.00049024
0.00870968
0.00153930
0.00365457
-0.00520686
0.00135520
-0.00166927
-0.00152804
0.00148100
0.00112663
0.00280147
-0.00304048
-0.00305717
-0.00079540
-0.00209035
0.00142636
-0.00209644
-0.00070265
0.00142764
-0.00036995
-0.00356363
-0.00093578
0.00250787
-0.00068279
-0.00314164
-0.00122238
0.00051380
-0.00212585
-0.00026191
-0.00068051
0.00041317
0.00192145
0.00127997
0.00201694
0.00050385
0.00115513
-0.00073138
0.00023440
-0.00100238
0.00176516
0.00316256
0.00146666
-0.00410004
-0.00108746
0.00169165
0.00101523
-0.00037896
0.00020121
0.00046109
0.00240844
0.00193131
-0.00207671
0.00095452
0.00269588
0.00061243
-0.00196641
0.00106278
0.00127908
0.00169863
-0.03288867
0.00155219
-0.00032235
0.00224498
0.00028424
0.00075276
0.00537940
-0.00078013
0.00362762
-0.00376120
0.00293063
0.00151322
-0.00034282
0.00187146
0.00400950
0.00388117
-0.00053708
-0.00253590
-0.00000080
0.00189361
-0.00006008
0.00026476
-0.00116447
0.00204340
0.00296401
-0.00109841
0.00021857
0.00201159
-0.00236667
-0.00229950
0.00017990
0.00173214
-0.00326475
0.00026039
-0.00020569
0.00022037
0.00177779
0.00027937
0.00150321
0.00080238
0.00055441
0.00090842
0.00022799
-0.00149443
0.00220209
0.00141348
0.00115755
-0.00171491
-0.00082544
0.00146587
0.00094520
0.00020338
0.00052754
0.00050752
0.00129883
0.00129634
-0.00093173
0.00119783
0.00260119
0.00097777
-0.00175085
0.00080720
0.00108993
0.00206239
-0.03448312
0.00018539
0.00008213
0.00172051
-0.00011186
0.00045706
0.00318918
-0.00170556
0.00126572
-0.00148179
0.00126251
0.00098341
0.00033332
0.00130192
0.00355361
0.00277295
-0.00026859
-0.00124065
-0.00079312
0.00147224
-0.00055721
-0.00015304
-0.00100616
0.00017935
0.00110414
-0.00074382
0.00051561
0.00084364
-0.00106380
-0.00121466
0.00043205
0.00199881
-0.00237330
0.00051306
-0.00015649
0.00079857
0.00333309
0.00052188
0.00253085
0.00146368
0.00068213
0.00152689
-0.00088955
-0.00141063
0.00141852
0.00111519
0.00072363
-0.00366067
0.00033094
0.00142051
0.00160128
0.00031831
0.00111725
0.00046492
0.00126042
0.00268901
-0.00014777
0.00122227
0.00270634
0.00057254
-0.00122227
0.00079907
0.00131829
0.00226230
-0.02880734
0.00029267
0.00017513
0.00050044
0.00079455
-0.00044516
0.00206938
-0.00251438
0.00215039
-0.00118632
0.00055143
0.00101378
0.00061626
0.00194864
0.00190757
0.00140781
0.00018225
-0.00176879
-0.00049109
0.00049638
-0.00040366
0.00155844
-0.00057439
-0.00063735
0.00080347
0.00043689
-0.00028104
0.00040961
-0.00177520
-0.00074854
0.00049149
0.00046598
-0.00111936
-0.00057535
-0.00072301
-0.00035270
0.00364354
0.00048887
0.00213047
-0.00006727
0.00059015
0.00083588
-0.00095886
-0.00237741
0.00147067
0.00152310
0.00004917
-0.00416085
-0.00019930
0.00076394
0.00288016
0.00109353
-0.00003277
0.00036754
0.00047093
0.00187822
0.00075489
0.00120388
0.00215567
0.00161558
-0.00085236
0.00004882
0.00057981
0.00279589
-0.02343392
0.00067934
-0.00072282
0.00052552
0.00056940
-0.00054659
0.00171957
-0.00314030
0.00167842
-0.00204191
0.00049582
0.00026409
-0.00031046
0.00227225
0.00185953
0.00147604
0.00058230
-0.00119766
-0.00021756
0.00043947
-0.00029873
0.00102744
-0.00091904
-0.00006246
0.00059226
0.00137282
-0.00146134
0.00103856
-0.00114956
-0.00064344
0.00003575
0.00076562
-0.00082749
0.00021791
-0.00008022
0.00023747
0.00300429
0.00034086
0.00240392
-0.00033339
0.00078528
0.00062251
-0.00130079
-0.00225980
0.00132194
0.00168825
-0.00033371
-0.00334721
-0.00001637
0.00232045
0.00239515
0.00068316
0.00011393
0.00036188
0.00128884
0.00273679
0.00115917
0.00107930
0.00210280
0.00138716
-0.00094766
0.00047275
0.00028916
0.00271360
-0.02840506
0.00099376
-0.00088764
-0.00056513
0.00078613
-0.00088752
0.00196398
-0.00379720
0.00174037
-0.00158267
-0.00004796
0.00071070
-0.00059956
0.00258478
0.00143332
0.00130841
0.00044961
-0.00130051
-0.00038115
0.00029975
-0.00026490
0.00201805
-0.00087971
0.00075165
0.00083212
0.00177252
-0.00092334
0.00058652
-0.00149536
-0.00088503
-0.00049883
0.00079481
-0.00049060
-0.00043565
0.00044809
0.00000470
0.00329595
0.00149530
0.00150423
-0.00038921
0.00116597
0.00060346
0.00005517
-0.00188199
0.00190628
0.00168107
-0.00046592
0.00281996
-0.00031406
0.00160189
0.00263975
0.00051387
0.00124473
0.00004788
0.00175739
0.00167387
0.00109851
0.00097321
0.00127417
0.00026824
-0.00029419
0.00131811
-0.00054945
0.00283782
-0.04336647
-0.00024184
-0.00183291
-0.00000056
-0.00000309
-0.00181769
-0.00093737
-0.00312419
0.00049536
-0.00089686
-0.00064753
0.00118308
-0.00057206
0.00124016
0.00092468
0.00069296
0.00048969
-0.00155683
-0.00063960
0.00029921
0.00040734
0.00174230
-0.00041938
0.00030074
0.00038826
0.00285186
-0.00209358
-0.00006620
0.00025079
-0.00073541
0.00089640
0.00109312
0.00150010
-0.00080158
0.00076007
0.00019840
0.00222638
0.00044050
0.00142329
-0.00114342
0.00101682
0.00019200
-0.00066377
-0.00167107
0.00131624
0.00147916
-0.00056868
-0.00084143
-0.00072769
0.00201543
0.00218144
0.00086787
-0.00029539
-0.00030096
0.00193653
0.00175165
0.00117986
0.00086761
0.00134980
0.00046188
-0.00060927
0.00043578
0.00008342
0.00294675
-0.03329801
-0.00060403
-0.00107062
0.00022534
0.00048633
-0.00108653
0.00124992
-0.00207338
0.00154211
-0.00136933
0.00002572
0.00076715
-0.00104227
0.00118552
0.00138258
0.00080504
-0.00064619
-0.00211377
-0.00079238
0.00061106
-0.00050065
0.00120353
-0.00068878
0.00138222
0.00021765
0.00140744
-0.00136816
-0.00030351
-0.00117650
-0.00113750
-0.00013176
0.00066185
-0.00015390
-0.00088830
0.00117708
0.00042620
0.00170329
0.00029454
0.00121467
-0.00120294
0.00012078
0.00061215
-0.00055761
-0.00135687
0.00135395
0.00125377
-0.00061014
-0.00049126
-0.00048054
0.00166979
0.00246686
0.00055002
0.00007294
0.00002989
0.00154306
0.00189161
0.00101700
0.00076456
0.00122580
0.00071260
-0.00033101
-0.00017053
0.00035697
0.00250410
-0.03614080
0.00010537
-0.00102454
-0.00028609
0.00042588
-0.00060344
0.00123012
-0.00201897
0.00168098
-0.00131138
-0.00032309
0.00058279
-0.00115365
0.00146771
0.00045220
0.00080002
-0.00038589
-0.00209647
-0.00078241
0.00121826
-0.00088324
0.00122049
-0.00106972
0.00110528
0.00090636
0.00154541
-0.00127245
0.00000654
-0.00172759
-0.00065479
-0.00038356
0.00070055
0.00006242
-0.00077201
0.00113838
0.00027882
0.00116006
-0.00004974
0.00108921
-0.00130145
-0.00027823
0.00062719
-0.00022150
-0.00123394
0.00126845
0.00085506
-0.00005707
-0.00207302
-0.00096792
0.00146185
0.00245238
0.00046270
-0.00030682
0.00026267
0.00125017
0.00217291
0.00098230
0.00118811
0.00146527
0.00103449
-0.00033107
0.00003344
-0.00000282
0.00263387
-0.03503579
0.00014916
-0.00095133
-0.00035399
0.00065572
-0.00030159
0.00196769
-0.00161610
0.00156216
-0.00106045
0.00009671
0.00032251
-0.00109132
0.00111751
0.00057591
0.00123973
-0.00038904
-0.00151771
-0.00061974
0.00108412
-0.00071326
0.00182185
-0.00141432
0.00072494
0.00101124
0.00157513
-0.00134645
-0.00021806
-0.00192747
-0.00014885
-0.00012594
0.00071085
-0.00021511
-0.00116135
0.00126140
0.00102706
0.00119165
-0.00038718
0.00115188
-0.00102856
-0.00012237
0.00055598
-0.00042973
-0.00156371
0.00147720
0.00065196
-0.00028941
-0.00133802
-0.00123558
0.00150410
0.00242358
0.00030989
-0.00025272
0.00065602
0.00160549
0.00159149
0.00127510
0.00124825
0.00118355
0.00107851
-0.00011777
-0.00011204
-0.00012735
0.00231039
-0.03303882
0.00031559
-0.00116968
-0.00052623
0.00027539
-0.00043062
0.00192380
-0.00162914
0.00213118
-0.00113501
-0.00016364
0.00031059
-0.00123961
0.00098138
0.00094557
0.00124833
0.00000196
-0.00132593
-0.00097512
0.00079709
-0.00038880
0.00144233
-0.00102714
0.00036787
0.00059208
0.00139982
-0.00064993
-0.00035171
-0.00165509
0.00044661
-0.00033452
0.00114227
0.00020218
-0.00113428
0.00132820
0.00096290
0.00093767
-0.00067576
0.00117174
-0.00092180
-0.00009150
0.00042775
-0.00050079
-0.00136502
0.00134411
0.00076720
-0.00036662
-0.00132987
-0.00158057
0.00145895
0.00241906
0.00054595
-0.00014468
0.00075275
0.00118351
0.00155897
0.00124186
0.00144339
0.00121622
0.00113133
-0.00019598
-0.00042978
-0.00016204
0.00250585
-0.03243990
0.00038343
-0.00113259
-0.00089476
0.00036046
-0.00057561
0.00170247
-0.00144327
0.00215453
-0.00093501
-0.00020478
0.00040051
-0.00073715
0.00112404
0.00131088
0.00127925
0.00031096
-0.00123897
-0.00122763
0.00080321
-0.00019454
0.00130794
-0.00122775
0.00023789
0.00077904
0.00139572
-0.00051617
-0.00027458
-0.00146456
0.00059990
-0.00004977
0.00155181
0.00013896
-0.00087450
0.00111412
0.00051779
0.00062362
-0.00044724
0.00116503
-0.00051465
-0.00007580
0.00036163
-0.00053941
-0.00100638
0.00102554
0.00075751
-0.00023413
-0.00126270
-0.00135556
0.00164399
0.00242967
0.00073012
-0.00004947
0.00096325
0.00072038
0.00146482
0.00080249
0.00164100
0.00107667
0.00125358
-0.00024530
-0.00031688
-0.00024760
0.00235220
-0.03349438
0.00040875
-0.00097943
-0.00112227
0.00001728
-0.00031436
0.00194578
-0.00140870
0.00216079
-0.00078893
-0.00042580
0.00022457
-0.00097425
0.00122747
0.00125619
0.00136549
0.00010701
-0.00162694
-0.00143940
0.00064908
-0.00031706
0.00109668
-0.00116289
0.00021504
0.00099912
0.00170315
-0.00062396
-0.00018153
-0.00149815
0.00046921
-0.00009896
0.00138449
0.00002425
-0.00058404
0.00090289
0.00071242
0.00031284
-0.00036332
0.00107239
-0.00075774
0.00039647
0.00032387
-0.00075855
-0.00085863
0.00092094
0.00053642
-0.00006493
-0.00095046
-0.00121596
0.00152641
0.00223064
0.00118496
-0.00005227
0.00107860
0.00041733
0.00146953
0.00058598
0.00158968
0.00129656
0.00108524
-0.00033573
-0.00023728
-0.00018544
0.00221225
-0.03474158
0.00047199
-0.00100972
-0.00103070
-0.00027429
-0.00017394
0.00188446
-0.00133243
0.00214187
-0.00085643
-0.00019541
0.00031182
-0.00116913
0.00159217
0.00111057
0.00141507
0.00022374
-0.00150004
-0.00155445
0.00073659
-0.00030793
0.00086920
-0.00105167
0.00040116
0.00109788
0.00191959
-0.00076368
-0.00006944
-0.00143474
0.00037915
-0.00025434
0.00153137
-0.00006914
-0.00029214
0.00089055
0.00105915
0.00032457
-0.00070811
0.00142369
-0.00106302
0.00017030
0.00025537
-0.00067930
-0.00125875
0.00086776
0.00033113
-0.00016433
-0.00129223
-0.00096505
0.00153821
0.00217322
0.00089440
-0.00039723
0.00088117
0.00037643
0.00166673
0.00091259
0.00173503
0.00143879
0.00113943
-0.00053286
-0.00028379
-0.00069980
0.00247465
-0.03597398
0.00050372
-0.00097916
-0.00088379
-0.00038139
0.00008725
0.00173410
-0.00162713
0.00187472
-0.00063143
-0.00010386
0.00046059
-0.00106679
0.00174360
0.00141552
0.00145827
-0.00000855
-0.00132038
-0.00158078
0.00093020
0.00007146
0.00102674
-0.00111765
0.00074519
0.00127145
0.00212465
-0.00076178
-0.00031681
-0.00192071
0.00061372
-0.00038068
0.00114709
0.00005569
-0.00007785
0.00098985
0.00090324
0.00011207
-0.00056011
0.00128044
-0.00099009
0.00055124
-0.00008653
-0.00059937
-0.00096261
0.00083510
0.00060163
-0.00016592
-0.00063394
-0.00104164
0.00141526
0.00174520
0.00109263
-0.00047222
0.00065603
0.00043112
0.00148785
0.00077221
0.00137944
0.00138381
0.00089847
-0.00035353
-0.00021166
-0.00055249
0.00213573
-0.03514830
0.00065972
-0.00081172
-0.00092146
-0.00023376
0.00020040
0.00182589
-0.00131395
0.00172878
-0.00045720
0.00018255
0.00044552
-0.00116697
0.00146173
0.00145213
0.00150531
0.00031506
-0.00152636
-0.00141810
0.00090034
0.00018497
0.00093945
-0.00118780
0.00118696
0.00138072
0.00198479
-0.00077948
-0.00007813
-0.00149747
0.00050933
-0.00023746
0.00132165
0.00019735
-0.00021514
0.00077439
