-0.00121089
-0.00014629
0.00108328
0.00109492
-0.00266457
0.00251360
-0.00154005
0.00083639
-0.00031886
-0.00214313
0.00523211
-0.00111727
-0.00225374
-0.00173895
-0.00028142
-0.00141606
0.00170100
-0.00101774
-0.00188704
0.00200382
0.00059697
-0.00023214
-0.00221215
0.00092029
0.00044867
-0.00013561
0.00202290
0.00123713
0.00266414
0.00877305
-0.00258493
0.00134012
0.00413846
0.00097008
-0.00049024
0.00870968
0.00153930
0.00365457
-0.00520686
0.00135520
-0.00166927
-0.00152804
0.00148100
0.00112663
0.00280147
-0.00304048
-0.00305717
-0.00079540
-0.00209035
0.00142636
-0.00209644
-0.00070265
0.00142764
-0.00036995
-0.00356363
-0.00093578
0.00250787
-0.00068279
-0.00314164
-0.00122238
0.00051380
-0.00212585
-0.00026191
-0.00068051
0.00041336
0.00192170
0.00127999
0.00201704
0.00050422
0.00115497
-0.00073128
0.00023433
-0.00100247
0.00176562
0.00316232
0.00146697
-0.00410026
-0.00108739
0.00169188
0.00101551
-0.00037920
0.00020136
0.00046137
0.00240848
0.00193147
-0.00207692
0.00095489
0.00269609
0.00061245
-0.00196662
0.00106267
0.00127908
0.00169851
-0.03289356
0.00155268
-0.00032255
0.00224475
0.00028416
0.00075291
0.00537901
-0.00078040
0.00362761
-0.00376103
0.00293081
0.00151359
-0.00034268
0.00187150
0.00400983
0.00388130
-0.00053678
-0.00253584
-0.00000071
0.00189407
-0.00006025
0.00026503
-0.00116453
0.00204348
0.00296441
-0.00109812
0.00021870
0.00201153
-0.00236687
-0.00229941
0.00018007
0.00173228
-0.00326488
0.00026045
-0.00020563
0.00021987
0.00177699
0.00028079
0.00150354
0.00080037
0.00055599
0.00090553
0.00022829
-0.00149335
0.00219951
0.00141715
0.00115675
-0.00171763
-0.00082616
0.00146525
0.00094412
0.00020351
0.00052645
0.00050630
0.00130032
0.00129665
-0.00093256
0.00119591
0.00260047
0.00097714
-0.00175028
0.00080806
0.00109020
0.00206231
-0.03446030
0.00018544
0.00008233
0.00172224
-0.00011093
0.00045690
0.00319414
-0.00170302
0.00126931
-0.00148595
0.00126427
0.00098266
0.00033172
0.00130259
0.00355290
0.00277410
-0.00027022
-0.00124287
-0.00079231
0.00147092
-0.00055573
-0.00015356
-0.00100618
0.00018187
0.00110533
-0.00074556
0.00051460
0.00084565
-0.00106495
-0.00121672
0.00043098
0.00199781
-0.00237409
0.00051242
-0.00015679
0.00079972
0.00333401
0.00052305
0.00253160
0.00146539
0.00068172
0.00152528
-0.00088941
-0.00141063
0.00142140
0.00111580
0.00072618
-0.00366379
0.00033052
0.00142230
0.00160286
0.00031600
0.00111749
0.00046668
0.00126203
0.00269002
-0.00015091
0.00122439
0.00270774
0.00057245
-0.00122419
0.00079864
0.00131842
0.00226104
-0.02884016
0.00029733
0.00017335
0.00050025
0.00079400
-0.00044339
0.00206997
-0.00251464
0.00215262
-0.00118801
0.00055493
0.00101679
0.00061623
0.00194926
0.00191116
0.00141063
0.00018361
-0.00176961
-0.00048973
0.00050040
-0.00040429
0.00155981
-0.00057515
-0.00063430
0.00080831
0.00043773
-0.00028008
0.00041081
-0.00177761
-0.00074940
0.00049224
0.00046741
-0.00112191
-0.00057467
-0.00072241
-0.00035225
0.00364510
0.00048894
0.00213122
-0.00006649
0.00058989
0.00083654
-0.00095979
-0.00237776
0.00147091
0.00152236
0.00004916
-0.00416239
-0.00019843
0.00076410
0.00288137
0.00109347
-0.00003232
0.00036794
0.00047066
0.00187921
0.00075546
0.00120453
0.00215595
0.00161560
-0.00085221
0.00004843
0.00057980
0.00279602
-0.02343671
0.00068010
-0.00072321
0.00052422
0.00056982
-0.00054707
0.00171776
-0.00314159
0.00167863
-0.00204131
0.00049537
0.00026448
-0.00031015
0.00227279
0.00185881
0.00147513
0.00058322
-0.00119764
-0.00021724
0.00043945
-0.00029894
0.00102895
-0.00091887
-0.00006305
0.00059238
0.00137439
-0.00146192
0.00103814
-0.00115008
-0.00064278
0.00003599
0.00076485
-0.00082662
0.00021743
-0.00008039
0.00024027
0.00300566
0.00034068
0.00240420
-0.00032538
0.00078362
0.00062700
-0.00129940
-0.00225769
0.00132540
0.00168383
-0.00032862
-0.00334644
-0.00001501
0.00231913
0.00239344
0.00068079
0.00011820
0.00036379
0.00128852
0.00273672
0.00115418
0.00108194
0.00210586
0.00138483
-0.00094990
0.00047324
0.00029235
0.00271158
-0.02843903
0.00099306
-0.00088487
-0.00056299
0.00078509
-0.00088516
0.00196115
-0.00379489
0.00173959
-0.00157860
-0.00004606
0.00071355
-0.00059437
0.00258225
0.00143703
0.00130916
0.00045025
-0.00130061
-0.00038182
0.00030305
-0.00026676
0.00201731
-0.00087902
0.00074658
0.00083299
0.00176942
-0.00091958
0.00058472
-0.00149623
-0.00088351
-0.00049459
0.00079538
-0.00049324
-0.00043538
0.00044489
0.00001077
0.00328473
0.00151200
0.00149018
-0.00037819
0.00117382
0.00060392
0.00008287
-0.00186359
0.00191459
0.00168309
-0.00045771
0.00292010
-0.00032032
0.00159818
0.00262099
0.00050191
0.00126909
0.00004291
0.00177540
0.00165981
0.00108006
0.00096862
0.00126771
0.00024160
-0.00029212
0.00134034
-0.00055260
0.00283163
-0.04363407
-0.00026550
-0.00183443
0.00001849
-0.00001582
-0.00182350
-0.00095822
-0.00309725
0.00048321
-0.00088486
-0.00064793
0.00119682
-0.00056406
0.00121390
0.00092785
0.00069408
0.00047955
-0.00156715
-0.00064755
0.00030382
0.00041656
0.00173198
-0.00041148
0.00029536
0.00038753
0.00284390
-0.00209154
-0.00007710
0.00027066
-0.00074056
0.00091961
0.00110190
0.00151446
-0.00080997
0.00075906
0.00019654
0.00222406
0.00043718
0.00142297
-0.00114869
0.00101665
0.00018937
-0.00066672
-0.00167166
0.00131227
0.00148027
-0.00057064
-0.00085843
-0.00072955
0.00201380
0.00218164
0.00087125
-0.00030281
-0.00030296
0.00193506
0.00175076
0.00118174
0.00086612
0.00134910
0.00046441
-0.00060903
0.00043159
0.00008517
0.00294822
-0.03322675
-0.00060535
-0.00106838
0.00022723
0.00048854
-0.00108444
0.00125891
-0.00206991
0.00154648
-0.00137408
0.00002818
0.00076303
-0.00104534
0.00118657
0.00138283
0.00080527
-0.00064983
-0.00211532
-0.00079203
0.00061017
-0.00050281
0.00120028
-0.00069005
0.00138578
0.00021600
0.00140289
-0.00136855
-0.00030211
-0.00118064
-0.00113890
-0.00013636
0.00065946
-0.00015916
-0.00088738
0.00117811
0.00042657
0.00170000
0.00029670
0.00121236
-0.00120471
0.00012146
0.00061038
-0.00055428
-0.00135399
0.00135324
0.00125590
-0.00061071
-0.00047983
-0.00048190
0.00166911
0.00246483
0.00054876
0.00007450
0.00002859
0.00154573
0.00188997
0.00101532
0.00076254
0.00122364
0.00070968
-0.00032968
-0.00016873
0.00035641
0.00250323
-0.03616232
0.00010314
-0.00102518
-0.00028410
0.00042484
-0.00060391
0.00123029
-0.00201433
0.00168148
-0.00131233
-0.00032314
0.00058334
-0.00115492
0.00146521
0.00045036
0.00080029
-0.00038818
-0.00209900
-0.00078308
0.00121881
-0.00088207
0.00121893
-0.00106948
0.00110702
0.00090738
0.00154428
-0.00127321
0.00000636
-0.00172656
-0.00065607
-0.00038259
0.00070105
0.00006442
-0.00077340
0.00113930
0.00027702
0.00115666
-0.00004574
0.00108451
-0.00130709
-0.00027424
0.00062226
-0.00021647
-0.00123104
0.00126683
0.00085959
-0.00005999
-0.00205275
-0.00097156
0.00145968
0.00244991
0.00046357
-0.00030721
0.00025825
0.00125476
0.00216697
0.00098171
0.00118410
0.00146017
0.00102934
-0.00032850
0.00003616
-0.00000483
0.00263473
-0.03505113
0.00014155
-0.00095339
-0.00034798
0.00065347
-0.00030434
0.00196595
-0.00160787
0.00156181
-0.00106340
0.00009683
0.00032245
-0.00109473
0.00111200
0.00057477
0.00123868
-0.00039432
-0.00152261
-0.00062124
0.00108326
-0.00071087
0.00181624
-0.00141267
0.00072957
0.00100901
0.00157323
-0.00135022
-0.00021900
-0.00192279
-0.00015269
-0.00012434
0.00071129
-0.00021143
-0.00116263
0.00126407
0.00103066
0.00118869
-0.00038971
0.00114965
-0.00102641
-0.00012783
0.00055918
-0.00042841
-0.00156230
0.00148056
0.00064636
-0.00028730
-0.00133463
-0.00123643
0.00150222
0.00242572
0.00030721
-0.00025105
0.00065945
0.00160436
0.00159013
0.00127391
0.00125086
0.00118310
0.00107891
-0.00011672
-0.00011560
-0.00012690
0.00230774
-0.03307868
0.00031808
-0.00117031
-0.00052873
0.00027358
-0.00042754
0.00192040
-0.00162674
0.00213136
-0.00113149
-0.00016445
0.00031110
-0.00123913
0.00097891
0.00094440
0.00124836
0.00000394
-0.00132462
-0.00097625
0.00080182
-0.00039130
0.00144237
-0.00102836
0.00036440
0.00059423
0.00140057
-0.00064751
-0.00035372
-0.00165736
0.00045218
-0.00033343
0.00114390
0.00020342
-0.00113471
0.00132926
0.00096614
0.00093871
-0.00067728
0.00117193
-0.00091945
-0.00009270
0.00042838
-0.00050163
-0.00136703
0.00134718
0.00076484
-0.00036571
-0.00133041
-0.00158121
0.00145859
0.00242065
0.00054436
-0.00014471
0.00075569
0.00118425
0.00155654
0.00124162
0.00144507
0.00121612
0.00113258
-0.00019599
-0.00043175
-0.00016182
0.00250362
-0.03244551
0.00038656
-0.00113381
-0.00089513
0.00035831
-0.00057402
0.00170205
-0.00144400
0.00215686
-0.00093550
-0.00020433
0.00040102
-0.00073775
0.00112366
0.00131368
0.00128048
0.00031348
-0.00123758
-0.00122819
0.00080487
-0.00019492
0.00130638
-0.00122687
0.00023633
0.00077915
0.00139526
-0.00051289
-0.00027452
-0.00146504
0.00060298
-0.00005051
0.00155392
0.00013884
-0.00087328
0.00111452
0.00051534
0.00062456
-0.00045323
0.00116707
-0.00051566
-0.00007728
0.00036236
-0.00054362
-0.00100903
0.00102382
0.00075508
-0.00023298
-0.00128930
-0.00135741
0.00164260
0.00243131
0.00073416
-0.00005589
0.00096338
0.00071466
0.00146717
0.00080518
0.00164380
0.00108027
0.00125856
-0.00024746
-0.00032124
-0.00024642
0.00235580
-0.03342550
0.00040936
-0.00097651
-0.00112331
0.00002138
-0.00031275
0.00195107
-0.00140998
0.00216109
-0.00078879
-0.00042265
0.00022169
-0.00097141
0.00122987
0.00126039
0.00136628
0.00010800
-0.00162287
-0.00143840
0.00064792
-0.00031869
0.00109780
-0.00116558
0.00021349
0.00099723
0.00170087
-0.00062347
-0.00018123
-0.00150107
0.00047080
-0.00010006
0.00138372
0.00001742
-0.00058239
0.00090177
0.00071230
0.00031472
-0.00036177
0.00107290
-0.00075842
0.00039840
0.00032294
-0.00075792
-0.00085904
0.00092105
0.00053854
-0.00006536
-0.00094793
-0.00121606
0.00152642
0.00223000
0.00118483
-0.00005149
0.00107724
0.00041901
0.00147011
0.00058622
0.00158863
0.00129691
0.00108386
-0.00033591
-0.00023561
-0.00018566
0.00221313
-0.03474272
0.00047123
-0.00101039
-0.00102929
-0.00027347
-0.00017581
0.00188332
-0.00133279
0.00214151
-0.00085753
-0.00019461
0.00031298
-0.00116828
0.00159227
0.00111099
0.00141496
0.00022389
-0.00150019
-0.00155363
0.00073592
-0.00030636
0.00086991
-0.00105126
0.00040213
0.00109767
0.00191951
-0.00076476
-0.00006900
-0.00143331
0.00037751
-0.00025326
0.00153151
-0.00006836
-0.00029278
0.00089035
0.00105960
0.00032650
-0.00070694
0.00142431
-0.00106309
0.00017058
0.00025579
-0.00067765
-0.00125928
0.00086893
0.00033230
-0.00016455
-0.00128682
-0.00096437
0.00153835
0.00217258
0.00089286
-0.00039524
0.00087969
0.00037798
0.00166797
0.00091296
0.00173439
0.00143951
0.00113783
-0.00053336
-0.00028223
-0.00070042
0.00247570
-0.03599397
0.00050308
-0.00097970
-0.00088280
-0.00038065
0.00008569
0.00173055
-0.00162842
0.00187230
-0.00063049
-0.00010387
0.00046262
-0.00106454
0.00174338
0.00141573
0.00145782
-0.00000824
-0.00131990
-0.00158002
0.00093092
0.00007293
0.00102830
-0.00111779
0.00074551
0.00127198
0.00212516
-0.00076251
-0.00031717
-0.00191960
0.00061284
-0.00037873
0.00114715
0.00005733
-0.00007845
0.00098962
0.00090588
0.00011451
-0.00056067
0.00128098
-0.00099069
0.00055038
-0.00008554
-0.00059882
-0.00096528
0.00083797
0.00059995
-0.00016585
-0.00063179
-0.00104082
0.00141516
0.00174594
0.00109051
-0.00047244
0.00065552
0.00043330
0.00148773
0.00077366
0.00137980
0.00138449
0.00089782
-0.00035413
-0.00021185
-0.00055329
0.00213604
-0.03516807
0.00065990
-0.00081290
-0.00091984
-0.00023432
0.00020054
0.00182241
-0.00131574
0.00172735
-0.00045656
0.00018316
0.00044731
-0.00116649
0.00146101
0.00145344
0.00150489
0.00031523
-0.00152502
-0.00141746
0.00090256
0.00018514
0.00094009
-0.00118732
0.00118758
0.00138027
0.00198514
-0.00077896
-0.00007963
-0.00149822
0.00051024
-0.00023731
0.00132130
0.00019837
-0.00021525
0.00077579
