0.01921646
-0.03696747
0.01121893
-0.00411784
-0.00809370
0.03322516
-0.02398036
-0.03935931
-0.01736545
0.00062843
0.01442537
-0.00460195
0.02578290
0.01303946
-0.03879911
0.02090071
0.03303053
0.01510236
-0.00172072
-0.01551444
-0.01368686
-0.00825359
0.01257043
-0.00433107
0.02551439
-0.00591934
-0.01438570
0.01813526
-0.01179848
-0.01241571
0.01053777
-0.00197725
0.02080264
0.02069814
0.02818142
0.01274568
-0.00553341
-0.00976400
0.02707328
-0.01819738
0.01891200
-0.01223096
0.03659431
-0.02860267
-0.01098306
0.02353766
0.02622519
0.01948439
0.02188282
0.02176782
0.00967313
0.03717434
-0.04397175
0.00115418
-0.02252309
0.02037250
0.01584715
-0.01161906
-0.03293460
-0.01318741
-0.00966914
-0.01272746
0.00038286
-0.00956384
0.43437624
0.47788280
-0.03523603
-0.10329019
0.25635827
0.15012535
-0.23571281
0.05608614
-0.23696077
0.19360888
0.23793975
-0.21401469
0.33433127
0.21287858
0.07741362
0.16923480
0.37895256
0.59296584
0.50652486
-0.16623673
-0.13697176
-0.16261916
0.15415940
1.38711786
0.04153697
-0.14721493
-0.03774199
0.00825603
0.00210537
0.09724934
-0.02084179
0.03996349
-0.47463635
0.09945458
-0.39580774
-0.31707656
-0.09831019
0.19317004
-0.08219503
-0.23191787
-0.14641184
0.16412985
-0.04841354
-0.25169572
-0.26677427
0.13438590
0.22185610
-0.04063069
0.20380780
0.16473977
0.20141777
0.58909273
0.03880582
0.41562641
-0.87496597
0.08194594
-0.79226184
-0.07693397
0.03088366
-0.01466494
-0.02513978
0.02241659
0.03716686
0.02596629
0.65537405
0.18609612
0.33524701
0.24895349
0.34072179
0.01648763
-0.28634515
0.22585717
-0.30839080
0.32164818
0.35842994
-0.36510047
0.34192768
0.32807451
0.21307950
0.20390496
0.50987470
0.61970448
0.44970766
-0.16822992
-0.15875818
-0.24219479
0.20033911
1.28659415
0.00011247
0.11010163
0.18245703
0.05011540
0.17904547
0.10884782
-0.16788180
0.11921825
0.15435994
0.47451532
-0.27537787
-0.31288242
0.18257493
0.33418399
-0.25913727
-0.28713837
-0.31368744
0.34007254
-0.26409817
-0.29862446
-0.34857431
0.17205605
0.20077036
-0.14923151
0.21286890
0.17912753
0.23876931
0.91490835
0.08359957
0.54603451
-1.14480007
0.09430356
-0.55727261
-0.01826563
-0.00977634
0.18548988
-0.07492962
0.17284432
0.11003768
0.16182689
0.15313941
-0.06270682
0.17490730
0.18150535
0.21786916
0.06589983
-0.32077089
0.13019295
-0.30631530
0.28389499
0.33891732
-0.25766009
0.38307863
0.30707225
-0.00854373
0.25463414
0.44002473
0.50396562
0.33314335
-0.22462527
-0.22566777
-0.24855560
0.22797471
1.11520791
0.13454801
0.04980909
0.08983815
0.14690934
0.10709419
0.09668434
-0.11089730
0.12010881
0.39394644
0.24584214
-0.04783983
-0.13071468
0.16173857
0.34480959
-0.22153696
-0.33249566
-0.24345776
0.27434707
-0.05331349
-0.34972018
-0.20567125
0.23331444
0.27232096
-0.02738404
0.28208345
0.24731702
0.26456591
0.83281142
-0.12018031
0.51380140
-1.07260418
0.17080081
-0.44474000
-0.12875466
-0.16864239
0.10271289
-0.13401423
0.10665323
0.12293531
0.11168329
-0.33328235
-0.24056549
0.15654844
0.30877483
0.17553347
0.00195451
-0.32426178
0.21590337
-0.32077748
0.30510551
0.44158906
-0.35314214
0.41835681
0.37884423
-0.02001910
0.32632062
0.47044039
0.50650394
0.37564486
-0.23221952
-0.26160678
-0.22272260
0.22705419
1.00615537
0.16409792
-0.09575772
-0.07296386
0.08287539
-0.04604982
-0.02268388
0.03531078
0.00246984
0.34509167
0.03343029
0.16053224
0.01972128
0.32619351
0.43275484
-0.33806261
-0.36252245
-0.34535041
0.39331090
-0.07124709
-0.39104816
-0.32456863
0.24239624
0.34299546
-0.04992982
0.32769349
0.29466733
0.28308344
0.90475243
-0.05262772
0.48118517
-1.07256019
0.20014106
-0.44595507
-0.09052204
-0.14612567
-0.05584135
-0.04786171
-0.04169757
0.01194355
-0.03104506
-0.70306581
-0.47552615
0.33171645
0.32397759
0.16672449
-0.07074136
-0.10461894
0.17975663
-0.14179125
0.11728152
0.21729344
-0.10541920
0.38202301
0.18916641
-0.02292917
0.18697840
0.35480505
0.54628068
0.44384170
-0.20394747
-0.14432293
-0.15824698
0.17180292
1.31444800
0.08796198
-0.16494635
-0.07815035
0.04712109
-0.03564832
0.06080311
0.01462900
0.02813204
-0.01516828
-0.00656821
0.17885235
-0.06415936
0.22888334
0.25516757
-0.21566458
-0.15625092
-0.25131664
0.20397586
0.12897024
-0.30773437
-0.13501239
0.18126567
0.24879585
-0.00490603
0.24478669
0.21107899
0.21043161
0.56329411
-0.05968058
0.36418152
-0.84089631
0.11910073
-0.71039504
-0.09821881
-0.04344088
-0.05437337
-0.04192377
-0.01858907
0.03009934
-0.00627845
-0.68609565
-0.53136092
0.07640557
0.74014074
0.14876364
-0.36552438
0.16352917
0.58932447
-0.15187787
0.32991004
0.58852565
-0.58459049
0.26318139
0.32529685
0.83783942
0.16304597
0.60395873
0.97659135
0.99199361
-0.09845818
-0.17309964
-0.08637176
0.12086955
2.06813264
-0.15827784
-0.66773069
-0.45219961
-0.35178706
-0.35449144
-0.06260593
0.30485743
-0.25377616
-1.46121621
-1.07087386
1.12925231
0.51140177
0.71980166
0.14196560
-0.54366738
0.04456118
-0.54541582
0.62562180
-0.71132755
-0.14596877
-0.71435386
-0.02357674
0.18657303
-0.50062960
0.13459888
0.10888149
0.28956974
0.47785550
1.02647114
0.45172688
-0.83590561
0.01465719
-1.67776203
0.11694892
0.45868924
-0.39290246
0.30209875
-0.29068965
-0.26226726
-0.29125190
0.23915039
0.11581723
-0.17712511
0.07631974
-0.17054330
-0.28628394
-0.08279458
0.33587724
-0.18698511
0.17593272
0.41686752
-0.29498523
0.42795226
0.33771086
-0.07761182
0.30967924
0.36286211
0.39616448
0.30525601
-0.23622034
-0.26655081
-0.21339616
0.22405523
0.95784360
0.16957282
-0.04122776
-0.01056146
0.09423644
0.01332858
0.02647237
-0.02149073
0.04371821
-0.35833856
-0.20228937
0.14392436
0.30884421
0.33975750
0.30761227
-0.44051069
-0.22563289
-0.40015349
0.42573142
0.02166860
-0.41533583
-0.27577719
0.26096755
0.32521665
0.00383556
0.32130510
0.28825951
0.28412446
0.78748095
-0.11203437
0.46838051
-0.98322946
0.20067467
-0.40528116
-0.11038503
-0.13488524
0.00449306
-0.07224061
0.01731713
0.04997388
0.02373334
0.82758510
0.40814674
-0.30677998
0.18779510
-0.10205365
-0.22332831
0.05856128
0.23433149
-0.01893312
0.03917807
0.16067445
-0.02025532
0.38896719
0.15873063
0.01767834
0.16414379
0.34295604
0.58276516
0.48328346
-0.19577828
-0.11143573
-0.16482089
0.16648166
1.50486863
0.02655021
-0.08671610
0.02330661
0.03551545
0.05110437
0.10354557
-0.06298127
0.06954657
-0.12983340
-0.48735213
0.40702862
0.35937205
0.28862512
0.08942682
-0.19841586
-0.00821054
-0.30049562
0.20598894
0.19443014
-0.32051998
-0.00340775
0.19768898
0.23207086
-0.00628691
0.23661059
0.20659220
0.21738209
0.63862491
-0.01454320
0.41224372
-0.97259861
0.08656414
-0.78475201
-0.06457613
0.00056367
0.04079730
-0.05062994
0.06358422
0.06543649
0.06619606
0.15048112
0.11626317
-0.09796633
-0.04183788
-0.18975046
-0.33438137
-0.05921713
0.32608229
-0.19638366
0.15449937
0.41803414
-0.26750636
0.51137835
0.34829473
-0.10923849
0.33821604
0.43610504
0.49628523
0.33309233
-0.28382024
-0.30134296
-0.28777665
0.28567648
0.93256438
0.22065654
0.08505564
0.10085110
0.20710808
0.12596990
0.12236764
-0.13322626
0.15386222
0.22325252
0.02991195
-0.01651441
0.18967335
0.19896214
0.25161260
-0.46666482
-0.26914492
-0.36792219
0.39538944
0.05370337
-0.50810415
-0.28937060
0.35635287
0.35782874
0.06298135
0.38102257
0.34009147
0.33319294
0.88028032
-0.16788657
0.54997754
-1.06084251
0.25103065
-0.32356733
-0.19296768
-0.24735497
0.11773328
-0.18360424
0.12949610
0.16052569
0.13567255
-0.31531268
0.18915147
-0.23753226
-0.30067235
-0.39059150
-0.42658639
0.19849361
0.40971208
-0.03614050
0.09797531
0.41330671
-0.20837668
0.43338823
0.29521659
0.05159532
0.29373503
0.50203264
0.58526301
0.45063758
-0.24729773
-0.24007115
-0.22535200
0.22821419
1.21222162
0.14238776
-0.26480272
-0.21140887
-0.00538230
-0.17471379
-0.10016460
0.15597050
-0.09694500
0.61208624
0.34214932
-0.24708356
0.23272547
0.09200459
0.00231738
-0.40802813
-0.02098872
-0.45797437
0.47396821
0.04375620
-0.39914048
-0.22688285
0.23625812
0.31552231
-0.08809116
0.32986620
0.29608622
0.28836799
0.78867894
0.08042654
0.43568945
-0.98716003
0.19404942
-0.68265772
-0.04298727
-0.05812946
-0.19078635
0.04281374
-0.16658670
-0.08572109
-0.14850648
-0.21595134
-0.02749250
-0.00611022
-0.15377948
-0.21711841
-0.28934598
0.08014722
0.28370950
-0.08295251
0.07891782
0.30906028
-0.14173280
0.37392941
0.22962950
-0.01637416
0.21835479
0.30086565
0.37302947
0.23078392
-0.20658788
-0.18587749
-0.24354088
0.21397719
0.93297148
0.09472775
0.16879947
0.19286636
0.19356914
0.20291412
0.17520009
-0.20128177
0.19476260
0.02957914
0.12930603
-0.10072021
0.05241976
0.02035657
0.02220312
-0.33128351
-0.11651990
-0.30347878
0.31289956
0.04569727
-0.39699179
-0.10782024
0.29515016
0.23352993
0.04361652
0.26187155
0.22901556
0.24941002
0.76938021
-0.16870704
0.51031041
-1.03100312
0.14765933
-0.30456263
-0.13839039
-0.19339737
0.20237814
-0.19283698
0.20306405
0.19439758
0.20149380
-0.45143539
-0.18166116
-0.16641647
-0.23013702
-0.20077811
-0.17485347
0.07180288
0.14461808
0.04407662
-0.00919069
0.02346094
0.06985359
0.33797979
0.09583522
-0.10665990
0.12874067
0.21990737
0.42142278
0.35392031
-0.18243162
-0.07782853
-0.13808933
0.14440179
1.20631516
0.05279213
-0.02661871
0.04994707
0.09019531
0.07880444
0.13215308
-0.09103447
0.10669697
-0.35542670
0.40874791
-0.32075828
0.16661790
0.04490030
-0.04094965
-0.11070282
0.01106076
-0.18826190
0.10940288
0.25208709
-0.27769879
0.07210661
0.19947238
0.19037414
0.06245686
0.21429674
0.18752500
0.17661923
0.49144408
-0.16918451
0.33602127
-0.80724579
0.08435640
-0.57438117
-0.10345544
-0.06447923
0.06714432
-0.09906542
0.09132890
0.10411580
0.09600560
0.12015671
-0.51891959
0.12109922
-0.36182916
-0.27156657
-0.19361976
0.16682011
0.18991880
0.09913235
-0.02207405
0.05398154
0.07283112
0.37069133
0.12142769
-0.06397626
0.15751782
0.29827550
0.50598729
0.40291494
-0.21588832
-0.09766101
-0.17536615
0.18076876
1.35476327
0.05775795
-0.08133673
0.00764237
0.06845152
0.03821094
0.09441616
-0.05120798
0.07199855
-0.74737334
0.14540856
-0.41748762
-0.01085904
-0.09093229
-0.15009455
-0.10035829
0.09431264
-0.25239924
0.17628619
0.26261070
-0.30487970
0.08198419
0.21173392
0.21904781
0.02601101
0.25165787
0.22628555
0.20846474
0.58633751
-0.11745888
0.37069803
-0.91286623
0.10978428
-0.67527986
-0.08446734
-0.05378213
0.02531237
-0.07130647
0.04966038
0.07071337
0.05660815
0.55646449
-0.38274592
0.24742946
-0.33468360
-0.32560623
-0.30589572
0.24035902
0.30555055
0.00254793
0.01252274
0.27937683
-0.09989142
0.47318286
0.20914152
0.00117944
0.24615057
0.42639732
0.67140985
0.59947854
-0.24963617
-0.21472991
-0.19058418
0.21925065
1.43116438
0.13875848
-0.34077591
-0.24191129
-0.00430828
-0.17255764
0.02289219
0.13411368
-0.05198340
-0.25073579
-0.17598650
-0.24737115
-0.08600191
-0.11129609
-0.17887919
-0.23802716
0.01361673
-0.30488941
0.30225489
0.11646862
-0.37064928
-0.17907652
0.22618148
0.30338204
-0.02782341
0.32779974
0.29649907
0.30361751
0.57092553
0.14498556
0.42573628
-0.85631907
0.17758662
-0.90700227
-0.12376258
-0.00314869
-0.20365709
0.01748130
-0.13783348
-0.04483872
-0.12026291
0.27854863
0.09537700
0.15161170
0.00279854
-0.07861891
-0.22925921
0.47053888
0.41698658
0.13202327
-0.07773519
0.44440141
-0.19780317
0.52050394
0.32620454
-0.04024671
0.35786313
0.44758913
0.47796184
0.35416389
-0.28451955
-0.30656052
-0.24711692
0.27119389
0.97676760
0.19116332
-0.16184366
-0.14059138
0.03846565
-0.11003131
-0.07606931
0.09735492
-0.05306507
0.31478384
-0.19576669
0.16083845
-0.30770084
-0.36281773
-0.37636876
-0.18809530
0.17850420
-0.45948046
0.50575763
0.17218156
-0.52021205
-0.25413036
0.33117276
0.35905409
-0.00885779
0.39210957
0.35558325
0.33728415
0.82094246
-0.02670623
0.46846232
-0.98412430
0.25313032
-0.48336580
-0.06789706
-0.10911748
-0.12274814
0.00044321
-0.10531405
-0.04206194
-0.09217293
