-0.01926317
-0.02322639
-0.01175206
-0.01223374
-0.07230013
0.00873577
0.01321379
-0.03215015
0.01557800
-0.02391270
-0.08331233
0.16836768
-0.05208663
-0.17802235
-0.04169805
-0.08288603
-0.07496405
-0.05917413
-0.06411156
0.18402296
0.03674223
0.27403587
-0.35993361
-0.04653171
-0.03437557
0.03110693
0.03247749
0.02605373
0.03070962
0.02955658
-0.02979397
0.02902586
0.00915246
-0.02805345
0.04968873
0.05244437
-0.00662007
-0.02118446
0.04692200
-0.00623620
0.03790671
-0.03504699
0.04081509
0.06659482
0.11274887
-0.01597625
-0.03178550
0.03671817
-0.05986363
-0.04749848
-0.06906727
-0.15800947
-0.03047653
-0.21672563
0.17620213
-0.08871201
0.03426408
-0.01585989
-0.02294193
0.03126864
-0.02735246
0.02946432
0.02856165
0.02955406
-0.00957857
0.00269299
-0.02094129
-0.00491739
0.08075855
-0.03697833
-0.00868740
0.04125224
-0.01883418
-0.00427506
0.08110978
-0.49940735
0.07195996
0.64176488
-0.01222914
0.16376531
0.12290696
0.11824823
0.07652853
-0.49339023
-0.27115873
-0.46389022
0.78001249
-0.02320003
0.21351264
0.10975545
0.11900704
0.12943326
0.12290027
0.12587510
-0.12245016
0.12435515
0.01994252
0.01549589
-0.03398255
-0.08587699
0.00132608
0.06590515
-0.03766206
-0.02265646
-0.02730865
0.15009335
-0.10194221
-0.09516155
-0.36465782
0.13943492
0.10728930
-0.01806632
0.23124577
0.19801229
0.26773170
0.36841643
0.06917666
0.79587752
-0.44356608
0.28319800
0.07179739
-0.16219895
-0.13249682
0.12150911
-0.12795760
0.12364235
0.12512632
0.12339626
-0.04519835
-0.00722324
-0.06722283
-0.04213304
0.03057498
0.05429576
-0.02079917
-0.01321176
-0.06025006
0.08497445
-0.03178068
-0.42072016
-0.05178306
0.55666041
0.11690655
0.21096539
0.11085188
0.10310393
0.09724434
-0.52833343
-0.28928620
-0.49802652
0.94341713
0.03443865
0.17024064
0.03110317
0.04409870
0.05530759
0.05324475
0.08618420
-0.05679751
0.06283627
-0.01491883
-0.16279911
-0.00996336
0.03907300
0.01038478
0.03766221
-0.01843050
-0.05662591
-0.01649678
0.10612271
-0.12368360
0.03868650
-0.30290323
-0.01251814
0.09235716
-0.07854398
0.28092742
0.21213511
0.23127146
0.26730663
0.11722579
0.85842836
-0.32087496
0.26804671
-0.00641732
-0.11058802
-0.04454379
0.04965084
-0.05946364
0.05916911
0.06230250
0.05838817
0.03993298
0.13372815
-0.07358742
-0.06130096
0.00340339
0.05371916
-0.03483986
0.01052163
-0.04296330
0.05026688
-0.12267738
-0.16562302
-0.12274224
0.18168782
0.04035299
0.05201386
0.00159771
0.01753687
-0.02227999
-0.05355112
-0.27553168
0.13127561
0.09002785
-0.12538092
0.17288516
0.15087253
0.15212461
0.17249158
0.15879743
0.17406328
-0.15981664
0.16756362
-0.04828130
-0.05883385
-0.05884079
-0.02136642
-0.05284496
0.06450105
0.01272091
-0.05691906
0.02109200
0.05704183
-0.10465620
0.15081842
-0.14547923
-0.03030196
0.05348942
-0.02826478
0.13479823
0.14521025
0.19195352
0.01056535
0.00794108
0.32033992
-0.00000732
0.15641056
0.13712928
-0.19560724
-0.17135054
0.15611601
-0.17104223
0.16068535
0.16823810
0.16108070
0.10616297
0.12554182
-0.02663973
-0.05073367
0.03354293
0.05115325
-0.06346522
0.03539263
-0.06076204
0.08361168
-0.17277853
0.00704261
-0.22179462
-0.04035118
0.05477379
-0.01478772
-0.03058174
-0.00220817
-0.04609427
0.13829443
-0.29377553
0.43519086
-0.18680637
-0.15783301
0.19793899
0.16805691
0.16778904
0.20229089
0.17693400
0.19725253
-0.17911412
0.19145688
0.04859339
0.08264039
-0.08815643
-0.03304344
-0.10252595
0.07462090
0.01075026
-0.06830209
0.02588275
0.02127870
-0.12977195
0.27465272
-0.05074422
-0.11632898
0.00770934
-0.04068872
0.05637370
0.11081561
0.22177677
-0.14891297
-0.00847761
0.05042053
0.16899988
0.17690003
0.16207321
-0.22323546
-0.20523344
0.17313384
-0.19871069
0.17899427
0.19311400
0.18081020
0.01857324
0.01444877
0.03992609
-0.00549227
0.07465949
-0.01330979
-0.06396556
0.00494711
-0.02097055
-0.04783104
-0.06545191
-0.08876179
0.03704391
0.24113873
-0.08449923
0.00637901
-0.01274082
0.00784887
-0.03851188
-0.19570294
-0.21274245
-0.01326439
0.19402556
-0.10935796
0.16470233
0.17583787
0.18642570
0.17812203
0.18241763
0.17000969
-0.17826913
0.17544448
0.00427457
0.05914518
-0.11785761
-0.08931420
-0.09756077
0.00103228
0.05723144
-0.07590930
0.05143763
0.01142310
-0.00812366
-0.00384259
-0.08554980
0.11783694
0.02939686
0.03253319
0.09512682
0.07280853
0.18967213
0.08254571
-0.01410075
0.37181833
-0.15997364
0.16464812
0.14549617
-0.18207510
-0.18108265
0.18401341
-0.17746390
0.17782007
0.17563361
0.17824054
0.12908898
0.27237445
-0.38669658
0.28957850
-0.38551253
-0.42823118
0.50924712
0.34042865
0.15840729
-0.08623479
1.37448370
-2.32452679
1.18949795
2.84171057
0.30347359
1.32473028
0.84896857
0.79586232
0.65646964
-2.72885513
-0.93786395
-3.91716313
5.22195673
0.34783968
0.57386643
-0.05659563
-0.05679182
-0.03725361
-0.04846304
-0.05391910
0.05102458
-0.05594015
-0.26185787
-0.72577190
0.72166115
0.89884204
0.89639974
-0.17425027
-0.44625258
0.50533360
-0.56522125
0.73570085
-0.25417197
-1.68416524
-1.56210518
0.92469573
0.62047857
-0.25444412
1.13136625
0.88723528
1.30159903
2.13627672
0.36895114
3.54607749
-2.44351339
1.26278710
-0.14796312
-0.08653514
0.01580620
-0.05100990
0.04354145
-0.04418617
-0.05318758
-0.04977464
-0.04909283
-0.06240678
0.04309257
-0.01406134
0.06654342
-0.01943372
-0.04693215
0.04253114
-0.05136767
0.04169557
-0.19603381
0.05139543
-0.23526651
-0.06401947
0.03171129
-0.06396653
-0.05000138
-0.01809732
-0.07326338
0.12941085
-0.21776971
0.39057353
-0.23212975
-0.13028607
0.11879319
0.13225275
0.13730015
0.15096191
0.13927719
0.15207976
-0.13912430
0.14629078
-0.06395386
-0.01674553
0.00619872
-0.02166981
-0.03548342
0.02704864
0.01070468
-0.04920047
0.01457175
0.02130371
-0.11465876
0.26373163
-0.01620187
-0.11599880
-0.03044879
-0.02919829
0.02277948
0.08324327
0.15012029
-0.18048531
-0.00060252
0.02173599
0.18842912
0.08198982
0.12574251
-0.16403931
-0.15162048
0.13819319
-0.14929529
0.13862909
0.14703546
0.14009213
-0.05504575
-0.00206174
0.11327597
0.03010838
0.09268375
0.06917045
-0.06799061
-0.07530462
0.00052410
-0.12058970
-0.10734129
-0.03236113
0.12095360
0.30368215
-0.15147620
0.00229462
-0.02821831
-0.01072443
-0.04001837
-0.45231360
-0.15955932
-0.32128996
0.53018725
-0.04114844
0.10929428
0.13445541
0.15311493
0.11381320
0.14413862
0.12675534
-0.13845064
0.12636134
0.04276160
0.03057976
0.01051920
-0.04010157
-0.05332299
-0.09671135
0.09869535
-0.07226831
0.12531742
-0.07238569
0.08954194
-0.15597717
-0.02798161
0.24792230
-0.01332187
0.08497836
0.13436744
0.05853700
0.13508599
0.15871626
-0.01070829
0.61894739
-0.28962341
0.13708748
0.08571544
-0.11983810
-0.10693595
0.14801206
-0.11921441
0.13904016
0.12472334
0.13712943
0.08657194
0.02191662
-0.05553607
-0.00487004
-0.02884468
-0.11806866
0.04066934
0.11629153
-0.02873848
0.01949475
0.05209551
-0.26647863
-0.02262822
0.25754371
0.03604519
0.10045758
0.02151501
0.06837568
-0.01742888
-0.03828484
-0.37504947
0.08617660
0.15995890
-0.14158808
0.17565821
0.16493805
0.15842050
0.17358096
0.15972055
0.15611322
-0.15636520
0.16071798
-0.05532639
-0.10250466
0.04940777
0.09342062
0.09421054
0.00209145
-0.06091494
0.04409323
-0.08703737
0.16590035
-0.14789605
0.04703899
-0.21061659
0.02379901
0.10719763
-0.03488969
0.16997410
0.18652487
0.28746057
0.06442716
0.01551381
0.33005735
-0.03725241
0.19039121
0.15823497
-0.18519945
-0.18093427
0.15967120
-0.16830353
0.15757196
0.16198742
0.15719593
0.09716189
0.00778588
0.02879858
0.06985390
0.07296329
-0.05596914
-0.04596363
0.07441556
-0.06405824
0.05403850
-0.04014422
-0.19455796
-0.10449863
0.15452923
0.06701556
0.06896564
0.01379878
0.03557449
-0.02161015
-0.05110024
-0.31236386
0.13041687
0.11773918
-0.14676653
0.20589246
0.16518758
0.16841793
0.19605203
0.17537877
0.19668992
-0.17674051
0.18826918
-0.03606874
-0.16510549
0.11457372
0.00480179
0.05707502
0.06857768
-0.05513108
-0.02748616
-0.02746019
0.07791916
-0.17147028
0.11711125
-0.17077078
-0.03253502
0.03850041
-0.05071145
0.11850162
0.14774486
0.26538047
-0.02260950
0.00077261
0.25969321
0.02816235
0.20801643
0.15798593
-0.22208047
-0.19717848
0.17203312
-0.19417302
0.17703225
0.18947203
0.17854160
0.01396677
0.04019701
-0.01717066
-0.05882099
-0.11605069
-0.07093872
0.11215509
0.03009830
0.01781804
-0.04806569
0.13206899
-0.39380482
0.04686719
0.42362806
0.06026714
0.13758615
0.06101317
0.08677571
0.04925704
-0.25748700
-0.29884806
-0.26351362
0.50294483
-0.03638152
0.11811951
0.06725324
0.06423841
0.07049184
0.06921915
0.07943602
-0.06885935
0.07108767
0.04515781
-0.03102376
-0.01525456
0.00074089
-0.00202613
-0.05074602
0.02213031
0.06636956
-0.06218076
0.19505477
-0.11766279
-0.13729051
-0.28346542
0.11138474
0.08683643
-0.03085504
0.19379658
0.14898877
0.22440472
0.17022879
0.07026014
0.59672320
-0.17776842
0.16870090
0.04926603
-0.09797071
-0.06868849
0.06808249
-0.07076190
0.07172944
0.07086808
0.06973347
0.00312723
0.01125789
-0.10712446
0.05967383
0.08940361
0.07817035
-0.12515745
0.01135178
-0.06647061
-0.06506923
-0.16730921
0.06767824
0.00618683
0.07812193
-0.13620362
-0.11689357
-0.05849933
-0.03638038
-0.05788613
-0.15391241
-0.09596948
0.06565976
0.04773371
-0.06112000
0.09647669
0.13413821
0.15037937
0.12404055
0.14359719
0.12889670
-0.13858904
0.13058925
0.00408542
0.01732110
0.07221307
0.06285843
0.11318533
0.00595630
-0.00387500
-0.10406712
0.10764126
-0.10285340
0.00109088
0.03434302
0.03756834
0.14670971
-0.07992022
0.06665616
0.01041496
-0.03562246
0.04633975
0.00805188
-0.00720417
0.28834552
-0.11456237
0.08419079
0.09348523
-0.12454900
-0.12163187
0.14647037
-0.12675102
0.13868587
0.12934591
0.13754369
0.00237948
0.02281371
-0.15750605
0.02716904
0.06054830
0.07598295
-0.13286445
0.02818716
-0.08261546
-0.04830891
-0.18508527
0.07389645
-0.01062634
0.08741473
-0.11914253
-0.09695487
-0.05565780
-0.03007304
-0.06068356
-0.19821471
-0.13693370
0.02437949
0.09593979
-0.07508571
0.10589021
0.14488624
0.15969856
0.13769779
0.15337992
0.13879673
-0.14851803
0.14172749
0.01418340
0.02999370
0.00477497
0.08292595
0.14483465
0.03836042
-0.03137582
-0.10843237
0.09478977
-0.10833723
-0.01595271
0.04011880
0.02551476
0.14405140
-0.07307535
0.05677076
0.02752048
-0.01473829
0.09352536
0.00430150
-0.01585019
0.33264655
-0.10450655
0.09260776
0.10634441
-0.13784394
-0.13664652
0.15629347
-0.13952552
0.14829336
0.14098036
0.14773010
0.04248114
-0.01288687
0.09694799
-0.07827547
-0.05215414
0.05184565
0.07359068
-0.01600258
0.07700196
-0.17098074
0.26317677
-0.47520348
0.33888811
0.67189282
-0.06712380
0.25308135
0.09075494
0.10132670
0.02091255
-0.53398186
-0.34213251
-0.63906288
0.90345544
-0.11169736
0.24710990
0.18641876
0.18619983
0.19276240
0.18543528
0.17129187
-0.18162258
0.18112023
0.01345147
-0.11321029
0.01342274
-0.15184250
-0.13953830
-0.10969844
0.04422253
0.13633128
-0.04007048
0.11737952
0.03012576
-0.51656991
-0.34046811
0.43363005
0.17081705
0.03342058
0.29926547
0.28174281
0.38766399
0.41205648
-0.01154882
0.85900742
-0.49303460
0.31786498
0.16299438
-0.20891304
-0.20281568
0.18607512
-0.18854094
0.18269500
0.18270181
0.18217085
0.10136879
-0.07562327
0.04680499
0.01825088
-0.03565751
-0.02030470
0.02658205
0.04557816
-0.00728580
0.00262871
0.00664023
-0.17616419
-0.12154326
0.09666345
0.04553383
0.02651095
-0.02234360
0.01840312
-0.05753471
0.08526991
-0.30818897
0.23784901
-0.06909715
-0.15679446
0.14635575
0.15342179
0.14958090
0.16863750
0.15173326
0.15729114
-0.15006711
0.15799712
-0.04927997
-0.02098084
-0.00907653
-0.04803232
0.00463260
-0.06165587
-0.01948043
0.06762006
-0.06227286
0.10744368
-0.16335201
0.12655044
-0.15426707
-0.05762843
0.03578568
-0.03557684
0.07498571
0.12538798
0.23564844
-0.07720410
-0.01247195
0.12736690
0.11733600
0.13182218
0.15634021
-0.17885235
-0.17412157
0.15082684
-0.16456987
0.15035649
0.15917116
0.15123349
