0
-1
0
0
-2
0
0
-1
0
-1
-2
4
-1
-4
-1
-2
-2
-1
-2
4
1
7
-9
-1
-1
1
1
1
1
1
-1
1
0
-1
1
1
0
-1
1
0
1
-1
1
2
3
0
-1
1
-1
-1
-2
-4
-1
-5
4
-2
1
0
-1
1
-1
1
1
1
0
0
-1
0
2
-1
0
1
0
0
2
-12
2
16
0
4
3
3
2
-12
-7
-11
19
-1
5
3
3
3
3
3
-3
3
0
0
-1
-2
0
2
-1
-1
-1
4
-2
-2
-9
3
3
0
6
5
7
9
2
19
-11
7
2
-4
-3
3
-3
3
3
3
-1
0
-2
-1
1
1
-1
0
-1
2
-1
-10
-1
14
3
5
3
3
2
-13
-7
-12
23
1
4
1
1
1
1
2
-1
2
0
-4
0
1
0
1
0
-1
0
3
-3
1
-7
0
2
-2
7
5
6
7
3
21
-8
7
0
-3
-1
1
-1
1
2
1
1
3
-2
-1
0
1
-1
0
-1
1
-3
-4
-3
4
1
1
0
0
-1
-1
-7
3
2
-3
4
4
4
4
4
4
-4
4
-1
-1
-1
-1
-1
2
0
-1
1
1
-3
4
-4
-1
1
-1
3
4
5
0
0
8
0
4
3
-5
-4
4
-4
4
4
4
3
3
-1
-1
1
1
-2
1
-1
2
-4
0
-5
-1
1
0
-1
0
-1
3
-7
11
-5
-4
5
4
4
5
4
5
-4
5
1
2
-2
-1
-2
2
0
-2
1
1
-3
7
-1
-3
0
-1
1
3
5
-4
0
1
4
4
4
-5
-5
4
-5
4
5
4
0
0
1
0
2
0
-2
0
-1
-1
-2
-2
1
6
-2
0
0
0
-1
-5
-5
0
5
-3
4
4
5
4
4
4
-4
4
0
1
-3
-2
-2
0
1
-2
1
0
0
0
-2
3
1
1
2
2
5
2
0
9
-4
4
4
-4
-4
4
-4
4
4
4
3
7
-9
7
-9
-10
12
8
4
-2
33
-57
29
69
7
32
21
19
16
-66
-23
-95
127
8
14
-1
-1
-1
-1
-1
1
-1
-6
-18
18
22
22
-4
-11
12
-14
18
-6
-41
-38
22
15
-6
28
22
32
52
9
86
-59
31
-4
-2
0
-1
1
-1
-1
-1
-1
-2
1
0
2
0
-1
1
-1
1
-5
1
-6
-2
1
-2
-1
0
-2
3
-5
9
-6
-3
3
3
3
4
3
4
-3
4
-2
0
0
-1
-1
1
0
-1
0
1
-3
6
0
-3
-1
-1
1
2
4
-4
0
1
5
2
3
-4
-4
3
-4
3
4
3
