-0.00401750
-83697.83247906
-83697.83247906
-83697.83247906
-83697.83247906
-83697.83247906
-83697.83247906
-83697.83247906
-83697.83247906
-83697.83247906
-83697.83247906
-83697.83247906
-83697.83247906
-83697.83247906
-83697.83247906
-83697.83247906
0.01171770
0.26147203
-83697.83247906
-83697.83247906
-83697.83247906
-83697.83247906
-83697.83247906
-83697.83247906
-83697.83247906
-83697.83247906
-83697.83247906
-83697.83247906
-83697.83247906
-83697.83247906
-83697.83247906
-83697.83247906
0.00962525
0.24389548
0.32064640
-83697.83247906
-83697.83247906
-83697.83247906
-83697.83247906
-83697.83247906
-83697.83247906
-83697.83247906
-83697.83247906
-83697.83247906
-83697.83247906
-83697.83247906
-83697.83247906
-83697.83247906
0.00016740
0.02962903
0.06804634
0.06402884
-83697.83247906
-83697.83247906
-83697.83247906
-83697.83247906
-83697.83247906
-83697.83247906
-83697.83247906
-83697.83247906
-83697.83247906
-83697.83247906
-83697.83247906
-83697.83247906
-0.00385010
-0.06327556
-0.03657595
-0.04302069
-0.09432746
-83697.83247906
-83697.83247906
-83697.83247906
-83697.83247906
-83697.83247906
-83697.83247906
-83697.83247906
-83697.83247906
-83697.83247906
-83697.83247906
-83697.83247906
0.00493817
0.05850478
0.11809764
0.12328691
0.08855231
0.04210001
-83697.83247906
-83697.83247906
-83697.83247906
-83697.83247906
-83697.83247906
-83697.83247906
-83697.83247906
-83697.83247906
-83697.83247906
-83697.83247906
0.07398888
1.48320929
1.95459548
1.92571973
2.18518301
1.54280215
2.49519978
-83697.83247906
-83697.83247906
-83697.83247906
-83697.83247906
-83697.83247906
-83697.83247906
-83697.83247906
-83697.83247906
-83697.83247906
-0.00493817
-0.09482964
-0.08319565
-0.07859226
-0.10612885
-0.08938929
-0.16898592
-0.10010261
-83697.83247906
-83697.83247906
-83697.83247906
-83697.83247906
-83697.83247906
-83697.83247906
-83697.83247906
-83697.83247906
0.01029483
0.10930937
0.17166425
0.19049627
0.16136942
0.11868353
-0.07490956
0.14069606
0.10336682
-83697.83247906
-83697.83247906
-83697.83247906
-83697.83247906
-83697.83247906
-83697.83247906
-83697.83247906
0.00267833
0.05724932
0.13098711
0.12630003
0.11767915
0.04620120
0.03992387
0.14889844
0.08629247
0.18723205
-83697.83247906
-83697.83247906
-83697.83247906
-83697.83247906
-83697.83247906
-83697.83247906
0.00125547
0.00644473
0.07264972
0.07390519
0.05934176
0.00502187
-0.02335170
0.07189644
0.02092446
0.10160917
-0.03121929
-83697.83247906
-83697.83247906
-83697.83247906
-83697.83247906
-83697.83247906
0.00619364
0.14454616
0.21903723
0.21075114
0.21979051
0.13542309
0.17676982
0.22548196
0.15191157
0.27201796
0.21619150
0.21886983
-83697.83247906
-83697.83247906
-83697.83247906
-83697.83247906
0.00217614
-0.00016740
0.02728549
0.04561532
0.01757654
0.00426859
-0.12069227
0.02310060
0.02335170
0.05046979
-0.04343918
0.04904693
0.02410498
-83697.83247906
-83697.83247906
-83697.83247906
0.00159026
0.00510557
0.04310438
0.05867218
0.02686700
0.00133917
-0.14906584
0.03850100
0.02469086
0.07323560
-0.02937794
0.06587019
0.03339544
0.00267833
-83697.83247906
-83697.83247906
0.01958529
0.27159947
0.39296132
0.40467902
0.39697882
0.26055135
0.12855987
0.39798319
0.27812790
0.50360986
0.34073388
0.41907505
0.23627898
0.28197800
0.32006051
-83697.83247906
-0.00117177
-0.04310438
0.00451968
0.00050219
-0.02301690
-0.05030240
-0.10487338
-0.00159026
-0.04461094
0.02494195
-0.06712566
0.02443977
-0.03448351
-0.03389762
-0.05172526
-0.02134295
