-48
-1464
-1813
-1623
-1825
-1289
-2067
-1598
-1197
-1715
-1801
-1283
-889
-1070
-1541
-1773
140
3124
4532
4377
4462
2903
2811
4200
2859
5043
3683
4043
2339
2609
3122
4139
115
2914
3831
3775
4027
2723
3872
3757
2787
4278
3458
3339
2032
2343
3056
3666
2
354
813
765
398
-180
-1197
600
98
1030
-203
840
79
-76
-333
68
-46
-756
-437
-514
-1127
-1380
-3239
-930
-1133
-531
-1624
-452
-847
-1172
-1641
-1493
59
699
1411
1473
1058
503
-1696
990
349
1694
322
1531
713
653
240
799
884
17721
23353
23008
26108
18433
29812
26459
21450
28495
25534
21882
14066
16565
22305
27074
-59
-1133
-994
-939
-1268
-1068
-2019
-1196
-1404
-1066
-1901
-730
-822
-1033
-1633
-1710
123
1306
2051
2276
1928
1418
-895
1681
1235
2480
1149
2226
1405
1416
1085
1795
32
684
1565
1509
1406
552
477
1779
1031
2237
937
1742
576
595
704
1321
15
77
868
883
709
60
-279
859
250
1214
-373
869
-210
-261
-296
229
74
1727
2617
2518
2626
1618
2112
2694
1815
3250
2583
2615
1378
1588
2153
2949
26
-2
326
545
210
51
-1442
276
279
603
-519
586
288
-21
-606
-452
19
61
515
701
321
16
-1781
460
295
875
-351
787
399
32
-624
-419
234
3245
4695
4835
4743
3113
1536
4755
3323
6017
4071
5007
2823
3369
3824
5529
-14
-515
54
6
-275
-601
-1253
-19
-533
298
-802
292
-412
-405
-618
-255
