1.00000000
0.00000000
0.00000000
0.00000000
0.00000000
0.00000000
0.00000000
0.00000000
0.00000000
0.00000000
0.00000000
0.00000000
0.00000000
0.00000000
0.00000000
0.00000000
0.43788397
0.56211603
0.00000000
0.00000000
0.00000000
0.00000000
0.00000000
0.00000000
0.00000000
0.00000000
0.00000000
0.00000000
0.00000000
0.00000000
0.00000000
0.00000000
0.27557288
0.34832027
0.37610685
0.00000000
0.00000000
0.00000000
0.00000000
0.00000000
0.00000000
0.00000000
0.00000000
0.00000000
0.00000000
0.00000000
0.00000000
0.00000000
0.24003378
0.24721077
0.25689273
0.25586273
0.00000000
0.00000000
0.00000000
0.00000000
0.00000000
0.00000000
0.00000000
0.00000000
0.00000000
0.00000000
0.00000000
0.00000000
0.20897806
0.19692123
0.20224977
0.20095052
0.19090042
0.00000000
0.00000000
0.00000000
0.00000000
0.00000000
0.00000000
0.00000000
0.00000000
0.00000000
0.00000000
0.00000000
0.15562883
0.16419266
0.17427480
0.17518151
0.16920111
0.16152109
0.00000000
0.00000000
0.00000000
0.00000000
0.00000000
0.00000000
0.00000000
0.00000000
0.00000000
0.00000000
0.02387618
0.09771957
0.15656763
0.15211127
0.19717183
0.10371998
0.26883354
0.00000000
0.00000000
0.00000000
0.00000000
0.00000000
0.00000000
0.00000000
0.00000000
0.00000000
0.13608309
0.12438407
0.12583961
0.12642023
0.12298654
0.12506261
0.11549392
0.12372993
0.00000000
0.00000000
0.00000000
0.00000000
0.00000000
0.00000000
0.00000000
0.00000000
0.10091454
0.11141796
0.11858659
0.12084098
0.11737203
0.11246732
0.09267230
0.11497046
0.11075782
0.00000000
0.00000000
0.00000000
0.00000000
0.00000000
0.00000000
0.00000000
0.09110599
0.09621589
0.10357876
0.10309442
0.10220947
0.09515874
0.09456326
0.10545071
0.09905128
0.10957149
0.00000000
0.00000000
0.00000000
0.00000000
0.00000000
0.00000000
0.08802428
0.08848224
0.09453847
0.09465724
0.09328869
0.08835644
0.08588468
0.09446729
0.08977276
0.09731628
0.08521163
0.00000000
0.00000000
0.00000000
0.00000000
0.00000000
0.06967747
0.08001623
0.08620435
0.08549300
0.08626931
0.07928956
0.08263664
0.08676171
0.08060776
0.09089467
0.08595938
0.08618992
0.00000000
0.00000000
0.00000000
0.00000000
0.07641130
0.07623244
0.07835423
0.07980369
0.07759717
0.07657136
0.06757663
0.07802701
0.07804661
0.08019204
0.07300408
0.08007802
0.07810542
0.00000000
0.00000000
0.00000000
0.07044888
0.07069697
0.07343506
0.07458723
0.07225230
0.07043119
0.06059614
0.07309779
0.07209523
0.07568142
0.06830064
0.07512604
0.07272553
0.07052558
0.00000000
0.00000000
0.04951736
0.06370974
0.07193042
0.07277824
0.07221998
0.06300974
0.05521849
0.07229256
0.06412702
0.08034644
0.06827010
0.07383353
0.06149876
0.06437440
0.06687321
0.00000000
0.06406281
0.06143203
0.06442846
0.06417013
0.06267852
0.06099143
0.05775225
0.06403600
0.06133955
0.06575776
0.05997394
0.06572474
0.06196392
0.06200023
0.06090471
0.06278353
