1
-2
1
0
0
2
-1
-2
-1
0
1
0
1
1
-2
1
2
1
0
-1
-1
0
1
0
1
0
-1
1
-1
-1
1
0
1
1
2
1
0
-1
2
-1
1
-1
2
-2
-1
1
2
1
1
1
1
2
-3
0
-1
1
1
-1
-2
-1
-1
-1
0
-1
25
27
-2
-6
15
9
-14
3
-14
11
14
-12
19
12
4
10
22
34
29
-10
-8
-9
9
80
2
-8
-2
0
0
6
-1
2
-27
6
-23
-18
-6
11
-5
-13
-8
9
-3
-14
-15
8
13
-2
12
9
12
34
2
24
-50
5
-46
-4
2
-1
-1
1
2
1
38
11
19
14
20
1
-16
13
-18
18
21
-21
20
19
12
12
29
36
26
-10
-9
-14
11
74
0
6
10
3
10
6
-10
7
9
27
-16
-18
10
19
-15
-16
-18
20
-15
-17
-20
10
12
-9
12
10
14
53
5
31
-66
5
-32
-1
-1
11
-4
10
6
9
9
-4
10
10
13
4
-18
7
-18
16
19
-15
22
18
0
15
25
29
19
-13
-13
-14
13
64
8
3
5
8
6
6
-6
7
23
14
-3
-8
9
20
-13
-19
-14
16
-3
-20
-12
13
16
-2
16
14
15
48
-7
30
-62
10
-26
-7
-10
6
-8
6
7
6
-19
-14
9
18
10
0
-19
12
-18
18
25
-20
24
22
-1
19
27
29
22
-13
-15
-13
13
58
9
-6
-4
5
-3
-1
2
0
20
2
9
1
19
25
-19
-21
-20
23
-4
-22
-19
14
20
-3
19
17
16
52
-3
28
-62
11
-26
-5
-8
-3
-3
-2
1
-2
-40
-27
19
19
10
-4
-6
10
-8
7
12
-6
22
11
-1
11
20
31
25
-12
-8
-9
10
76
5
-9
-4
3
-2
3
1
2
-1
0
10
-4
13
15
-12
-9
-14
12
7
-18
-8
10
14
0
14
12
12
32
-3
21
-48
7
-41
-6
-2
-3
-2
-1
2
0
-39
-31
4
43
9
-21
9
34
-9
19
34
-34
15
19
48
9
35
56
57
-6
-10
-5
7
119
-9
-38
-26
-20
-20
-4
18
-15
-84
-62
65
29
41
8
-31
3
-31
36
-41
-8
-41
-1
11
-29
8
6
17
27
59
26
-48
1
-96
7
26
-23
17
-17
-15
-17
14
7
-10
4
-10
-16
-5
19
-11
10
24
-17
25
19
-4
18
21
23
18
-14
-15
-12
13
55
10
-2
-1
5
1
2
-1
3
-21
-12
8
18
20
18
-25
-13
-23
24
1
-24
-16
15
19
0
18
17
16
45
-6
27
-56
12
-23
-6
-8
0
-4
1
3
1
48
23
-18
11
-6
-13
3
13
-1
2
9
-1
22
9
1
9
20
33
28
-11
-6
-9
10
86
2
-5
1
2
3
6
-4
4
-7
-28
23
21
17
5
-11
0
-17
12
11
-18
0
11
13
0
14
12
12
37
-1
24
-56
5
-45
-4
0
2
-3
4
4
4
9
7
-6
-2
-11
-19
-3
19
-11
9
24
-15
29
20
-6
19
25
28
19
-16
-17
-17
16
54
13
5
6
12
7
7
-8
9
13
2
-1
11
11
14
-27
-15
-21
23
3
-29
-17
20
21
4
22
20
19
51
-10
32
-61
14
-19
-11
-14
7
-11
7
9
8
-18
11
-14
-17
-22
-25
11
24
-2
6
24
-12
25
17
3
17
29
34
26
-14
-14
-13
13
70
8
-15
-12
0
-10
-6
9
-6
35
20
-14
13
5
0
-23
-1
-26
27
3
-23
-13
14
18
-5
19
17
17
45
5
25
-57
11
-39
-2
-3
-11
2
-10
-5
-9
-12
-2
0
-9
-12
-17
5
16
-5
5
18
-8
21
13
-1
13
17
21
13
-12
-11
-14
12
54
5
10
11
11
12
10
-12
11
2
7
-6
3
1
1
-19
-7
-17
18
3
-23
-6
17
13
3
15
13
14
44
-10
29
-59
8
-17
-8
-11
12
-11
12
11
12
-26
-10
-10
-13
-12
-10
4
8
3
-1
1
4
19
6
-6
7
13
24
20
-10
-4
-8
8
69
3
-2
3
5
5
8
-5
6
-20
23
-18
10
3
-2
-6
1
-11
6
14
-16
4
11
11
4
12
11
10
28
-10
19
-46
5
-33
-6
-4
4
-6
5
6
6
7
-30
7
-21
-16
-11
10
11
6
-1
3
4
21
7
-4
9
17
29
23
-12
-6
-10
10
78
3
-5
0
4
2
5
-3
4
-43
8
-24
-1
-5
-9
-6
5
-14
10
15
-18
5
12
13
1
14
13
12
34
-7
21
-52
6
-39
-5
-3
1
-4
3
4
3
32
-22
14
-19
-19
-18
14
18
0
1
16
-6
27
12
0
14
24
39
34
-14
-12
-11
13
82
8
-20
-14
0
-10
1
8
-3
-14
-10
-14
-5
-6
-10
-14
1
-18
17
7
-21
-10
13
17
-2
19
17
17
33
8
24
-49
10
-52
-7
0
-12
1
-8
-3
-7
16
5
9
0
-5
-13
27
24
8
-4
26
-11
30
19
-2
21
26
27
20
-16
-18
-14
16
56
11
-9
-8
2
-6
-4
6
-3
18
-11
9
-18
-21
-22
-11
10
-26
29
10
-30
-15
19
21
-1
23
20
19
47
-2
27
-57
15
-28
-4
-6
-7
0
-6
-2
-5
-7
15
9
6
1
-6
29
21
11
-6
24
-7
30
17
-2
19
29
34
24
-17
-17
-15
16
66
11
-12
-9
1
-7
-4
6
-4
35
-13
14
-20
-23
-26
-4
15
-26
29
11
-28
-10
18
20
-2
23
21
20
48
3
27
-58
14
-36
-4
-5
-8
1
-7
-3
-6
-84
70
15
22
1
8
25
1
23
-14
58
-30
34
22
48
16
43
65
62
-8
-13
-11
10
127
-9
-44
-32
-22
-25
-8
22
-19
42
-6
67
-48
-43
-15
18
32
-23
41
-15
-29
-40
8
22
-29
14
12
22
39
64
33
-57
3
-104
9
27
-28
20
-22
-19
-21
-23
16
-8
14
12
6
21
11
16
-11
23
-6
31
15
1
15
26
32
22
-15
-12
-18
15
69
4
9
13
7
13
9
-12
10
-13
12
16
-9
-12
-16
6
16
-18
23
10
-31
-9
21
16
0
19
16
17
56
-4
35
-69
9
-26
-5
-6
13
-8
12
10
12
2
-2
-10
16
17
9
29
18
16
-11
22
-5
31
16
-6
21
27
29
22
-17
-18
-14
16
55
12
-9
-8
4
-6
-4
6
-3
-23
10
1
1
-12
-25
7
20
-23
28
15
-31
-10
21
20
1
24
22
20
47
-2
26
-56
15
-26
-5
-9
-7
-1
-6
-2
-5
33
-13
-18
20
22
17
23
10
21
-14
19
-1
31
15
-4
19
26
31
23
-18
-16
-15
16
71
10
-7
-4
5
-2
1
1
1
-20
18
-1
7
-7
-20
15
24
-18
25
17
-30
-3
21
20
0
24
21
20
50
-2
29
-64
13
-35
-6
-7
-3
-3
-2
1
-1
7
-1
2
6
12
12
26
18
12
-9
14
0
29
12
-10
17
19
20
12
-16
-16
-14
15
41
13
1
1
9
2
2
-2
4
6
-2
-2
4
-4
-20
9
18
-19
19
16
-29
-5
22
17
7
22
20
18
41
-12
25
-50
15
-14
-8
-13
1
-7
2
5
3
14
-59
-31
25
42
22
0
-20
32
-27
53
-21
33
18
43
15
33
55
55
-8
-13
-6
8
119
-8
-38
-26
-20
-20
-4
18
-15
92
-35
-57
45
6
6
33
27
-8
31
1
-28
-29
6
24
-26
13
13
22
27
58
26
-48
3
-97
6
26
-23
17
-17
-15
-17
-19
4
7
-4
14
23
16
6
21
-16
12
1
28
12
-6
18
21
23
18
-15
-15
-10
14
47
10
-13
-12
0
-11
-8
10
-7
9
-9
-6
14
12
-7
23
24
-14
19
19
-27
-4
20
18
3
22
20
18
41
-3
20
-48
14
-25
-2
-6
-11
3
-11
-6
-10
-36
1
0
4
11
10
2
-3
12
-5
-9
13
14
1
-7
6
11
22
18
-12
-4
-9
10
73
3
-1
4
6
5
8
-6
7
-4
-29
-23
17
6
1
7
9
-1
4
12
-10
15
12
9
4
13
13
11
28
-12
19
-48
6
-34
-6
-4
5
-6
6
7
6
-26
65
60
-36
19
12
-16
-29
32
-33
52
-17
36
17
42
16
33
55
55
-8
-13
-6
9
119
-7
-38
-26
-20
-20
-4
18
-15
-89
-24
-24
37
37
19
28
17
2
24
10
-30
-25
7
26
-25
14
14
23
27
58
26
-48
4
-97
6
26
-23
17
-17
-15
-17
-5
-8
-7
-1
2
22
11
6
17
-16
10
5
32
10
-17
17
15
16
12
-17
-16
-14
16
31
13
9
8
12
9
7
-9
10
4
-2
0
1
9
0
23
23
-10
13
20
-32
-4
26
14
11
23
20
18
42
-14
26
-48
15
-3
-11
-15
9
-11
9
10
9
28
2
5
-17
-9
20
-5
-10
27
-24
12
7
32
11
-7
19
26
30
21
-19
-16
-15
16
62
11
-11
-9
3
-7
-4
6
-3
7
13
11
-5
20
17
28
23
-3
15
23
-29
0
23
19
2
26
23
20
48
-1
26
-58
15
-31
-5
-8
-8
0
-7
-2
-6
39
-22
17
-46
-19
-3
-29
-34
30
-37
50
-13
38
17
40
17
32
54
55
-8
-14
-6
9
119
-7
-38
-26
-20
-20
-4
18
-15
84
65
63
-23
38
22
16
4
11
16
19
-32
-22
8
28
-25
15
15
24
27
58
26
-48
4
-97
6
26
-23
17
-17
-15
-17
-14
-12
-4
-8
-15
9
-12
-14
25
-22
4
11
26
8
-9
17
18
21
14
-18
-14
-14
16
53
10
3
4
9
5
3
-5
6
19
5
9
-13
11
22
24
20
1
10
21
-24
6
22
16
6
23
21
19
43
-12
25
-56
14
-19
-7
-12
5
-8
5
6
5
-31
-16
-14
-1
-22
1
-19
-20
25
-27
8
8
28
10
-9
18
18
24
19
-18
-16
-15
16
60
11
-8
-5
4
-4
-1
3
0
-1
-7
7
-19
4
25
18
13
8
7
23
-26
4
21
17
3
24
21
20
42
-2
26
-54
14
-29
-6
-6
-4
-2
-3
0
-3
-50
-37
-64
8
-42
-17
-33
-33
26
-40
46
-9
40
16
39
18
32
54
54
-9
-15
-7
9
119
-7
-38
-26
-20
-21
-3
18
-15
-78
-58
9
-51
6
15
-1
-9
20
7
27
-33
-18
9
30
-24
16
17
24
27
58
26
-48
5
-97
6
26
-23
17
-17
-15
-17
22
4
-41
16
-29
-12
-22
-21
18
-28
25
1
39
11
18
16
27
47
46
-11
-12
-8
10
105
-3
-23
-13
-10
-9
3
7
-5
-58
-47
-14
-31
-4
11
0
-4
15
1
24
-31
-9
15
24
-11
18
18
23
36
35
28
-53
6
-74
0
15
-11
8
-6
-6
-6
8
3
1
6
-8
-8
-17
-15
17
-18
-3
14
20
4
-11
13
12
17
13
-16
-10
-12
13
47
8
7
7
10
8
7
-8
8
0
-2
-2
-2
-7
18
12
12
7
3
18
-19
10
20
12
7
19
18
16
41
-13
24
-55
11
-13
-8
-12
7
-9
7
8
8
32
31
-7
22
-14
-15
-18
-18
14
-19
-3
13
23
5
-4
13
18
30
25
-17
-11
-12
14
78
6
-13
-8
-1
-6
-1
5
-2
33
-3
-25
-7
-15
9
-3
-4
16
-2
17
-16
10
17
15
2
21
20
19
34
2
22
-50
11
-45
-3
1
-7
1
-5
-2
-4
-12
14
9
19
-7
-23
-28
-25
20
-26
-2
17
27
5
-8
17
24
32
22
-21
-15
-17
18
72
10
-10
-7
4
-5
-2
4
-1
36
15
-14
7
-22
12
-1
1
18
0
23
-22
12
23
17
4
28
25
21
47
-2
27
-61
15
-37
-6
-8
-6
-2
-4
0
-3
-46
6
22
23
-5
-20
-20
-19
14
-23
4
13
33
7
0
17
25
41
37
-18
-14
-13
15
91
6
-21
-15
-5
-11
-1
9
-5
17
33
-19
11
-23
4
-7
-5
17
-4
22
-22
7
18
20
-2
25
24
23
37
16
26
-53
12
-59
-3
5
-12
5
-9
-5
-8
-34
-26
31
7
14
-20
-20
-20
12
-32
10
14
32
9
8
17
28
37
27
-17
-12
-17
16
81
0
5
10
2
10
6
-9
6
-31
24
6
27
-23
-10
-18
-16
28
-9
31
-28
5
22
21
-5
23
21
21
55
8
32
-69
9
-38
0
1
10
-3
9
5
9
-1
-11
9
7
2
-17
-18
-17
11
-15
-6
19
19
-1
-11
11
15
23
15
-18
-10
-16
16
60
8
5
7
9
8
8
-9
9
-19
8
-2
8
-11
1
-4
0
12
-2
14
-14
15
21
10
8
22
20
17
39
-11
26
-55
12
-23
-8
-9
8
-9
9
9
9
33
-14
3
-12
22
-22
-17
-20
9
-27
-5
20
27
4
-11
18
19
25
18
-21
-16
-17
18
66
11
-6
-3
5
-2
1
1
1
-15
-15
18
18
-11
-13
-21
-15
26
-12
25
-22
14
25
16
5
27
24
21
47
-2
29
-60
15
-33
-7
-7
-2
-3
-1
2
-1
43
-12
1
-14
19
-10
-7
-10
4
-18
0
16
26
3
2
14
21
39
34
-17
-12
-14
15
95
3
-15
-8
-3
-4
4
3
-1
22
-34
30
22
-11
-14
-17
-15
20
-10
20
-17
12
18
19
0
23
23
23
37
17
28
-56
11
-61
-3
6
-6
2
-2
-1
-2
1
8
-8
-14
19
-16
-14
-19
8
-23
-8
23
25
1
-12
16
20
28
19
-23
-15
-19
20
71
11
-1
2
9
4
5
-4
6
29
-15
11
7
-2
-18
-22
-14
24
-11
22
-18
17
25
15
7
29
26
22
48
-7
32
-66
16
-31
-9
-10
3
-7
4
6
5
-78
69
-65
-53
43
2
11
5
-5
-35
25
11
53
14
34
25
38
62
58
-13
-18
-13
12
127
-6
-44
-32
-22
-25
-8
22
-18
52
-13
20
2
3
-17
-28
-32
32
-25
55
-40
-4
19
41
-22
24
24
30
38
63
32
-57
7
-104
8
27
-28
20
-22
-19
-21
-31
20
-17
-14
10
3
2
-5
-4
-17
-6
22
22
1
-4
13
22
29
20
-19
-8
-17
15
71
3
3
7
3
7
3
-6
4
-14
12
-8
-13
17
-18
-20
-18
23
-17
21
-15
16
21
14
1
23
20
17
53
-2
29
-66
9
-30
-1
-2
7
-3
6
4
6
-6
8
-11
-10
11
3
3
-7
-2
-18
-9
21
16
0
-8
14
18
25
18
-21
-12
-17
18
69
8
-1
2
6
3
4
-3
4
-32
19
-11
-13
14
-20
-22
-20
23
-15
18
-12
18
22
13
5
25
23
20
44
-4
28
-61
13
-32
-6
-7
3
-5
3
5
4
23
-9
3
-1
4
6
6
-7
-4
-18
-13
25
29
1
-16
17
17
22
17
-22
-17
-15
18
53
13
-10
-8
4
-6
-2
5
-1
-16
9
-13
-17
20
-24
-26
-23
25
-21
22
-18
16
26
14
9
29
26
22
42
-3
24
-51
16
-27
-7
-8
-7
-2
-5
-1
-4
35
-17
5
1
2
11
10
-5
-6
-17
-13
26
33
1
-12
19
23
34
28
-23
-18
-17
19
74
14
-19
-15
1
-12
-3
10
-5
10
8
-15
-19
22
-23
-25
-23
25
-21
23
-18
19
25
18
6
33
30
25
43
5
27
-55
17
-45
-7
-4
-13
1
-10
-4
-9
16
-37
27
16
-9
20
20
10
-15
-12
-12
21
26
2
-2
18
26
41
36
-19
-14
-13
15
98
6
-32
-24
-10
-20
-9
18
-13
58
-14
-21
-25
24
-9
-13
-21
21
-22
19
-12
18
19
21
-1
29
28
25
39
20
23
-54
13
-69
1
9
-22
11
-18
-13
-17
-9
0
3
8
-6
14
12
-6
-5
-11
-17
29
24
-4
-17
14
12
17
11
-22
-15
-17
18
46
12
4
4
9
5
4
-5
6
8
-5
2
-5
12
-17
-23
-22
22
-18
15
-13
20
27
11
13
27
24
21
43
-13
27
-55
16
-16
-8
-12
5
-8
5
6
5
-92
25
55
51
-31
21
33
30
-25
-16
2
16
43
11
27
23
28
51
51
-11
-18
-8
11
119
-5
-39
-27
-20
-21
-3
18
-14
-14
-64
34
-6
29
9
3
-16
21
-37
53
-31
6
15
41
-19
22
24
30
26
57
25
-47
8
-97
5
26
-23
17
-17
-15
-17
-8
7
4
10
-11
19
17
2
-9
-8
-16
26
13
-6
-15
11
12
18
10
-22
-11
-18
19
54
9
8
10
11
10
8
-10
10
-14
-7
5
1
5
-5
-14
-20
18
-16
8
-5
22
23
8
11
25
23
19
44
-14
28
-59
14
-17
-8
-12
10
-10
10
10
10
51
66
-7
38
-42
14
30
33
-29
-10
-4
19
43
10
26
24
28
51
51
-11
-18
-8
11
119
-5
-39
-27
-20
-21
-3
18
-14
-78
20
65
35
5
17
14
-7
15
-39
53
-29
9
16
42
-18
22
24
30
26
57
25
-47
8
-97
5
26
-23
17
-17
-15
-17
62
27
-24
17
-29
11
20
21
-21
-3
-11
24
37
3
9
18
23
44
43
-14
-15
-9
12
105
-1
-23
-14
-10
-9
3
7
-5
-4
38
36
31
-6
12
9
-6
10
-28
33
-20
16
18
29
-6
23
25
28
34
34
27
-53
9
-74
0
15
-11
7
-6
-6
-6
13
-1
-8
1
-11
18
23
11
-17
-3
-19
31
20
-7
-14
14
17
25
16
-23
-14
-19
19
59
9
4
6
9
7
5
-7
7
17
11
4
12
-9
9
-2
-17
14
-22
11
-6
24
26
12
11
30
27
22
49
-7
29
-61
15
-23
-7
-10
7
-8
7
7
7
-14
-11
-9
-7
-9
16
24
16
-20
-4
-19
24
15
-4
-13
15
17
23
16
-21
-12
-14
16
57
10
-9
-8
4
-7
-4
6
-3
23
5
-4
12
-15
17
5
-15
13
-24
8
-3
21
21
11
7
28
25
19
42
-6
21
-53
14
-28
-4
-8
-7
-1
-6
-2
-5
-40
-31
-24
-8
-8
4
9
11
-15
1
-12
16
0
-7
-11
6
8
23
19
-18
-5
-12
15
78
4
0
5
5
6
8
-7
7
12
8
-7
18
-12
12
6
-3
2
-9
-8
8
22
13
7
7
19
21
18
30
-8
21
-52
11
-38
-6
-3
6
-6
7
7
7
-18
-11
-3
-15
1
5
20
20
-22
1
-19
24
7
-7
-15
13
12
19
13
-24
-13
-18
20
62
11
-3
-1
6
0
1
-1
2
-22
-13
-13
4
-18
22
14
-9
8
-22
3
2
23
21
9
9
27
25
21
41
-8
25
-57
16
-28
-6
-8
0
-4
0
3
1
9
-6
1
-23
1
0
13
17
-19
3
-17
23
18
-4
-8
14
15
33
31
-20
-13
-13
16
87
7
-17
-10
-3
-7
2
5
-2
-43
-32
-27
5
-21
19
14
-3
3
-19
9
-2
24
17
16
5
27
29
26
31
11
24
-50
14
-55
-5
4
-8
2
-5
-2
-5
45
27
27
-21
21
-15
6
24
-30
9
-25
30
22
-3
0
18
22
34
24
-22
-12
-18
18
81
1
5
10
1
10
6
-9
6
-12
-23
-17
-19
-16
16
26
9
-3
-32
21
-7
24
23
23
0
29
27
24
53
7
31
-68
12
-38
0
1
10
-3
9
5
9
27
25
20
-6
22
-15
4
20
-24
8
-20
24
10
-6
-7
13
18
27
18
-22
-9
-18
17
73
4
-2
2
1
2
0
-2
1
26
1
1
-21
-6
14
22
6
-4
-24
8
2
24
19
13
4
27
24
19
50
0
27
-66
11
-34
0
-2
2
-1
2
1
2
-3
19
15
-7
10
-7
6
13
-15
1
-10
15
-7
-10
-7
4
9
18
7
-20
-1
-19
17
65
2
16
19
12
18
13
-17
15
26
10
2
-12
-7
10
12
-1
0
-13
-3
11
19
12
6
6
18
17
13
40
-20
27
-62
9
-20
-6
-10
19
-13
17
14
17
-31
4
11
0
15
-13
3
17
-18
3
-12
16
-7
-10
-13
7
10
18
10
-22
-4
-17
18
62
7
2
4
9
4
4
-4
6
11
19
11
-16
-3
11
17
2
-3
-15
-9
12
21
14
5
8
23
22
16
37
-17
22
-56
13
-25
-6
-11
4
-7
4
6
5
-11
-2
2
2
15
-17
4
23
-22
7
-21
26
12
-11
-17
12
11
18
12
-24
-15
-18
20
55
13
-8
-7
6
-5
-1
4
0
-7
4
3
-9
-1
15
25
1
0
-21
1
5
26
21
8
12
30
27
22
36
-9
24
-51
18
-28
-8
-10
-6
-3
-4
1
-3
-3
-26
-6
13
17
-16
-5
13
-17
11
-19
25
13
-8
-11
13
13
30
28
-21
-14
-14
17
83
8
-16
-10
-1
-6
2
4
-2
-39
11
23
-17
6
4
17
9
-8
-14
1
4
28
18
14
7
28
29
26
34
9
25
-52
15
-52
-5
3
-8
1
-4
-1
-4
