0
0
0
0
-1
0
0
-1
0
0
-2
3
-1
-3
-1
-2
-1
-1
-1
3
1
5
-7
-1
-1
1
1
0
1
1
-1
1
0
-1
1
1
0
0
1
0
1
-1
1
1
2
0
-1
1
-1
-1
-1
-3
-1
-4
3
-2
1
0
0
1
-1
1
1
1
0
0
0
0
1
-1
0
1
0
0
1
-9
1
12
0
3
2
2
1
-9
-5
-9
14
0
4
2
2
2
2
2
-2
2
0
0
-1
-2
0
1
-1
0
-1
3
-2
-2
-7
3
2
0
4
4
5
7
1
15
-8
5
1
-3
-2
2
-2
2
2
2
-1
0
-1
-1
1
1
0
0
-1
2
-1
-8
-1
10
2
4
2
2
2
-10
-5
-9
17
1
3
1
1
1
1
2
-1
1
0
-3
0
1
0
1
0
-1
0
2
-2
1
-6
0
2
-1
5
4
4
5
2
16
-6
5
0
-2
-1
1
-1
1
1
1
1
2
-1
-1
0
1
-1
0
-1
1
-2
-3
-2
3
1
1
0
0
0
-1
-5
2
2
-2
3
3
3
3
3
3
-3
3
-1
-1
-1
0
-1
1
0
-1
0
1
-2
3
-3
-1
1
-1
2
3
4
0
0
6
0
3
3
-4
-3
3
-3
3
3
3
2
2
0
-1
1
1
-1
1
-1
2
-3
0
-4
-1
1
0
-1
0
-1
3
-5
8
-3
-3
4
3
3
4
3
4
-3
4
1
2
-2
-1
-2
1
0
-1
0
0
-2
5
-1
-2
0
-1
1
2
4
-3
0
1
3
3
3
-4
-4
3
-4
3
4
3
0
0
1
0
1
0
-1
0
0
-1
-1
-2
1
4
-2
0
0
0
-1
-4
-4
0
4
-2
3
3
3
3
3
3
-3
3
0
1
-2
-2
-2
0
1
-1
1
0
0
0
-2
2
1
1
2
1
3
2
0
7
-3
3
3
-3
-3
3
-3
3
3
3
2
5
-7
5
-7
-8
9
6
3
-2
25
-43
22
52
6
24
16
15
12
-50
-17
-72
96
6
11
-1
-1
-1
-1
-1
1
-1
-5
-13
13
17
17
-3
-8
9
-10
14
-5
-31
-29
17
11
-5
21
16
24
39
7
65
-45
23
-3
-2
0
-1
1
-1
-1
-1
-1
-1
1
0
1
0
-1
1
-1
1
-4
1
-4
-1
1
-1
-1
0
-1
2
-4
7
-4
-2
2
2
3
3
3
3
-3
3
-1
0
0
0
-1
0
0
-1
0
0
-2
5
0
-2
-1
-1
0
2
3
-3
0
0
3
2
2
-3
-3
3
-3
3
3
3
