-0.00121021
-0.00014603
0.00108337
0.00109482
-0.00266457
0.00251389
-0.00154018
0.00083590
-0.00031877
-0.00214386
0.00522995
-0.00111771
-0.00225449
-0.00173855
-0.00028038
-0.00141621
0.00170040
-0.00101852
-0.00188732
0.00200272
0.00059700
-0.00023198
-0.00221252
0.00091934
0.00044799
-0.00013614
0.00202370
0.00123787
0.00266457
0.00877380
-0.00258446
0.00133991
0.00413895
0.00097036
-0.00049019
0.00870514
0.00153923
0.00365448
-0.00520706
0.00135612
-0.00166893
-0.00152779
0.00148010
0.00112534
0.00280190
-0.00304031
-0.00305748
-0.00079441
-0.00209045
0.00142765
-0.00209618
-0.00070190
0.00142860
-0.00036955
-0.00356293
-0.00093603
0.00250816
-0.00068283
-0.00314140
-0.00122261
0.00051403
-0.00212669
-0.00026226
-0.00068092
0.00041685
0.00192587
0.00128051
0.00201874
0.00051221
0.00115298
-0.00073061
0.00023286
-0.00100405
0.00177313
0.00315704
0.00147249
-0.00410447
-0.00108563
0.00169638
0.00102090
-0.00038325
0.00020298
0.00046599
0.00240881
0.00193454
-0.00208022
0.00096103
0.00270057
0.00061223
-0.00196961
0.00106150
0.00127923
0.00169714
-0.03298738
0.00156137
-0.00032529
0.00224034
0.00028387
0.00075549
0.00537151
-0.00078454
0.00362762
-0.00375780
0.00293431
0.00152074
-0.00033985
0.00187116
0.00401527
0.00388374
-0.00053230
-0.00253536
0.00000140
0.00190174
-0.00006244
0.00026949
-0.00116548
0.00204527
0.00297134
-0.00109278
0.00022075
0.00201075
-0.00237060
-0.00229806
0.00018153
0.00173500
-0.00326870
0.00026147
-0.00020527
0.00022086
0.00177787
0.00028024
0.00150353
0.00080329
0.00055589
0.00090601
0.00022773
-0.00149374
0.00220126
0.00141436
0.00115859
-0.00171816
-0.00082473
0.00146636
0.00094576
0.00020282
0.00052707
0.00050753
0.00129951
0.00129750
-0.00093295
0.00119744
0.00260205
0.00097681
-0.00175094
0.00080787
0.00109076
0.00206232
-0.03447945
0.00018673
0.00008193
0.00172021
-0.00011032
0.00045789
0.00319295
-0.00170388
0.00126878
-0.00148395
0.00126536
0.00098469
0.00033275
0.00130145
0.00355362
0.00277411
-0.00026954
-0.00124242
-0.00079174
0.00147246
-0.00055645
-0.00015285
-0.00100633
0.00018209
0.00110613
-0.00074398
0.00051558
0.00084526
-0.00106512
-0.00121642
0.00043098
0.00199873
-0.00237531
0.00051312
-0.00015697
0.00080113
0.00333600
0.00052121
0.00253254
0.00146846
0.00068073
0.00153027
-0.00089173
-0.00141187
0.00142176
0.00111038
0.00072567
-0.00366304
0.00033403
0.00142277
0.00160508
0.00031720
0.00111931
0.00046747
0.00125933
0.00269097
-0.00014718
0.00122552
0.00270877
0.00057222
-0.00122295
0.00079841
0.00131915
0.00226262
-0.02884039
0.00029563
0.00017411
0.00049524
0.00079579
-0.00044485
0.00206181
-0.00251748
0.00214944
-0.00118190
0.00055111
0.00101696
0.00061884
0.00194844
0.00190700
0.00140619
0.00018489
-0.00176755
-0.00049036
0.00049829
-0.00040476
0.00156231
-0.00057399
-0.00063888
0.00080438
0.00044184
-0.00028032
0.00040747
-0.00177631
-0.00074621
0.00049246
0.00046516
-0.00111900
-0.00057589
-0.00072390
-0.00035082
0.00364421
0.00048872
0.00213149
-0.00006436
0.00059040
0.00083808
-0.00096062
-0.00237689
0.00146981
0.00152104
0.00004953
-0.00416077
-0.00019690
0.00076510
0.00288022
0.00109313
-0.00003076
0.00036769
0.00047109
0.00188023
0.00075563
0.00120414
0.00215701
0.00161369
-0.00085180
0.00005016
0.00058108
0.00279620
-0.02343263
0.00067861
-0.00072138
0.00052283
0.00057141
-0.00054732
0.00171636
-0.00314051
0.00167892
-0.00203963
0.00049464
0.00026505
-0.00030853
0.00227179
0.00185659
0.00147428
0.00058217
-0.00119783
-0.00021751
0.00043795
-0.00029804
0.00102942
-0.00091801
-0.00006408
0.00059113
0.00137416
-0.00146073
0.00103664
-0.00115037
-0.00064260
0.00003598
0.00076336
-0.00082654
0.00021613
-0.00008208
0.00023927
0.00300214
0.00034120
0.00240428
-0.00033273
0.00078604
0.00062118
-0.00130138
-0.00225918
0.00132244
0.00168858
-0.00033299
-0.00334507
-0.00001609
0.00232445
0.00239448
0.00068082
0.00011439
0.00036226
0.00129179
0.00273863
0.00115801
0.00107979
0.00210396
0.00138582
-0.00094863
0.00047435
0.00028927
0.00271295
-0.02842404
0.00099576
-0.00088786
-0.00056720
0.00078699
-0.00088702
0.00196480
-0.00379745
0.00174163
-0.00158253
-0.00004716
0.00071324
-0.00059968
0.00258496
0.00143369
0.00130982
0.00044929
-0.00130086
-0.00038082
0.00030075
-0.00026395
0.00201921
-0.00087977
0.00075516
0.00083444
0.00177295
-0.00092137
0.00058613
-0.00149691
-0.00088598
-0.00049972
0.00079507
-0.00049197
-0.00043635
0.00044873
0.00001076
0.00328213
0.00152262
0.00148293
-0.00037732
0.00117988
0.00060249
0.00009522
-0.00185556
0.00191441
0.00168701
-0.00045840
0.00297621
-0.00032328
0.00159183
0.00261539
0.00049917
0.00128022
0.00003817
0.00178249
0.00165151
0.00107575
0.00096387
0.00126160
0.00022813
-0.00028692
0.00135149
-0.00055677
0.00283118
-0.04372615
-0.00027975
-0.00183697
0.00002794
-0.00002072
-0.00183059
-0.00097180
-0.00308397
0.00047769
-0.00088214
-0.00065070
0.00120042
-0.00056329
0.00120170
0.00092303
0.00069100
0.00047380
-0.00157301
-0.00065065
0.00030080
0.00042465
0.00172672
-0.00040663
0.00029254
0.00038394
0.00284414
-0.00209837
-0.00008180
0.00028329
-0.00074284
0.00093059
0.00110253
0.00152756
-0.00081536
0.00075842
0.00020066
0.00222991
0.00043406
0.00142705
-0.00114058
0.00101299
0.00019647
-0.00067306
-0.00167493
0.00131730
0.00147133
-0.00056852
-0.00086328
-0.00072386
0.00201891
0.00218696
0.00086900
-0.00029958
-0.00029807
0.00193247
0.00175679
0.00118431
0.00087237
0.00135362
0.00046633
-0.00061135
0.00042905
0.00008550
0.00294796
-0.03327593
-0.00059872
-0.00106895
0.00021759
0.00048995
-0.00108448
0.00124823
-0.00208084
0.00154335
-0.00136536
0.00002481
0.00076719
-0.00104117
0.00118974
0.00138257
0.00080198
-0.00064339
-0.00211082
-0.00079152
0.00061273
-0.00050633
0.00120788
-0.00068995
0.00138090
0.00021678
0.00141054
-0.00136593
-0.00030613
-0.00118371
-0.00113357
-0.00013565
0.00065865
-0.00015811
-0.00088792
0.00117739
