-0.00121021
-0.00014603
0.00108337
0.00109482
-0.00266457
0.00251389
-0.00154018
0.00083590
-0.00031877
-0.00214386
0.00522995
-0.00111771
-0.00225449
-0.00173855
-0.00028038
-0.00141621
0.00170040
-0.00101852
-0.00188732
0.00200272
0.00059700
-0.00023198
-0.00221252
0.00091934
0.00044799
-0.00013614
0.00202370
0.00123787
0.00266457
0.00877380
-0.00258446
0.00133991
0.00413895
0.00097036
-0.00049019
0.00870514
0.00153923
0.00365448
-0.00520706
0.00135612
-0.00166893
-0.00152779
0.00148010
0.00112534
0.00280190
-0.00304031
-0.00305748
-0.00079441
-0.00209045
0.00142765
-0.00209618
-0.00070190
0.00142860
-0.00036955
-0.00356293
-0.00093603
0.00250816
-0.00068283
-0.00314140
-0.00122261
0.00051403
-0.00212669
-0.00026226
-0.00068092
0.00167847
0.00353241
0.00143337
0.00273514
0.00297546
0.00009775
-0.00010288
-0.00023472
-0.00153542
0.00481033
0.00154972
0.00348091
-0.00553894
-0.00057936
0.00322914
0.00291061
-0.00199890
0.00115013
0.00229073
0.00272369
0.00297165
-0.00351334
0.00342178
0.00408173
0.00073957
-0.00339127
0.00031543
0.00131130
0.00094700
-0.06536865
0.00477600
-0.00161648
0.00076818
-0.00024843
0.00172138
0.00278664
-0.00258636
0.00360680
-0.00263405
0.00415802
0.00399399
0.00058126
0.00217438
0.00625610
0.00472260
0.00141239
-0.00213051
0.00061846
0.00499725
-0.00121784
0.00210381
-0.00152493
0.00252342
0.00556183
0.00082254
0.00111771
0.00162506
-0.00367928
-0.00164413
0.00127029
0.00268173
-0.00415421
0.00066757
0.00016356
-0.00008112
0.00156212
-0.00137901
0.00066090
0.00133324
-0.00045609
0.00363731
0.00021040
-0.00231743
0.00296974
-0.00151157
0.00067472
0.00222015
-0.00038171
0.00111294
0.00085640
0.00114632
0.00108337
0.00061083
-0.00053787
0.00025845
0.00094652
0.00163651
0.00246429
0.00158501
-0.00141430
0.00037241
0.00077820
0.00265503
-0.03756714
-0.00203705
0.00073433
0.00082827
-0.00077534
-0.00001848
-0.00047565
-0.00326538
-0.00265121
0.00231552
-0.00148487
0.00014043
0.00146770
0.00036049
0.00282860
0.00094604
0.00020361
0.00091362
-0.00209808
0.00081730
-0.00139904
-0.00082016
-0.00074863
-0.00290489
-0.00194454
-0.00012839
0.00102234
-0.00109863
0.00107956
0.00059319
0.00086594
0.00245476
-0.00090742
0.00093889
-0.00006980
0.00271797
0.00817871
0.00102234
0.00555801
0.00400925
0.00067234
0.00386047
-0.00424576
-0.00140476
-0.00007337
-0.00053024
-0.00016189
-0.00907135
0.00387001
0.00158024
0.00391769
0.00042963
0.00312233
0.00076246
0.00095463
0.00681686
0.00208473
0.00190353
0.00329971
-0.00048971
0.00004768
0.00054789
0.00194550
0.00276375
-0.01994324
0.00100040
0.00025201
-0.00350571
0.00321770
-0.00292206
-0.00229645
-0.00548935
0.00415421
0.00046992
-0.00164032
0.00153065
0.00180817
0.00376129
-0.00248718
-0.00263786
0.00199318
-0.00290298
0.00033641
-0.00174809
-0.00033331
0.00684738
0.00063896
-0.00334930
0.00006580
0.00438690
-0.00232506
-0.00121880
-0.00382614
0.00101376
0.00096846
-0.00371742
0.00254059
-0.00358963
-0.00227737
-0.00502777
0.00533295
0.00028110
0.00058746
-0.00613403
0.00001550
-0.00174618
-0.00145149
-0.00658798
0.00201988
0.00281143
-0.00265121
-0.00641251
-0.00221062
-0.00186062
0.00860596
0.00426102
-0.00467682
0.00017941
-0.00296974
-0.00133038
0.00463486
0.00146198
-0.00000471
0.00604248
0.00063086
-0.00325203
-0.00254059
0.00503159
-0.00414276
0.00256729
-0.00462723
0.00023758
-0.00038457
-0.00100422
-0.00048089
-0.00622559
-0.00049257
-0.00522614
0.00012600
-0.00266647
-0.00400925
0.00369453
0.00167370
0.00157070
0.00260544
0.00136089
0.00096226
0.00040960
-0.00003421
-0.00083447
-0.00235176
0.00211334
-0.00023925
0.00576401
-0.00641632
0.00346375
0.00140476
0.00006789
-0.00172329
0.00199318
0.00056124
0.00352478
0.00262451
0.00333786
-0.00099754
-0.00030613
0.00368881
-0.00187874
0.00208855
-0.00083923
-0.00272369
-0.00119781
0.00012010
0.00309372
-0.00230026
0.00125122
0.00069475
0.01039124
-0.00095177
-0.00154686
0.00086212
0.00005609
0.00593948
0.00706863
0.00283241
-0.00002426
0.00175571
-0.00010771
-0.00147533
0.00307083
-0.00102139
0.00213814
-0.05136108
0.00221062
-0.00135899
-0.00561142
0.00193787
-0.00252914
0.00444031
-0.00636292
0.00245667
0.00036573
-0.00258064
0.00293350
-0.00217247
0.00402451
-0.00067949
0.00079679
-0.00083399
-0.00219917
-0.00133133
-0.00062561
0.00013483
0.00670242
-0.00064087
0.00526810
0.00213051
0.00291443
0.00219154
-0.00156021
-0.00334549
-0.00259018
-0.00338173
0.00099277
0.00086641
-0.00393295
0.00305748
0.00042558
0.00192356
0.00508118
-0.00087976
-0.00011110
0.00314713
-0.00027752
0.00460815
0.00102425
0.00231743
0.00314903
-0.00036860
0.02078247
-0.00141716
0.00062418
0.00022793
-0.00095367
0.00500488
-0.00142574
0.00502777
-0.00066614
-0.00083876
-0.00051880
-0.00079918
-0.00434875
0.00105286
0.00528336
-0.00192833
0.00234985
-0.08233643
-0.00452042
-0.00300026
0.00284195
-0.00184155
-0.00396729
-0.00505829
0.00121021
-0.00118732
0.00016296
-0.00134468
0.00297546
-0.00030303
-0.00290871
-0.00013971
0.00009489
-0.00125980
-0.00378227
-0.00169468
-0.00006354
0.00280952
0.00053072
0.00110340
0.00008017
-0.00009525
0.00286674
-0.00353050
-0.00167084
0.00412750
-0.00182819
0.00449753
0.00187397
0.00562286
-0.00278473
0.00105190
-0.00021935
-0.00143337
-0.00342751
-0.00229454
-0.00664902
0.00006950
-0.00145054
-0.00203514
-0.00101662
0.00092220
-0.00214386
-0.00208282
-0.00600433
-0.00413132
0.00137043
0.00358582
0.00376320
-0.00761032
-0.00296211
0.00253868
-0.00191593
0.00354385
0.00145435
-0.00110340
-0.00045562
-0.00009578
-0.00476074
0.00057125
0.00505447
-0.02162170
-0.00635529
-0.00073051
0.00201797
0.00075960
0.00028992
0.00126362
0.00457001
0.00238419
-0.00085163
0.00146198
-0.00077343
-0.00420380
-0.00346947
0.00246429
-0.00204468
-0.00611496
-0.00513840
-0.00238991
0.00345230
-0.00535202
-0.00269127
-0.00119686
0.00593948
-0.00334358
-0.00123501
-0.00235748
-0.00479126
-0.00411606
-0.00146580
-0.00193501
-0.00134468
-0.00308800
-0.00177765
0.00581360
0.00219345
-0.00340271
-0.00009102
-0.00080585
-0.00182056
-0.00638199
0.00336838
0.00140285
0.00199509
0.00108051
0.00065708
-0.00092506
0.00510788
0.00113106
-0.00135517
0.00337791
-0.00232506
0.00365639
0.00222206
-0.00082302
0.00260925
-0.00112343
-0.00095224
-0.00007445
0.00193310
0.00205421
-0.00384712
0.00256729
-0.00134468
-0.05871582
0.00500870
-0.00035167
-0.00321579
-0.00027537
0.00312614
0.00230408
-0.00024128
0.00307083
-0.00152111
-0.00286102
-0.00089073
-0.00208092
0.00325394
-0.00707626
0.00135422
0.00095892
-0.00251961
-0.00085020
0.00558090
-0.00308228
0.00064230
-0.00391769
-0.00091791
0.00657272
0.00153828
-0.00034070
0.00292778
-0.00552750
0.00247574
-0.00210571
0.00129414
0.00190067
-0.00005680
0.00049067
-0.00075245
-0.00288391
-0.00327301
0.00071812
-0.00180912
-0.00375557
0.00097322
0.00171280
-0.00065899
0.00054455
-0.00253868
0.00448990
-0.01759338
-0.00451660
0.00027871
0.00260544
-0.00025535
-0.00361061
0.00251770
-0.00146103
0.00522614
0.00093222
0.00490570
0.00389290
0.00428009
-0.00062037
0.00134659
-0.00272560
0.00365448
-0.02198792
0.00147915
-0.00019968
-0.00166798
0.00288582
0.00236130
0.00853729
0.00060368
0.00092840
0.00094700
0.00351524
-0.00182343
-0.00047517
-0.00086069
0.00166798
0.00493240
0.00006694
0.00355721
0.00092125
-0.00003463
0.00043821
0.00735855
-0.00438690
-0.00239182
0.00215721
0.00202370
-0.00156212
-0.00178814
-0.00422287
0.00412369
0.00144958
0.00066900
-0.00295830
-0.00418472
0.00209236
0.00903320
0.00136757
-0.00423431
0.00162983
0.00179386
0.00120831
-0.00009269
-0.00259590
-0.00509644
0.00388908
-0.00197411
-0.00261688
0.00617218
-0.00429535
0.00182056
0.00240707
-0.00132751
0.00011271
0.00499344
0.00522995
-0.00468445
0.00451279
0.00218582
-0.00184631
0.00166702
0.00222397
-0.00190544
-0.00160503
-0.00109100
-0.01340485
0.00209999
-0.00361824
-0.00252342
-0.00380516
-0.00166321
0.00120735
-0.00160885
0.00806427
-0.00165272
-0.00289536
0.00012910
-0.00286674
-0.00074100
0.00489426
0.00130177
0.00423050
0.00091314
-0.00477982
-0.00204277
0.00289917
-0.00246429
0.00296783
-0.00357628
-0.00389671
-0.00026226
0.00669479
-0.00205612
0.00113487
0.00717545
-0.00245285
0.00576019
0.00468063
-0.00095224
0.00226974
-0.00051880
-0.00192547
-0.00334167
0.00153828
-0.00012118
0.00030756
-0.00100422
-0.00121593
0.00120544
-0.00077963
0.00277901
-0.00114250
-0.00264549
-0.00476456
0.00095606
0.00189400
0.00329208
0.00092316
0.00116730
-0.00359535
0.00193691
0.00040460
0.00296211
0.00191784
0.00166893
-0.00132275
-0.00359154
0.00002092
0.00479126
-0.02188110
0.00094175
-0.00006276
-0.00434113
0.00182724
-0.00187874
0.00049734
0.00064087
0.00230026
0.00069237
-0.00029588
0.00115681
0.00472260
0.00321198
0.00471115
0.00176239
0.00290871
-0.00080395
-0.00352478
0.00089169
0.00158501
-0.00009590
-0.00372505
-0.00057650
0.00325203
0.00081635
0.00046825
0.00117683
0.00003880
0.00115299
0.00276184
0.00532150
-0.00139809
0.00203514
-0.00157833
-0.00428009
-0.00274658
0.00203896
0.00065374
0.00448227
0.00018132
-0.00036049
-0.00070477
0.00274467
-0.00189590
-0.00034022
0.00139999
0.00158978
0.00062132
0.00357437
0.00315285
0.00284386
0.00103951
0.00383759
-0.00446320
-0.00065804
-0.00381088
0.00465012
-0.00102234
0.00252151
-0.00046301
0.00105667
-0.00209618
0.00061703
-0.05206299
0.00021505
-0.00000519
-0.00389099
-0.00468063
0.00232887
0.00303459
-0.00085258
0.00178909
0.00168705
-0.00330162
-0.00166225
-0.00388527
0.00133133
0.00119781
0.00205803
-0.00181007
-0.00566101
-0.00430298
-0.00128937
-0.00140667
-0.00145245
0.00005579
-0.00072765
0.00270462
0.00609589
-0.00197029
-0.00007141
-0.00091219
-0.00002003
-0.00002605
-0.00010741
-0.00023603
0.00255203
-0.00100327
0.00329590
-0.00374413
0.00105381
-0.00018644
-0.00397110
0.00677109
-0.00022459
-0.00347137
0.00118828
-0.00044131
-0.00214005
0.00209236
0.00418472
0.00074291
0.00004435
-0.00053596
0.00705338
0.00018311
0.00248146
-0.00331879
0.00151634
-0.00237846
0.00071049
0.00410461
-0.00137234
-0.00148392
0.00106525
0.00063276
0.00028896
-0.05334473
0.00122070
-0.00147820
0.00031018
-0.00419998
0.00154877
0.00090551
-0.00032139
0.00182629
-0.00181675
0.00275421
0.00159740
-0.00378990
0.00636673
-0.00098133
0.00203323
0.00167656
-0.00001121
-0.00305748
0.00189114
-0.00008899
-0.00216103
0.00051308
0.00298500
0.00246620
0.00479889
-0.00268173
0.00146198
-0.00044727
-0.00102901
-0.00224495
0.00346375
-0.00107765
0.00349426
0.00072193
0.00534439
-0.00026441
-0.00374794
0.00633621
-0.00495529
-0.00193119
-0.00123215
0.00094128
-0.00552750
-0.00096893
-0.00069094
-0.00179100
-0.00242424
0.00368309
0.00215530
-0.00017440
-0.00325394
-0.00394821
-0.00242615
0.00028825
0.00435638
0.00376701
0.00234985
0.00306511
0.00094843
-0.00340652
0.00035238
-0.00716019
0.00529099
-0.05603027
0.00061321
0.00016081
0.00214958
-0.00255203
0.00395966
0.00107765
-0.00520706
-0.00139809
0.00144577
0.00088072
0.00262833
-0.00024867
0.00455475
0.00474930
0.00242424
-0.00447083
-0.00067568
-0.00216866
0.00334167
0.00551605
0.00196075
-0.00153923
0.00655746
0.00458145
0.00421906
-0.00075626
-0.00254822
-0.00859070
0.00187683
-0.00264359
-0.00459290
0.00159645
0.00350952
0.00150108
-0.00076628
-0.00243568
-0.00057554
-0.00051832
-0.00020111
0.00459290
-0.00448990
-0.00032258
0.00196838
0.00132656
0.00240898
0.00009030
0.00379181
-0.00296402
-0.00066900
-0.00274849
0.00403976
-0.00316238
-0.00186157
0.00022650
-0.00067616
0.00049639
-0.00215340
0.00110817
-0.00122643
0.00228882
-0.00093079
0.00083208
-0.00210953
-0.01956177
0.00402451
0.00110912
-0.00308609
0.00266838
0.00218201
0.00203514
0.00229454
-0.00078297
0.00340652
0.00466156
0.00001270
-0.00212669
-0.00291634
0.00284195
0.00191307
0.00646591
-0.00261688
0.00125027
0.00103092
0.00148582
0.00124264
-0.00300026
0.00685883
0.00260735
0.00105190
-0.00088644
0.00230408
0.00387001
0.00132751
0.00197983
0.00398254
0.00226593
-0.00258446
-0.00158787
0.00156975
-0.00259590
-0.00131702
-0.00070095
-0.00377274
0.00241089
0.00209427
-0.00392532
-0.00332451
0.00103378
0.00313187
-0.00481033
-0.00528717
-0.00523376
0.00339890
0.00040936
-0.00090837
-0.00409317
0.00621414
0.00379944
0.00487518
-0.00182915
0.00716400
0.00040269
0.00754929
-0.00130844
-0.00361443
-0.00205803
0.00878143
-0.02183533
0.00102901
0.00540543
-0.00682831
0.00246811
0.00169468
0.00271416
-0.00400543
-0.00432587
0.00045729
-0.00204277
0.00315475
-0.00402832
0.00046253
0.00380898
0.00075960
-0.00092936
-0.00454712
-0.00085115
0.00271606
-0.00045061
0.00383377
0.00013256
-0.00001526
0.00240707
0.00424576
-0.00232697
-0.00254440
-0.00054026
0.00209999
0.00128841
0.00408554
-0.00187302
0.00163269
0.00176048
0.00315857
0.00085449
0.00392532
0.00360870
0.00079584
0.00068331
-0.00077772
0.00198364
-0.00004387
0.00247574
0.00558853
0.00131130
0.02478027
-0.00191498
0.00055790
-0.00176907
-0.00278091
0.00432587
-0.00281715
0.00306892
0.00271225
-0.00125408
-0.00070143
-0.00017977
-0.00490952
-0.00192451
0.00302887
-0.00040770
0.00024915
-0.09375000
-0.00594330
-0.00300789
0.00344849
0.00086832
-0.00311089
-0.00845337
0.00115108
-0.00019586
0.00151634
-0.00318909
-0.00034881
-0.00011736
-0.00181007
-0.00194740
0.00157547
-0.00181389
-0.00324249
-0.00315285
0.00024176
0.00419235
0.00114155
-0.00033832
0.00066805
-0.00113678
0.00057745
-0.00272560
0.00082636
0.00510788
-0.00154686
0.00527573
0.00059319
0.00532913
-0.00206566
0.00048923
-0.00183201
0.00308800
-0.00219536
-0.00115776
0.00321388
0.00354958
-0.00293159
-0.00264168
0.00234985
0.00369263
-0.00129890
0.00070906
-0.01568604
-0.00150967
0.00180244
0.00214386
-0.00024128
0.00108814
0.00251007
-0.00276947
0.00472641
-0.00194359
-0.00143814
0.00423431
-0.00082779
0.00161934
0.00119305
-0.00215340
0.00448227
-0.03500366
0.00348282
-0.00256538
-0.00029540
-0.00362968
0.00083542
0.00504684
-0.00256348
-0.00222588
0.00267410
-0.00173378
-0.00066090
0.00340652
0.00037670
0.00190926
-0.00013828
-0.00149059
0.00166893
-0.00057364
-0.00067902
-0.00518417
-0.00060177
-0.00109196
-0.00195122
0.00199699
-0.00402451
0.00165939
-0.00341988
-0.00456619
0.00105190
-0.00129604
0.00179863
-0.00012732
0.00152302
0.00059271
0.00039363
0.00072432
0.00020754
-0.00126648
0.00025821
-0.00066519
-0.00285530
-0.00301170
0.00270081
-0.00013626
-0.00389290
-0.00260925
-0.00294685
-0.00454712
0.00513840
0.00120544
-0.00011951
-0.00456238
0.00401688
-0.00097656
0.00355530
-0.00168228
0.00032425
-0.00252914
0.00669098
0.00056076
0.00025773
-0.00031948
0.00596619
-0.01242828
0.00214005
-0.00035858
0.00060749
0.00315666
0.00656128
-0.00506592
-0.00162315
0.00067377
0.00377655
0.00083828
-0.00310326
0.00171852
-0.00185680
0.00091791
0.00051546
-0.00214005
0.00037670
-0.00287819
0.00281143
-0.00250626
-0.00297165
0.00108910
-0.00173664
0.00350571
0.00437164
-0.00356293
0.00620651
0.00034976
-0.00136757
-0.00470352
-0.00126553
-0.00207138
-0.00080490
-0.00092506
0.00335693
-0.00160027
-0.00289726
0.00296402
-0.00230217
0.00607681
0.00474930
0.00247002
-0.00503540
0.00118828
-0.00169945
-0.00326157
0.00216675
-0.00311279
0.00007474
-0.00193214
0.00019920
-0.00096560
0.00010264
0.00468445
0.00199699
0.00442123
0.00277519
-0.00117397
0.00166607
-0.00498199
-0.00413895
0.00230980
0.00382233
-0.02307129
0.00338936
-0.00034738
-0.00297546
0.00086832
0.00112915
0.00495529
-0.00156593
-0.00083590
0.00166798
-0.00358963
-0.00464630
0.00498581
-0.00184345
-0.00149059
0.00139141
0.00321007
-0.00126839
-0.00570679
-0.00013602
-0.00422287
0.00391769
0.00001389
0.00378990
0.00145817
0.00294495
0.00065470
-0.00156879
-0.00090647
0.00566101
-0.00171947
-0.00203896
-0.00079823
0.00364876
0.00036144
0.00224113
-0.00035119
-0.00263977
0.00928497
-0.00709152
-0.00080204
0.00328445
-0.00090504
0.00336456
-0.00102329
-0.00216484
-0.00132465
-0.00788879
0.00219917
0.00047350
0.00121403
0.00576782
0.00081491
-0.00087357
-0.00175762
0.00649261
-0.00369453
0.00412750
0.00387573
0.00900269
-0.00187588
-0.00998688
0.00079536
-0.00329399
-0.00489426
0.00045252
-0.00011963
-0.00040913
0.00695419
0.00111389
-0.00829315
0.00083637
-0.00362015
-0.00209427
-0.00622177
0.00216675
-0.00197983
-0.00640488
-0.00282288
0.00416183
0.00192165
-0.00317764
-0.00177193
-0.00365448
-0.00230217
0.00229454
0.00340652
0.00103474
0.00585556
0.00332069
-0.00357437
-0.00422287
-0.00053978
-0.00019610
0.00148106
0.00075245
-0.00021338
0.00015235
0.00281334
0.00042558
0.00192356
0.00508118
-0.00087976
-0.00011110
0.00314713
-0.00027752
0.00460815
0.00102425
0.00231743
0.00314903
-0.00036860
0.02078247
-0.00141716
0.00062418
0.00022793
-0.00095367
0.00500488
-0.00142574
0.00502777
-0.00066614
-0.00083876
-0.00051880
-0.00079918
-0.00434875
0.00105286
0.00528336
-0.00192833
0.00234985
-0.08233643
-0.00452042
-0.00300026
0.00284195
-0.00184155
-0.00396729
-0.00505829
0.00121021
-0.00118732
0.00016296
-0.00134468
0.00297546
-0.00030303
-0.00290871
-0.00013971
0.00009489
-0.00125980
-0.00378227
-0.00169468
-0.00006354
0.00280952
0.00053072
0.00110340
0.00008017
-0.00009525
0.00286674
-0.00353050
-0.00167084
0.00412750
-0.00182819
0.00449753
0.00187397
0.00562286
-0.00278473
0.00105190
0.00587463
0.00203705
0.00002444
-0.00027323
-0.00351524
0.00001538
0.00282669
0.00172329
0.00057745
-0.00370979
0.00268936
0.00115204
0.00008738
-0.00351334
-0.00409317
0.00018942
0.00331497
-0.00193977
0.00379944
0.00355721
-0.00205231
0.00226212
0.00225830
-0.00166416
0.00026822
0.00084591
0.00036645
-0.00443649
0.00391388
-0.00097752
-0.00127697
-0.00080729
0.00121975
0.00095367
0.00328255
-0.00366974
0.00134468
-0.00462341
-0.00118446
-0.00482559
-0.00141430
0.00356483
-0.00223160
0.00203133
-0.00205421
-0.00039172
0.00181961
-0.00053787
-0.00062799
0.00105095
0.00490189
0.00269699
-0.00495911
0.00399780
-0.00114059
-0.00235176
0.00408554
0.00142002
-0.00071955
0.00293922
-0.00346375
0.00067902
0.00365639
-0.00145626
-0.00002092
-0.00346947
0.00383186
-0.00000155
0.00281715
0.00039053
0.00292969
0.00233459
0.00271797
-0.00260353
-0.00090551
-0.00587845
-0.00000679
-0.00150204
-0.00044942
-0.00224686
0.00121975
-0.00147915
0.00536346
-0.00890350
-0.00129986
-0.00432205
-0.00097132
-0.00256348
0.00103760
0.00308990
-0.00692749
-0.00062132
0.00169182
-0.04611206
-0.00319672
0.00330162
-0.00107765
-0.00117397
-0.00241661
-0.00544357
-0.00464249
-0.00400162
0.00329781
-0.00650787
0.00058651
0.00167084
0.00154400
-0.00218964
-0.00211143
0.00221825
0.00299072
-0.00275230
-0.00226212
0.00317955
0.00200272
-0.00203133
0.00279045
-0.00213623
0.00208092
-0.00496292
-0.00515366
0.00109386
0.00397873
-0.00299835
-0.00530243
0.00045395
0.00331497
0.00171471
0.00042558
0.00192356
0.00508118
-0.00087976
-0.00011110
0.00314713
-0.00027752
0.00460815
0.00102425
0.00231743
0.00314903
-0.00036860
0.02078247
-0.00141716
0.00062418
0.00022793
-0.00095367
0.00500488
-0.00142574
0.00502777
-0.00066614
-0.00083876
-0.00051880
-0.00079918
-0.00434875
0.00105286
0.00528336
-0.00192833
0.00234985
-0.08233643
-0.00452042
-0.00300026
0.00284195
-0.00184155
-0.00396729
-0.00505829
0.00121021
-0.00118732
0.00016296
-0.00134468
0.00297546
-0.00030303
-0.00290871
-0.00013971
0.00009489
-0.00125980
-0.00378227
-0.00169468
-0.00006354
0.00280952
0.00053072
0.00110340
0.00008017
-0.00009525
0.00286674
-0.00353050
-0.00167084
0.00412750
-0.00182819
0.00449753
0.00187397
0.00562286
-0.00278473
0.00105190
0.00251007
0.00259018
-0.00614166
0.00387383
-0.00181770
0.00227737
0.00082445
0.00264359
-0.00491333
-0.00010091
0.00478745
-0.00293159
-0.02136230
-0.00199127
-0.00043392
0.00437927
0.00181961
-0.00471497
0.00108910
-0.00182819
0.00236511
0.00769043
-0.00040317
-0.00494766
0.00039887
-0.00499344
-0.00490952
-0.00271034
-0.00126553
-0.01080322
-0.00175762
-0.00431824
0.00053740
0.00039148
0.00175190
-0.00404739
0.00349808
0.00161839
-0.00122833
0.00021315
-0.00326347
0.00098515
0.00284386
-0.00241280
0.00220490
-0.00554276
0.00071669
-0.00684357
0.00511551
-0.00108910
0.00181198
0.00098419
0.00265312
0.00030303
-0.00266266
-0.00357819
0.00701904
-0.00264168
-0.00450516
0.00013840
-0.00339317
-0.00374413
0.00210381
0.00070620
0.00479507
0.00231361
-0.00661087
0.00049639
-0.00136375
-0.00302887
-0.00088644
-0.00486755
-0.00352478
-0.00386047
0.00004596
-0.00788879
-0.00237465
-0.00740814
-0.00399017
0.00256729
0.00333405
-0.00012684
-0.00218201
-0.00244904
-0.00360680
-0.00057936
-0.00046253
-0.00084352
0.00440979
0.00181198
-0.00022829
-0.00246429
0.00535202
-0.01254272
0.00267982
-0.00316048
-0.00541687
-0.00202560
0.00246048
0.01330566
0.00039411
0.00022280
-0.00414658
-0.00223160
0.00364876
-0.00291824
0.00292397
-0.00363731
0.00132465
0.00361443
0.00066662
-0.00127029
-0.00436020
0.00165176
0.00221062
-0.00587463
-0.00606537
0.00173855
-0.00014544
0.00427246
-0.00131321
-0.00201797
0.00650787
-0.00083780
-0.00119781
-0.00547409
0.00197029
-0.00116539
0.00042558
0.00192356
0.00508118
-0.00087976
-0.00011110
0.00314713
-0.00027752
0.00460815
0.00102425
0.00231743
0.00314903
-0.00036860
0.02078247
-0.00141716
0.00062418
0.00022793
-0.00095367
0.00500488
-0.00142574
0.00502777
-0.00066614
-0.00083876
-0.00051880
-0.00079918
-0.00434875
0.00105286
0.00528336
-0.00192833
0.00234985
-0.08233643
-0.00452042
-0.00300026
0.00284195
-0.00184155
-0.00396729
-0.00505829
0.00121021
-0.00118732
0.00016296
-0.00134468
0.00297546
-0.00030303
-0.00290871
-0.00013971
0.00009489
-0.00125980
-0.00378227
-0.00169468
-0.00006354
0.00280952
0.00053072
0.00110340
0.00008017
-0.00009525
0.00286674
-0.00353050
-0.00167084
0.00412750
-0.00182819
0.00449753
0.00187397
0.00562286
-0.00278473
0.00105190
0.00399017
-0.00159168
0.00041819
-0.00137997
0.00139046
0.00047421
-0.00078344
-0.00043678
-0.00320625
-0.00270271
0.00208092
-0.00112724
0.00013483
-0.00210571
0.00373077
-0.00115871
0.00416565
-0.00125027
0.00392151
-0.00173378
0.00499344
0.00403976
0.00176048
-0.00163460
-0.00469589
-0.00635910
0.00032783
0.00002241
0.00318146
-0.01701355
-0.00175190
0.00002557
-0.00325966
0.00104141
-0.00311661
-0.00489426
-0.00115490
0.00578690
0.00367355
-0.00605392
0.00121021
-0.00695419
0.00180817
-0.00043130
0.00033045
0.00056982
-0.00537872
0.00457001
0.00337982
0.00287819
-0.00210762
-0.00598145
0.00124454
-0.00263214
-0.00705719
0.00426483
0.00137615
-0.00352859
0.00311661
0.00655746
-0.00042963
0.00153065
0.00282669
-0.00039363
-0.00017786
0.00003707
-0.00432587
0.00057125
0.00295830
-0.00417328
0.00026894
-0.00505066
-0.00362968
0.00256538
0.00184917
0.00040197
0.00526047
0.00651932
-0.00413895
-0.00134182
0.00335121
0.00145340
-0.00092793
0.00583649
-0.00041437
0.00354385
0.00287819
0.00511551
-0.00132179
-0.00688934
0.00527573
0.00153446
0.00300407
-0.02053833
0.00506592
-0.00006574
-0.00367737
0.00195312
0.00230408
0.00505066
-0.00117016
-0.00369453
-0.00111580
0.00379753
-0.00332451
-0.00489426
-0.00437164
0.00199318
0.00368118
-0.00086212
-0.00184536
-0.00003844
0.00272560
0.00455475
-0.00095844
-0.00201035
-0.00415421
-0.00106621
0.00305939
-0.00231934
-0.00163460
-0.00082874
-0.00043368
-0.00248528
0.00179195
-0.00018668
-0.00377655
-0.00198746
0.00042558
0.00192356
0.00508118
-0.00087976
-0.00011110
0.00314713
-0.00027752
0.00460815
0.00102425
0.00231743
0.00314903
-0.00036860
0.02078247
-0.00141716
0.00062418
0.00022793
-0.00095367
0.00500488
-0.00142574
0.00502777
-0.00066614
-0.00083876
-0.00051880
-0.00079918
-0.00434875
0.00105286
0.00528336
-0.00192833
0.00234985
-0.08233643
-0.00452042
-0.00300026
0.00284195
-0.00184155
-0.00396729
-0.00505829
0.00121021
-0.00118732
0.00016296
-0.00134468
0.00297546
-0.00030303
-0.00290871
-0.00013971
0.00009489
-0.00125980
-0.00378227
-0.00169468
-0.00006354
0.00280952
0.00053072
0.00110340
0.00008017
-0.00009525
0.00286674
-0.00353050
-0.00167084
0.00412750
-0.00182819
0.00449753
0.00187397
0.00562286
-0.00278473
0.00105190
0.00135612
0.00005585
0.00477219
0.00237274
-0.00143909
0.00200844
0.00017869
0.00341415
-0.00015283
0.00053787
0.00111580
-0.00075388
0.00785065
-0.00359535
0.00094461
0.00125980
0.00209427
0.00311661
-0.00312042
0.00261307
0.00448227
-0.00298500
0.00221062
-0.00117302
0.00021601
0.00212669
0.00449371
-0.00301170
0.00068188
-0.08306885
-0.00022852
-0.00329018
-0.00080633
-0.00013900
0.00087643
-0.00095272
-0.00292778
-0.00067997
-0.00081301
0.00032496
-0.00092793
-0.00126648
-0.00104046
-0.00105381
0.00243187
0.00012970
-0.00104809
-0.00027156
-0.00032663
0.00218391
0.00135612
0.00028968
-0.00219536
0.00118828
0.00193691
-0.00223351
-0.00086832
0.00068140
0.00063086
0.00231171
-0.00134659
0.00347710
-0.00181103
-0.00058222
-0.00122356
0.00263596
-0.00145912
0.00028181
0.00033402
-0.00313568
0.00269699
-0.00060177
-0.00157166
0.00312996
0.00264740
-0.00137806
0.00195122
-0.00407410
-0.00161648
0.00354385
-0.00109196
0.00000435
0.00007927
0.00042677
-0.00006026
-0.00320435
0.00057745
0.00016093
0.00335503
-0.00003439
-0.00330162
-0.00204468
0.00011462
-0.01921082
0.00239182
-0.00000870
0.00125217
0.00584030
0.00413895
0.00245667
-0.00275421
0.00489044
-0.00048637
-0.00383949
0.00161266
0.00458145
0.00232315
0.00363541
-0.00395203
0.00313568
-0.00269508
-0.00071001
-0.00180149
0.00215912
0.00044918
0.00394058
-0.00197601
0.00283432
0.00386047
-0.00249863
0.00172520
-0.00164604
0.00187302
0.00194073
-0.00166988
-0.00120449
-0.00075912
-0.00036931
-0.00010169
0.00077343
-0.00098228
0.00048184
0.00339127
-0.00274658
-0.00092983
-0.00122070
-0.00087166
-0.00092173
0.00347900
-0.00065899
-0.00456619
-0.00347137
-0.00443649
0.00358391
0.00096512
-0.00149059
0.00383186
0.00294304
0.00274467
-0.00414276
0.00274849
-0.00030184
0.00009841
-0.00074625
-0.00206375
-0.00285721
0.00231361
-0.05004883
0.00453186
0.00245667
-0.00105667
-0.00055790
-0.00106239
0.00717545
-0.00223160
0.00073576
0.00601578
0.00573349
0.00007576
-0.00211906
0.00280762
-0.00510025
0.00173473
0.00004637
-0.00070333
-0.00005627
-0.00369263
0.00060892
-0.00252342
0.00242615
0.00078440
-0.00264549
0.00166988
0.00188446
-0.00273514
0.00576782
-0.00021815
-0.00264549
-0.00104046
0.00154877
0.00122261
0.00275421
-0.00124550
-0.00202560
-0.00414276
0.00608826
0.00158596
0.00017178
-0.00202560
-0.00128841
-0.01041412
-0.00157452
-0.00355911
0.00280952
0.00637436
0.00070095
0.00038242
0.00285721
0.00179291
-0.00100231
0.00274849
-0.00348091
-0.00400543
-0.00061083
0.00264931
-0.00563049
0.00410461
-0.00598145
-0.00012124
-0.00152493
0.00192928
-0.02452087
-0.00077486
-0.00164032
-0.00062656
0.00247002
0.00073099
0.00444031
0.00401688
0.00619507
-0.00792694
0.00525284
-0.00103283
-0.00229263
0.00246239
0.00091553
-0.00247765
-0.00054836
0.00091696
0.00036860
-0.00278664
0.00325584
0.00021088
0.00145912
-0.00309753
-0.00165558
0.00028133
0.00243568
0.00303841
-0.00052834
0.00308800
-0.00200462
0.00352287
-0.00378799
0.00210762
0.00000882
0.00024652
-0.00138664
-0.00137234
0.00133419
0.00111103
-0.00201607
0.00083494
0.00177765
-0.00334549
0.00140762
-0.00195122
-0.00191021
0.00219917
-0.00217819
0.00147247
0.00158024
0.00119114
0.00048041
0.00033712
0.00164413
0.00777817
0.00156975
0.00596237
0.00054646
0.00300980
0.00015509
0.00321960
-0.00447083
0.00035310
-0.06155396
-0.00054693
-0.00164032
-0.00311279
-0.00109291
0.00292969
-0.00231171
-0.00491333
0.00060129
0.00473785
-0.00077105
-0.00143719
-0.00140476
0.00275993
-0.00910187
-0.00305557
-0.00094843
-0.00435257
-0.00105476
0.00129128
0.00079346
-0.00183010
-0.00157928
-0.00551605
0.00112057
0.00113678
-0.00274849
-0.00077057
0.00256538
-0.00041461
-0.00445175
-0.00074053
0.00127029
0.00070238
-0.00006402
0.00000632
0.00103092
0.00071907
0.00015354
-0.00061274
-0.00018787
-0.00203705
-0.00170231
-0.00202179
0.00243759
-0.00190067
-0.00172424
0.00199318
0.00110912
0.00267220
0.00134754
-0.00155067
0.00083590
0.00111103
-0.00076914
0.00313377
0.00233841
0.00142002
0.00434494
0.00179291
-0.00287819
0.00163555
-0.00196075
0.00049782
-0.04498291
0.00025320
-0.00041914
-0.00051022
-0.00061941
0.00133324
-0.00361061
-0.00235558
-0.00532532
0.00305748
-0.00110912
0.00008738
-0.00083256
0.00022638
0.00163174
0.00204086
-0.00188446
0.00084543
-0.00064087
0.00112057
-0.00126934
0.00242424
-0.00190163
-0.00275230
-0.00009066
0.00065422
-0.00133705
0.00043035
-0.00010204
-0.00016320
0.00000411
0.00000310
0.00247574
-0.00136948
0.00085497
0.00292778
-0.00590515
0.00226593
0.00331688
0.00149250
0.00140190
-0.00257492
0.00086737
-0.00517273
0.00538635
0.00287819
0.00155735
-0.00271416
-0.00325775
0.00191975
0.00221252
0.00029325
0.00195694
0.00551224
-0.00123405
0.00298309
-0.00041080
0.00036311
0.00029373
0.00132465
0.00028968
-0.00102329
-0.00054073
0.00056553
-0.02883911
-0.00159073
-0.00132179
0.00063133
-0.00133514
-0.00125694
-0.00829315
0.00063038
-0.00324631
0.00453568
-0.00085497
-0.00565720
-0.00340271
0.00100327
0.00082254
0.00142479
-0.00319481
0.00008100
0.00173855
0.00384140
-0.00200844
0.00545502
0.00164032
-0.00132561
-0.00106430
0.00237465
-0.00135708
-0.00264740
-0.00178528
-0.00187111
-0.00003791
0.00240707
-0.00053263
-0.00012016
-0.00069761
0.00542831
0.00813293
0.00187588
0.00638580
0.00229645
-0.00323296
0.00266075
-0.00091696
-0.00454712
0.00469208
-0.00434113
-0.00015616
-0.00526810
-0.00365067
-0.00456238
0.00062561
-0.00214005
-0.00304604
0.00016105
0.00283813
0.00400925
0.00681305
-0.00025654
-0.00262451
-0.00121117
0.00027609
-0.00294495
-0.00562286
0.00750351
-0.02346802
-0.00059938
-0.00042963
-0.00005621
-0.00197601
0.00489044
0.00658417
0.00110054
-0.00219727
0.00131416
-0.00078726
0.00642014
-0.00083780
-0.00017738
-0.00101280
-0.00038981
0.00616074
-0.00048637
0.00371170
0.00469971
0.00055885
0.00428772
0.00073338
-0.00453949
0.00147247
0.00189400
-0.00459671
-0.00253868
-0.00014389
0.00204277
-0.00212860
0.00116920
-0.00471497
-0.00181580
-0.00315857
0.00216484
0.00176620
0.00382233
-0.00037909
0.00317574
0.00165939
0.00066805
-0.00059175
-0.00188351
0.00168037
-0.00171089
0.00231934
0.00482559
0.00102520
0.00244331
0.00088406
-0.00098133
0.00094461
-0.00301552
0.00238419
0.00183296
-0.00069571
0.00048542
0.00170231
-0.00151920
0.00141430
0.00102901
-0.00250816
0.00013542
-0.06494141
0.00188065
0.00177860
0.00000221
-0.00359154
0.00338936
0.00706482
-0.00505066
-0.00133133
0.00010043
-0.00226021
0.00191498
0.00147438
0.00285912
-0.00201988
0.00096607
0.00168705
-0.00159264
0.00060749
-0.00015128
0.00014317
0.00186825
0.00078011
-0.00103474
0.00395584
0.00132656
-0.00295067
-0.00262451
-0.00185871
0.00035214
0.00108051
0.00049019
-0.00219154
0.00064898
-0.00031233
0.00903320
0.00173187
0.00069189
0.00267410
-0.00323868
-0.00008571
0.00138569
-0.00097466
0.00474548
0.00136852
-0.00103378
-0.00378609
-0.00301933
-0.00039911
0.00671387
0.00189018
0.00099373
-0.00231934
0.00007975
-0.00227547
0.00183773
0.00131702
0.00370026
-0.00345802
0.00050020
0.00317383
0.00010043
0.00020111
0.00359917
-0.02420044
0.00407410
-0.00392532
-0.00096369
0.00158691
0.00138187
0.00872803
-0.00553894
-0.00040603
-0.00354576
-0.00232887
0.00234795
0.00409317
0.00315666
-0.00332832
0.00394058
-0.00324821
-0.00006455
-0.00524902
0.00239944
-0.00074196
0.00212479
0.00228500
0.00439072
0.00037146
0.00280952
-0.00738907
-0.00325966
-0.00480270
0.00195885
-0.00045538
0.00154972
0.00218964
0.00383186
0.00161552
0.00315857
0.00085449
0.00392532
0.00360870
0.00079584
0.00068331
-0.00077772
0.00198364
-0.00004387
0.00247574
0.00558853
0.00131130
0.02478027
-0.00191498
0.00055790
-0.00176907
-0.00278091
0.00432587
-0.00281715
0.00306892
0.00271225
-0.00125408
-0.00070143
-0.00017977
-0.00490952
-0.00192451
0.00302887
-0.00040770
0.00024915
-0.09375000
-0.00594330
-0.00300789
0.00344849
0.00086832
-0.00311089
-0.00845337
0.00115108
-0.00019586
0.00151634
-0.00318909
-0.00034881
-0.00011736
-0.00181007
-0.00194740
0.00157547
-0.00181389
-0.00324249
-0.00315285
0.00024176
0.00419235
0.00114155
-0.00033832
0.00066805
-0.00113678
0.00057745
-0.00272560
0.00082636
0.00510788
-0.00154686
0.00527573
0.00059319
0.00532913
-0.00206566
0.00048923
0.00431824
0.00235558
-0.00127888
-0.00136948
0.00164127
0.00053072
-0.00067329
-0.00105476
-0.00062418
0.00105858
-0.00295639
0.00194263
-0.00235367
-0.00215340
-0.00339127
0.00251389
0.00039005
0.00225067
0.00330734
0.00048018
0.00336266
-0.00160313
0.00139332
0.00537872
0.00077724
0.00132561
0.00006104
-0.00096273
0.00157452
-0.03034973
0.00360107
-0.00010633
0.00167942
0.00137424
-0.00450134
-0.00016236
-0.00385857
0.00019193
0.00080347
0.00045061
0.00089216
0.00132465
0.00271416
0.00137901
0.00046825
-0.00210571
0.00353813
0.00219917
0.00267982
-0.00263405
0.00166798
-0.00062037
-0.00134754
-0.00043774
-0.00362206
0.00057745
-0.00298882
-0.00338364
0.00205803
0.00068283
-0.00050783
-0.00163651
-0.00149632
0.00106812
-0.00380325
0.00238609
-0.00026989
-0.00087261
0.00460434
-0.00267601
-0.00451660
0.00097942
-0.00207901
0.00138187
-0.00090551
-0.00349808
-0.00631332
-0.00210190
0.00015533
-0.00275230
-0.00204468
-0.00113869
0.00016820
-0.00194073
-0.00220490
0.00235748
0.00606537
0.00048327
0.00333405
-0.00099659
-0.00444031
-0.00354767
0.00199890
-0.02215576
0.00453186
0.00370216
0.00044918
-0.00047445
0.00020945
0.00081778
0.00037289
-0.00294876
0.00502014
-0.00342178
-0.00261688
-0.00505066
-0.00525284
0.00150871
-0.00123405
0.00096560
-0.00584030
0.00267029
0.00258255
0.00079584
0.00028753
-0.00074339
0.00411606
0.00017440
-0.00218964
0.00414658
-0.00160503
-0.00822449
0.00445175
0.00115967
-0.00193977
-0.00143147
-0.00583267
0.00063562
0.00240326
0.00128841
-0.00398254
-0.00528336
-0.00057745
0.00331116
-0.00065184
-0.00132275
-0.00447083
0.00619507
0.00193977
0.00201607
-0.00547409
-0.00396729
0.00470352
0.00423431
-0.00153255
-0.00291252
-0.00144100
0.00262642
0.00118065
0.00077438
-0.00034571
0.00065041
0.00343895
-0.00498581
0.00095701
-0.00250053
0.00317955
-0.00923920
0.00051546
-0.00440979
0.00451279
-0.00039959
0.00286102
-0.00427628
-0.00415802
-0.00182247
0.00576782
-0.00094843
0.00071859
-0.00199890
-0.00500107
0.00244522
-0.00585175
-0.00788116
-0.00514221
-0.00421524
0.00468445
0.00172710
0.00931549
-0.00357437
-0.00434494
-0.00185966
0.00206184
0.00170898
-0.00074768
0.00111008
-0.00109863
0.00314140
-0.00713730
-0.00079775
-0.00088310
0.00002873
0.00264549
0.00270653
-0.00621796
0.00148869
-0.00189114
0.00181389
0.00199509
-0.00178719
-0.00864410
-0.00762558
-0.00293350
-0.00340462
-0.00619507
0.00079298
-0.00220680
0.00318718
0.00266838
-0.00160408
0.00080633
-0.00109386
0.00160789
0.00596237
0.00104618
-0.00064850
0.00274849
-0.00341415
-0.00352859
-0.00767899
0.00266075
-0.03707886
0.00165272
-0.00111294
-0.00188828
-0.00084925
0.00574112
0.01995850
-0.00365257
0.00426102
-0.00117302
0.00039506
0.00208473
0.00160599
0.00384140
-0.00587463
0.00448227
-0.00194645
0.00352478
-0.00440979
0.00402069
-0.00002027
0.00500107
0.00069618
0.00268745
0.00488281
0.00019979
-0.01020813
0.00312805
0.00072145
-0.00269127
0.00274277
0.00066471
-0.00234032
-0.00074196
0.00147438
-0.00162220
-0.00246429
0.00000852
0.00123501
-0.00174427
0.00366020
-0.00034714
-0.00019515
-0.00632477
0.00355530
0.00194263
-0.00059032
-0.00032067
0.00486374
0.00415039
0.00473785
-0.00109386
0.00261879
0.00159073
0.00152969
0.00079823
0.00092220
0.00004673
0.00422668
-0.00030518
-0.00175095
0.00107956
-0.00326157
-0.00368309
-0.05673218
-0.00155544
-0.00034833
0.00495148
-0.00123692
-0.00061750
0.00214958
-0.00484085
-0.00023174
-0.00323868
-0.00053835
0.00186348
0.00382614
0.00031567
0.00106335
0.00623322
0.00252914
0.00185394
-0.00353813
0.00054216
-0.00141048
-0.00143719
0.00254822
-0.00091887
-0.00071812
-0.00359154
-0.00550079
-0.00238037
-0.00202370
0.00118256
0.00490952
-0.00186825
0.00157833
-0.00277138
-0.00216484
0.00112820
-0.00683975
-0.00115871
0.00253105
-0.00105762
0.00262833
0.00345230
-0.00054264
0.00305557
0.00001329
-0.00044656
0.00231934
-0.00380898
-0.00192451
-0.00763702
0.00617599
0.00738144
-0.00094128
-0.00306129
-0.00089025
0.00095797
0.00359344
-0.00151348
-0.00024819
-0.00071096
-0.00565720
0.00002402
-0.00293922
0.00146198
-0.02156067
-0.00030541
-0.00242996
-0.00209808
0.00418854
0.00369072
-0.01076508
0.00338554
0.00244141
-0.00216675
0.00284767
-0.00014377
-0.00120068
-0.00241280
0.00291634
0.00516891
-0.00010341
-0.00065136
0.00047755
0.00278091
0.00288010
0.00467300
-0.00258446
0.00005722
0.00368690
0.00120831
0.00005758
0.00275230
-0.00349617
-0.00024962
-0.00234795
0.00145054
-0.00208664
0.00125217
0.00051737
0.00042558
0.00192356
0.00508118
-0.00087976
-0.00011110
0.00314713
-0.00027752
0.00460815
0.00102425
0.00231743
0.00314903
-0.00036860
0.02078247
-0.00141716
0.00062418
0.00022793
-0.00095367
0.00500488
-0.00142574
0.00502777
-0.00066614
-0.00083876
-0.00051880
-0.00079918
-0.00434875
0.00105286
0.00528336
-0.00192833
0.00234985
-0.08233643
-0.00452042
-0.00300026
0.00284195
-0.00184155
-0.00396729
-0.00505829
0.00121021
-0.00118732
0.00016296
-0.00134468
0.00297546
-0.00030303
-0.00290871
-0.00013971
0.00009489
-0.00125980
-0.00378227
-0.00169468
-0.00006354
0.00280952
0.00053072
0.00110340
0.00008017
-0.00009525
0.00286674
-0.00353050
-0.00167084
0.00412750
-0.00182819
0.00449753
0.00187397
0.00562286
-0.00278473
0.00105190
0.00057125
-0.00110817
-0.00092554
0.00650024
-0.00230408
-0.00040007
0.00220490
0.00137138
-0.00131416
-0.00026560
0.00072432
0.00093651
-0.00588989
0.00194931
0.00287628
0.00482178
-0.00042200
-0.00247002
0.00234413
-0.00105286
0.00386429
0.00679016
-0.00278664
0.00175190
0.00206375
-0.00421143
-0.00331306
-0.00354958
0.00035501
-0.02027893
0.00148392
0.00498962
-0.00022483
0.00369644
0.00098038
-0.00786591
-0.00468063
0.00269699
0.00073671
-0.00083208
0.00152206
0.00218582
0.00583267
0.00457764
-0.00432587
0.00369263
-0.00095463
-0.00139809
0.00399780
-0.00514221
-0.00292778
0.00106525
0.00418854
0.00785065
0.00232887
-0.00025940
0.00043130
-0.00366783
-0.00228500
-0.00049114
0.00222206
-0.00310707
0.00155258
0.00309753
0.00042558
0.00192356
0.00508118
-0.00087976
-0.00011110
0.00314713
-0.00027752
0.00460815
0.00102425
0.00231743
0.00314903
-0.00036860
0.02078247
-0.00141716
0.00062418
0.00022793
-0.00095367
0.00500488
-0.00142574
0.00502777
-0.00066614
-0.00083876
-0.00051880
-0.00079918
-0.00434875
0.00105286
0.00528336
-0.00192833
0.00234985
-0.08233643
-0.00452042
-0.00300026
0.00284195
-0.00184155
-0.00396729
-0.00505829
0.00121021
-0.00118732
0.00016296
-0.00134468
0.00297546
-0.00030303
-0.00290871
-0.00013971
0.00009489
-0.00125980
-0.00378227
-0.00169468
-0.00006354
0.00280952
0.00053072
0.00110340
0.00008017
-0.00009525
0.00286674
-0.00353050
-0.00167084
0.00412750
-0.00182819
0.00449753
0.00187397
0.00562286
-0.00278473
0.00105190
0.00135612
0.00005585
0.00477219
0.00237274
-0.00143909
0.00200844
0.00017869
0.00341415
-0.00015283
0.00053787
0.00111580
-0.00075388
0.00785065
-0.00359535
0.00094461
0.00125980
0.00209427
0.00311661
-0.00312042
0.00261307
0.00448227
-0.00298500
0.00221062
-0.00117302
0.00021601
0.00212669
0.00449371
-0.00301170
0.00068188
-0.08306885
-0.00022852
-0.00329018
-0.00080633
-0.00013900
0.00087643
-0.00095272
-0.00292778
-0.00067997
-0.00081301
0.00032496
-0.00092793
-0.00126648
-0.00104046
-0.00105381
0.00243187
0.00012970
-0.00104809
-0.00027156
-0.00032663
0.00218391
0.00135612
0.00028968
-0.00219536
0.00118828
0.00193691
-0.00223351
-0.00086832
0.00068140
0.00063086
0.00231171
-0.00134659
0.00347710
-0.00181103
-0.00058222
-0.00076389
0.00032759
0.00231361
0.00344467
-0.00074863
-0.00313377
-0.00302505
0.00458145
-0.00005448
0.00140762
-0.00027609
-0.00405121
-0.00636292
-0.00014424
-0.00087786
0.00179100
0.00463486
0.00071192
0.00503540
-0.00072098
-0.00257874
0.00678635
-0.00172615
0.00228119
0.00010419
0.00125504
0.00474930
-0.00123596
0.00122929
-0.02424622
0.00124073
-0.00048971
-0.00307846
0.00066662
-0.00062752
-0.00230026
-0.00780487
0.00400162
-0.00377846
0.00019372
0.00303078
-0.00190926
-0.00378227
0.00292397
0.00015450
0.00074053
0.00131893
0.00344467
0.00483704
0.00108814
-0.00169277
-0.00069571
-0.00413132
0.00266075
-0.00082445
-0.00440216
-0.00188923
-0.00369072
0.00625992
-0.00344467
0.00585175
-0.00743103
-0.00206184
-0.00252533
0.00398254
-0.00397491
-0.00302315
0.00602341
0.00214767
0.00189781
-0.00173473
-0.00283623
-0.00737381
-0.00182343
0.00008649
-0.00113964
0.00791931
-0.00503540
-0.00199890
0.00020289
0.00642776
0.00119400
-0.00201988
-0.00338364
0.00183296
0.00323296
-0.00607300
-0.00045848
-0.00002730
-0.00466919
-0.00547409
-0.00123405
0.00847626
-0.00437927
0.00332642
-0.00031161
-0.00012505
-0.00195694
-0.00430679
0.00638199
-0.00234222
-0.00147724
-0.00067186
-0.00191116
0.00312996
0.00015342
0.00346756
-0.00166321
0.00100994
0.00072527
-0.00032020
-0.00187874
0.00102425
-0.00013137
-0.00015604
-0.00395584
0.00568008
-0.00259590
-0.00253677
-0.00235176
0.00426865
0.00202560
-0.00014687
-0.00004852
0.00062847
-0.00356293
0.00273323
0.00017762
0.00327873
-0.00324821
-0.00181770
-0.00032520
-0.00018954
-0.00469589
0.00227547
0.00292587
0.00260735
-0.00121212
-0.00109386
-0.00299644
0.00208855
0.00017953
0.00056219
0.00151730
0.00261307
-0.00203705
-0.00096655
-0.00048494
-0.00025368
0.00144672
-0.00152588
0.00162888
0.00036502
0.00445557
-0.00304794
0.00275803
0.00065231
-0.05053711
0.00031281
0.00136662
-0.00106621
-0.00323296
0.00152874
-0.00664902
-0.00216866
-0.00324440
0.00485229
-0.00539017
0.00268364
-0.00215149
0.00105667
-0.00171280
-0.00047278
0.00640106
0.00588608
0.00228500
0.00460052
0.00197601
-0.00108337
-0.00118065
-0.00131035
0.00646973
0.00203705
-0.00375557
-0.00130653
-0.00395203
0.00519943
-0.00172901
-0.00108814
-0.00484085
-0.00047112
0.00260925
-0.00013220
0.00144291
-0.00131702
-0.00151920
0.00343323
-0.00252724
-0.00054502
-0.00085640
0.00147629
-0.00116348
-0.00264549
-0.00141335
-0.00930786
0.00056267
-0.00041652
0.00596237
-0.00164890
-0.00011581
0.00017917
0.00270462
0.00073242
0.00197792
0.00432968
0.00182724
0.00627518
-0.00254440
0.00272560
-0.00492859
0.00609970
-0.01606750
0.00017929
0.00009120
0.00094271
0.00803375
0.00334740
-0.00744629
0.00179958
-0.00429153
0.00163364
0.00294876
0.00469971
-0.00077438
0.00069141
-0.00328445
0.00389671
0.00545502
-0.00140953
0.00118446
-0.00320053
0.00301743
-0.00006551
0.00041962
-0.00223732
-0.00150394
-0.00080538
0.00072765
-0.00069761
-0.00179768
0.00013721
0.00222397
-0.00072145
-0.00322342
-0.00313187
-0.00125313
0.00198174
0.00114250
0.00054836
-0.00037503
0.00364494
-0.00476456
-0.00007617
0.00152588
-0.00753784
0.00219917
-0.00125027
-0.00075150
0.00358582
0.00124645
0.00119305
-0.00089836
-0.00247955
-0.00248337
-0.00158119
0.00107574
0.00395584
0.00567245
0.00255966
0.00247002
0.00170708
0.00007427
0.00270462
-0.00613785
-0.00065613
-0.06597900
-0.00120163
-0.00032496
0.00131893
-0.00129986
0.00171566
0.00201225
-0.00596619
0.00112152
-0.00044417
0.00441360
-0.00153255
0.00017917
0.00148487
0.00232315
-0.00321388
0.00133610
0.00029683
-0.00075197
0.00113487
0.00289726
0.00072384
0.00083876
0.00468445
-0.00212669
-0.00160503
-0.00335312
-0.00437164
-0.00271988
0.00108528
-0.00579453
0.00000560
0.00390244
0.00263786
0.00303650
0.00000632
0.00103092
0.00071907
0.00015354
-0.00061274
-0.00018787
-0.00203705
-0.00170231
-0.00202179
0.00243759
-0.00190067
-0.00172424
0.00199318
0.00110912
0.00267220
0.00134754
-0.00155067
0.00083590
0.00111103
-0.00076914
0.00313377
0.00233841
0.00142002
0.00434494
0.00179291
-0.00287819
0.00163555
-0.00196075
0.00049782
-0.04498291
0.00025320
-0.00041914
-0.00051022
-0.00061941
0.00133324
-0.00361061
-0.00235558
-0.00532532
0.00305748
-0.00110912
0.00008738
-0.00083256
0.00022638
0.00163174
0.00204086
-0.00188446
0.00084543
-0.00064087
0.00112057
-0.00126934
0.00242424
-0.00190163
-0.00275230
-0.00009066
0.00065422
-0.00133705
0.00043035
-0.00010204
-0.00016320
0.00000411
0.00000310
0.00247574
-0.00136948
0.00085497
-0.00127506
-0.00213623
-0.00117970
-0.00455856
-0.00176048
-0.00210190
-0.00226212
-0.00029731
0.00201988
0.00377274
0.00165653
0.00047851
0.00068426
-0.00326538
0.00046277
0.00205421
0.00065327
0.00021887
0.00167084
-0.00153542
0.00101471
0.00769043
-0.00325394
0.00495911
-0.00136375
-0.00288963
0.00337601
-0.00301552
-0.00011760
-0.02297974
0.00106812
0.00230598
-0.00194359
0.00062037
0.00178051
0.00560379
-0.00208092
-0.00238800
0.00205421
-0.00044441
-0.00217056
0.00502014
-0.00314331
0.00298119
0.00054312
0.00049353
0.00098515
-0.00091553
0.00492477
-0.00264931
0.00153828
-0.00343323
-0.00131130
0.00209808
-0.00545502
-0.00423431
0.00238609
0.00055933
0.00182533
0.00252724
-0.00144291
-0.00225639
-0.00060940
0.00181484
-0.00204659
-0.00183392
-0.00079060
0.00227737
0.00014412
-0.00205994
-0.00065947
-0.00103664
-0.00031996
-0.00272369
-0.00266838
-0.00156403
-0.01466370
-0.00165558
0.00445175
0.00148392
-0.00177383
0.00312805
0.00115776
-0.00348663
0.00013328
-0.00044942
-0.00141907
0.00262451
0.00199890
-0.00041533
-0.00146484
0.00054026
0.00041509
-0.02592468
0.00081301
0.00127125
-0.00170135
-0.00197029
-0.00022483
0.00042319
0.00134754
-0.00206375
0.00131798
0.00101471
0.00194931
-0.00135708
-0.00354767
0.00419617
-0.00237274
0.00102234
0.00196648
0.00074387
-0.00094604
-0.00003195
0.00100422
-0.00373650
0.00147152
0.00540543
0.00446320
0.00023437
-0.00141239
-0.00041938
-0.00147057
-0.00019264
-0.00086594
0.00393295
0.00139427
0.00195885
-0.00548935
-0.00085402
-0.00255966
0.00379181
0.00102711
-0.00080299
-0.00219154
-0.00118160
-0.00057316
-0.00168705
-0.00419617
0.00064325
-0.00092316
-0.00316620
0.00314331
-0.00238609
0.00382423
0.00149632
0.00322914
-0.00437546
0.00317001
0.00087070
0.00085258
0.00303268
0.00046802
0.00452042
-0.00238800
0.00158787
0.00353813
-0.02316284
0.00479507
-0.00232124
-0.00269127
-0.00101471
-0.00175667
0.00673676
-0.00090456
0.00251198
0.00144100
-0.00099468
-0.00141716
0.00310135
0.00460434
0.00156975
-0.00226021
-0.00141525
0.00238991
0.00074291
0.00526428
-0.00035143
-0.00065804
-0.00634384
-0.00236893
-0.00218582
0.00426865
0.00299072
-0.00399399
-0.00268555
0.00264168
0.00159550
0.00272751
0.00577164
-0.00048113
-0.00000519
0.00157738
-0.00283623
0.00106335
-0.00062132
-0.00205612
-0.00103664
-0.00029993
-0.00595474
0.00251007
-0.00190926
0.00234032
0.00086308
-0.00477982
0.00022447
-0.00046158
0.00146866
-0.00065231
-0.00399780
-0.00529480
-0.00149155
0.00132751
0.00510406
-0.00059891
0.00295639
0.00558472
-0.00027943
-0.00945282
-0.00089407
0.00478363
-0.01173401
0.00300598
-0.00278664
-0.00233650
0.00138092
-0.00006169
-0.00067711
0.00203896
0.00175953
0.00121117
0.00218773
-0.00010026
-0.00348282
0.00379181
-0.00563812
-0.00136566
0.00179005
-0.00361824
0.00139618
0.00049496
0.00576782
0.00304222
-0.00219917
0.00017095
0.00963593
0.00418091
0.00223351
-0.00531769
-0.00211143
0.00193596
-0.00369644
0.00261879
-0.00195503
-0.00179291
0.00522614
-0.00206947
-0.00436020
-0.00169468
0.00354958
0.00072765
0.00327873
0.00185394
0.00092793
-0.00232124
-0.00094414
0.00552368
-0.00059271
-0.00973511
-0.00124741
0.00278664
0.00082064
-0.00413895
-0.00288773
0.00161552
-0.00233078
-0.00257492
0.00306892
-0.00227928
-0.00000411
0.00394440
-0.00276947
-0.00118351
-0.00551605
-0.00174046
-0.05609131
0.00331879
-0.00582504
-0.00267029
-0.00550842
0.00326347
-0.00152111
-0.00495911
-0.00036931
-0.00301361
-0.00021696
-0.00406647
-0.00245094
-0.00009638
-0.00402832
-0.00061798
0.00228119
-0.00036669
0.00182533
0.00089931
0.00645065
-0.00213242
0.00253296
-0.00653839
0.00081444
0.00576401
0.00008613
-0.00624847
-0.00102043
0.00111771
0.00025105
0.00533676
-0.00309181
0.00547028
-0.00034213
