-0.00121021
-0.00014615
0.00108433
0.00109482
-0.00266457
0.00251389
-0.00154018
0.00083542
-0.00031853
-0.00214386
0.00523376
-0.00111771
-0.00225258
-0.00173950
-0.00028038
-0.00141621
0.00170135
-0.00101852
-0.00188732
0.00200272
0.00059700
-0.00023198
-0.00221252
0.00091934
0.00044751
-0.00013614
0.00202370
0.00123787
0.00266457
0.00877380
-0.00258446
0.00133991
0.00413895
0.00097036
-0.00049019
0.00870514
0.00153923
0.00365639
-0.00520706
0.00135517
-0.00166893
-0.00152779
0.00148010
0.00112534
0.00280190
-0.00304031
-0.00305748
-0.00079441
-0.00209045
0.00142765
-0.00209618
-0.00070238
0.00142860
-0.00036955
-0.00356483
-0.00093555
0.00250816
-0.00068283
-0.00314140
-0.00122261
0.00051403
-0.00212669
-0.00026274
-0.00068045
0.00041694
0.00192593
0.00128094
0.00201879
0.00051130
0.00115305
-0.00073050
0.00023323
-0.00100452
0.00177333
0.00315806
0.00147155
-0.00409944
-0.00108601
0.00169756
0.00102103
-0.00038294
0.00020305
0.00046611
0.00240883
0.00193460
-0.00208032
0.00096120
0.00270067
0.00061176
-0.00196970
0.00106172
0.00127923
0.00169735
-0.03295515
0.00156158
-0.00032538
0.00224052
0.00028383
0.00075609
0.00537241
-0.00078466
0.00362953
-0.00375880
0.00293397
0.00151876
-0.00033979
0.00187118
0.00401542
0.00388380
-0.00053217
-0.00253533
0.00000278
0.00190195
-0.00006198
0.00026961
-0.00116517
0.00204530
0.00297151
-0.00109349
0.00022155
0.00201073
-0.00237068
-0.00229855
0.00018214
0.00173399
-0.00326661
0.00026075
-0.00020584
0.00022070
0.00177784
0.00028122
0.00150300
0.00080262
0.00055589
0.00090605
0.00022801
-0.00149401
0.00220126
0.00141544
0.00115793
-0.00171640
-0.00082482
0.00146702
0.00094576
0.00020272
0.00052707
0.00050770
0.00129951
0.00129750
-0.00093277
0.00119780
0.00260205
0.00097651
-0.00175094
0.00080813
0.00109130
0.00206248
-0.03445817
0.00018745
0.00008229
0.00172038
-0.00011014
0.00045836
0.00319460
-0.00170388
0.00126997
-0.00148462
0.00126474
0.00098319
0.00033240
0.00130199
0.00355362
0.00277411
-0.00026954
-0.00124242
-0.00079163
0.00147246
-0.00055612
-0.00015267
-0.00100613
0.00018209
0.00110649
-0.00074482
0.00051568
0.00084526
-0.00106476
-0.00121675
0.00043131
0.00199807
-0.00237380
0.00051265
-0.00015727
0.00080110
0.00333599
0.00052201
0.00253219
0.00146812
0.00068068
0.00153016
-0.00089149
-0.00141206
0.00142198
0.00111134
0.00072544
-0.00366184
0.00033384
0.00142340
0.00160422
0.00031674
0.00111931
0.00046775
0.00125934
0.00269100
-0.00014735
0.00122596
0.00270840
0.00057188
-0.00122305
0.00079843
0.00131951
0.00226214
-0.02882849
0.00029651
0.00017426
0.00049538
0.00079582
-0.00044482
0.00206351
-0.00251846
0.00215147
-0.00118244
0.00055096
0.00101591
0.00061859
0.00194932
0.00190738
0.00140648
0.00018451
-0.00176759
-0.00049022
0.00049844
-0.00040435
0.00156248
-0.00057407
-0.00063909
0.00080503
0.00044022
-0.00028009
0.00040758
-0.00177672
-0.00074701
0.00049264
0.00046488
-0.00111820
-0.00057613
-0.00072353
-0.00035076
0.00364490
0.00048941
0.00213106
-0.00006452
0.00059032
0.00083786
-0.00096025
-0.00237697
0.00146998
0.00152184
0.00004939
-0.00415901
-0.00019666
0.00076583
0.00287945
0.00109273
-0.00003068
0.00036795
0.00047079
0.00188013
0.00075543
0.00120449
0.00215666
0.00161334
-0.00085154
0.00004986
0.00058142
0.00279578
-0.02342499
0.00067928
-0.00072120
0.00052283
0.00057113
-0.00054729
0.00171795
-0.00314124
0.00168032
-0.00204000
0.00049446
0.00026427
-0.00030866
0.00227246
0.00185690
0.00147468
0.00058184
-0.00119789
-0.00021769
0.00043816
-0.00029756
0.00102941
-0.00091806
-0.00006429
0.00059170
0.00137279
-0.00146046
0.00103668
-0.00115073
-0.00064328
0.00003615
0.00076275
-0.00082602
0.00021588
-0.00008183
0.00023928
0.00300280
0.00034187
0.00240358
-0.00033285
0.00078596
0.00062092
-0.00130104
-0.00225941
0.00132264
0.00168917
-0.00033308
-0.00334274
-0.00001579
0.00232498
0.00239385
0.00068048
0.00011445
0.00036255
0.00129085
0.00273848
0.00115782
0.00108016
0.00210350
0.00138556
-0.00094838
0.00047405
0.00028942
0.00271260
-0.02841744
0.00099631
-0.00088770
-0.00056714
0.00078673
-0.00088699
0.00196616
-0.00379743
0.00174308
-0.00158294
-0.00004727
0.00071256
-0.00060009
0.00258552
0.00143405
0.00131011
0.00044901
-0.00130090
-0.00038099
0.00030094
-0.00026348
0.00201976
-0.00087989
0.00075492
0.00083522
0.00177178
-0.00092119
0.00058650
-0.00149720
-0.00088716
-0.00049955
0.00079454
-0.00049163
-0.00043652
0.00044860
0.00001051
0.00328260
0.00152199
0.00148229
-0.00037781
0.00117986
0.00060236
0.00009553
-0.00185576
0.00191429
0.00168664
-0.00045866
0.00297802
-0.00032254
0.00159201
0.00261506
0.00049898
0.00128022
0.00003824
0.00178162
0.00165141
0.00107598
0.00096371
0.00126102
0.00022904
-0.00028639
0.00135117
-0.00055671
0.00283100
-0.04372094
-0.00027963
-0.00183680
0.00002732
-0.00002123
-0.00183085
-0.00097081
-0.00308391
0.00047857
-0.00088238
-0.00065082
0.00119973
-0.00056368
0.00120218
0.00092286
0.00069100
0.00047348
-0.00157352
-0.00065081
0.00030059
0.00042514
0.00172686
-0.00040663
0.00029208
0.00038392
0.00284346
-0.00209853
-0.00008193
0.00028329
-0.00074388
0.00093060
0.00110192
0.00152806
-0.00081552
0.00075870
0.00020073
0.00223057
0.00043452
0.00142671
-0.00114054
0.00101301
0.00019652
-0.00067279
-0.00167516
0.00131736
0.00147179
-0.00056854
-0.00086034
-0.00072337
0.00201927
0.00218655
0.00086868
-0.00029922
-0.00029750
0.00193146
0.00175704
0.00118413
0.00087248
0.00135338
0.00046667
-0.00061124
0.00042907
0.00008557
0.00294762
-0.03326883
-0.00059807
-0.00106883
0.00021706
0.00048966
-0.00108451
0.00124900
-0.00208104
0.00154453
-0.00136584
0.00002459
0.00076669
-0.00104134
0.00119040
0.00138271
0.00080228
-0.00064381
-0.00211138
-0.00079145
0.00061291
-0.00050575
0.00120844
-0.00068990
0.00138045
0.00021738
0.00140979
-0.00136575
-0.00030574
-0.00118377
-0.00113466
-0.00013536
0.00065821
-0.00015768
-0.00088790
0.00117718
