-7
-4
-1
2
5
-7
-4
-1
2
5
-7
-4
-1
2
5
-7
-4
-1
2
5
-7
-4
-1
2
5
-7
-4
-1
2
5
-7
-4
-1
2
5
-7
-4
-1
2
5
-7
-4
-1
2
5
-7
-4
-1
2
5
-7
-4
-1
2
5
-7
-4
-1
2
5
-7
-4
-1
2
-2
1
4
7
-5
-2
1
4
7
-5
-2
1
4
7
-5
-2
1
4
7
-5
-2
1
4
7
-5
-2
1
4
7
-5
-2
1
4
7
-5
-2
1
4
7
-5
-2
1
4
7
-5
-2
1
4
7
-5
-2
1
4
7
-5
-2
1
4
7
-5
-2
1
4
7
3
6
-6
-3
0
3
6
-6
-3
0
3
6
-6
-3
0
3
6
-6
-3
0
3
6
-6
-3
0
3
6
-6
-3
0
3
6
-6
-3
0
3
6
-6
-3
0
3
6
-6
-3
0
3
6
-6
-3
0
3
6
-6
-3
0
3
6
-6
-3
0
3
6
-6
-3
-7
-4
-1
2
5
-7
-4
-1
2
5
-7
-4
-1
2
5
-7
-4
-1
2
5
-7
-4
-1
2
5
-7
-4
-1
2
5
-7
-4
-1
2
5
-7
-4
-1
2
5
-7
-4
-1
2
5
-7
-4
-1
2
5
-7
-4
-1
2
5
-7
-4
-1
2
5
-7
-4
-1
2
0
0
0
0
0
0
0
0
0
0
0
0
0
0
0
0
0
0
0
0
0
0
0
0
0
0
0
0
0
0
0
0
0
0
0
0
0
0
0
0
0
0
0
0
0
0
0
0
0
0
0
0
0
0
0
0
0
0
0
0
0
0
0
0
0
0
0
0
0
0
0
0
0
0
0
0
0
0
0
0
0
0
0
0
0
0
0
0
0
0
0
0
0
0
0
0
0
0
0
0
0
0
0
0
0
0
0
0
0
0
0
0
0
0
0
0
0
0
0
0
0
0
0
0
0
0
0
0
0
0
0
0
0
0
0
0
0
0
0
0
0
0
0
0
0
0
0
0
0
0
0
0
0
0
0
0
0
0
0
0
0
0
0
0
0
0
0
0
0
0
0
0
0
0
0
0
0
0
0
0
0
0
0
0
0
0
0
0
0
0
0
0
0
0
0
0
0
0
0
0
0
0
0
0
0
0
0
0
0
0
0
0
0
0
0
0
0
0
0
0
0
0
0
0
0
0
0
0
0
0
0
0
0
0
0
0
0
0
0
0
0
0
0
0
0
0
0
0
0
0
0
0
0
0
0
0
