205
180
-250
10
-240
230
130
-1000000000
-1000000000
-1000000000
-1000000000
-1000000000
-1000000000
-1000000000
-1000000000
-1000000000
-1000000000
-1000000000
-1000000000
-1000000000
-1000000000
-1000000000
-1000000000
-1000000000
-1000000000
-1000000000
-1000000000
-1000000000
-1000000000
-1000000000
-1000000000
-1000000000
-1000000000
-1000000000
-1000000000
-1000000000
-1000000000
-1000000000
-1000000000
-1000000000
-1000000000
-1000000000
-1000000000
-1000000000
-1000000000
-1000000000
-1000000000
-1000000000
-1000000000
-1000000000
-1000000000
-1000000000
-1000000000
-1000000000
-1000000000
-1000000000
-1000000000
-1000000000
-1000000000
-1000000000
-1000000000
-1000000000
-1000000000
-1000000000
230
-240
10
-250
180
205
-190
15
-1000000000
-1000000000
-1000000000
-1000000000
-1000000000
-1000000000
-1000000000
-1000000000
-1000000000
-1000000000
-1000000000
-1000000000
-1000000000
-1000000000
-1000000000
-1000000000
-1000000000
-1000000000
-1000000000
-1000000000
-1000000000
-1000000000
-1000000000
-1000000000
-1000000000
-1000000000
-1000000000
-1000000000
-1000000000
-1000000000
-1000000000
-1000000000
-1000000000
-1000000000
-1000000000
-1000000000
-1000000000
-1000000000
-1000000000
-1000000000
-1000000000
-1000000000
-1000000000
-1000000000
-1000000000
-1000000000
-1000000000
-1000000000
-1000000000
-1000000000
-1000000000
-1000000000
-1000000000
-1000000000
-1000000000
-1000000000
-15
-150
210
210
-150
-15
-150
165
210
-1000000000
-1000000000
-1000000000
-1000000000
-1000000000
-1000000000
-1000000000
-1000000000
-1000000000
-1000000000
-1000000000
-1000000000
-1000000000
-1000000000
-1000000000
-1000000000
-1000000000
-1000000000
-1000000000
-1000000000
-1000000000
-1000000000
-1000000000
-1000000000
-1000000000
-1000000000
-1000000000
-1000000000
-1000000000
-1000000000
-1000000000
-1000000000
-1000000000
-1000000000
-1000000000
-1000000000
-1000000000
-1000000000
-1000000000
-1000000000
-1000000000
-1000000000
-1000000000
-1000000000
-1000000000
-1000000000
-1000000000
-1000000000
-1000000000
-1000000000
-1000000000
-1000000000
-1000000000
-1000000000
-1000000000
205
180
-250
10
-240
230
130
-120
-40
-125
-1000000000
-1000000000
-1000000000
-1000000000
-1000000000
-1000000000
-1000000000
-1000000000
-1000000000
-1000000000
-1000000000
-1000000000
-1000000000
-1000000000
-1000000000
-1000000000
-1000000000
-1000000000
-1000000000
-1000000000
-1000000000
-1000000000
-1000000000
-1000000000
-1000000000
-1000000000
-1000000000
-1000000000
-1000000000
-1000000000
-1000000000
-1000000000
-1000000000
-1000000000
-1000000000
-1000000000
-1000000000
-1000000000
-1000000000
-1000000000
-1000000000
-1000000000
-1000000000
-1000000000
-1000000000
-1000000000
-1000000000
-1000000000
-1000000000
-1000000000
-1000000000
-1000000000
-1000000000
-1000000000
-1000000000
-1000000000
-1000000000
-1000000000
-1000000000
-1000000000
-1000000000
-1000000000
-1000000000
-1000000000
-1000000000
-1000000000
-1000000000
-1000000000
-1000000000
-1000000000
-1000000000
-1000000000
-1000000000
-1000000000
-1000000000
-1000000000
-1000000000
-1000000000
-1000000000
-1000000000
-1000000000
-1000000000
-1000000000
-1000000000
-1000000000
-1000000000
-1000000000
-1000000000
-1000000000
-1000000000
-1000000000
-1000000000
-1000000000
-1000000000
-1000000000
-1000000000
-1000000000
-1000000000
-1000000000
-1000000000
-1000000000
-1000000000
-1000000000
-1000000000
-1000000000
-1000000000
-1000000000
-1000000000
-1000000000
-1000000000
-1000000000
-1000000000
-1000000000
-1000000000
-1000000000
-1000000000
-1000000000
-1000000000
-1000000000
-1000000000
-1000000000
-1000000000
-1000000000
-1000000000
-1000000000
-1000000000
-1000000000
-1000000000
-1000000000
-1000000000
-1000000000
-1000000000
-1000000000
-1000000000
-1000000000
-1000000000
-1000000000
-1000000000
-1000000000
-1000000000
-1000000000
-1000000000
-1000000000
-1000000000
-1000000000
-1000000000
-1000000000
-1000000000
-1000000000
-1000000000
-1000000000
-1000000000
-1000000000
-1000000000
-1000000000
-1000000000
-1000000000
-1000000000
-1000000000
-1000000000
-1000000000
-1000000000
-1000000000
-1000000000
-1000000000
-1000000000
-1000000000
-1000000000
-1000000000
-1000000000
-1000000000
-1000000000
-1000000000
-1000000000
-1000000000
-1000000000
-1000000000
-1000000000
-1000000000
-1000000000
-1000000000
-1000000000
-1000000000
-1000000000
-1000000000
-1000000000
-1000000000
-1000000000
-1000000000
-1000000000
-1000000000
-1000000000
-1000000000
-1000000000
-1000000000
-1000000000
-1000000000
-1000000000
-1000000000
-1000000000
-1000000000
-1000000000
-1000000000
-1000000000
-1000000000
-1000000000
-1000000000
-1000000000
-1000000000
-1000000000
-1000000000
-1000000000
-1000000000
-1000000000
-1000000000
-1000000000
-1000000000
-1000000000
-1000000000
-1000000000
-1000000000
-1000000000
-1000000000
-1000000000
-1000000000
-1000000000
-1000000000
-1000000000
-1000000000
-1000000000
-1000000000
-1000000000
-1000000000
-1000000000
-1000000000
-1000000000
-1000000000
-1000000000
-1000000000
-1000000000
-1000000000
-1000000000
-1000000000
-1000000000
-1000000000
-1000000000
-1000000000
-1000000000
-1000000000
-1000000000
-1000000000
-1000000000
-1000000000
-1000000000
-1000000000
-1000000000
-1000000000
-1000000000
-1000000000
-1000000000
-1000000000
-1000000000
-1000000000
-1000000000
-1000000000
-1000000000
-1000000000
-1000000000
-1000000000
-1000000000
-1000000000
-1000000000
-1000000000
-1000000000
-1000000000
-1000000000
-1000000000
-1000000000
-1000000000
-1000000000
-1000000000
-1000000000
-1000000000
-1000000000
-1000000000
-1000000000
-1000000000
-1000000000
-1000000000
-1000000000
-1000000000
-1000000000
-1000000000
-1000000000
-1000000000
-1000000000
-1000000000
-1000000000
-1000000000
-1000000000
-1000000000
-1000000000
-1000000000
-1000000000
-1000000000
-1000000000
-1000000000
-1000000000
-1000000000
-1000000000
