0.27185252
-0.31465632
0.31034368
-0.31012126
0.31487874
-0.27496548
-0.06465632
0.14343222
-0.06012126
0.56487874
-0.43965632
0.18534368
-0.43512126
0.18987874
-0.00134371
-0.18965632
0.43534368
-0.18512126
0.43987874
-0.56465632
0.06034368
-0.14097730
0.06487874
0.27185252
-0.31465632
0.31034368
-0.31012126
0.31487874
-0.27496548
-0.06465632
0.14343222
-0.06012126
0.56487874
-0.43965632
0.18534368
-0.43512126
0.18987874
-0.00134371
-0.18965632
0.43534368
-0.18512126
0.43987874
-0.56465632
0.06034368
-0.14097730
0.06487874
0.27185252
-0.31465632
0.31034368
-0.31012126
0.31487874
-0.27496548
-0.06465632
0.14343222
-0.06012126
0.56487874
-0.43965632
0.18534368
-0.43512126
0.18987874
-0.00134371
-0.18965632
0.43534368
-0.18512126
0.19895280
-0.25467075
0.37032925
-0.43261194
0.19238806
-0.27739855
-0.00467075
0.26993337
-0.18261194
0.44238806
-0.37967075
0.24532925
-0.19754119
0.06738806
-0.03592570
-0.12967075
0.49532925
-0.30761194
0.31738806
-0.50467075
0.12032925
0.04491155
-0.05761194
0.19895280
-0.25467075
0.37032925
-0.43261194
0.19238806
-0.27739855
-0.00467075
0.26993337
-0.18261194
0.44238806
-0.37967075
0.24532925
-0.19754119
0.06738806
-0.03592570
-0.12967075
0.49532925
-0.30761194
0.31738806
-0.50467075
0.12032925
0.04491155
-0.05761194
0.19895280
-0.25467075
0.37032925
-0.43261194
0.19238806
-0.27739855
-0.00467075
0.26993337
-0.18261194
0.44238806
-0.37967075
0.24532925
-0.19754119
0.06738806
-0.03592570
-0.12967075
0.49532925
-0.30761194
0.29155943
-0.36059698
0.26440302
-0.39074118
0.23425882
-0.09701877
-0.11059698
0.20125184
-0.14074118
0.48425882
-0.48559698
0.13940302
-0.19187457
0.10925882
0.09113241
-0.23559698
0.38940302
-0.26574118
0.35925882
-0.28516995
0.01440302
0.00082482
-0.01574118
0.29155943
-0.36059698
0.26440302
-0.39074118
0.23425882
-0.09701877
-0.11059698
0.20125184
-0.14074118
0.48425882
-0.48559698
0.13940302
-0.19187457
0.10925882
0.09113241
-0.23559698
0.38940302
-0.26574118
0.35925882
-0.28516995
0.01440302
0.00082482
-0.01574118
0.29155943
-0.36059698
0.26440302
-0.39074118
0.23425882
-0.09701877
-0.11059698
0.20125184
-0.14074118
0.48425882
-0.48559698
0.13940302
-0.19187457
0.10925882
0.09113241
-0.23559698
0.38940302
-0.26574118
0.20433079
-0.30866262
0.31633738
-0.21809171
0.12320860
-0.10584250
-0.05866262
0.27324327
-0.25179140
0.37320860
-0.43366262
0.19133738
-0.05924047
-0.00179140
0.04939373
-0.18366262
0.44133738
-0.37679140
0.24820860
-0.27237549
0.06633738
0.11042312
-0.12679140
0.20433079
-0.30866262
0.31633738
-0.21809171
0.12320860
-0.10584250
-0.05866262
0.27324327
-0.25179140
0.37320860
-0.43366262
0.19133738
-0.05924047
-0.00179140
0.04939373
-0.18366262
0.44133738
-0.37679140
0.24820860
-0.27237549
0.06633738
0.11042312
-0.12679140
0.20433079
-0.30866262
0.31633738
-0.21809171
0.12320860
-0.10584250
-0.05866262
0.27324327
-0.25179140
0.37320860
-0.43366262
0.19133738
-0.05924047
-0.00179140
0.04939373
-0.18366262
0.44133738
-0.37679140
0.00000000
0.00000000
0.00000000
0.00000000
0.00000000
0.00000000
0.00000000
0.00000000
0.00000000
0.00000000
0.00000000
0.00000000
0.00000000
0.00000000
0.00000000
0.00000000
0.00000000
0.00000000
0.00000000
0.00000000
0.00000000
0.00000000
0.00000000
0.00000000
0.00000000
0.00000000
0.00000000
0.00000000
0.00000000
0.00000000
0.00000000
0.00000000
0.00000000
0.00000000
0.00000000
0.00000000
0.00000000
0.00000000
0.00000000
0.00000000
0.00000000
0.00000000
0.00000000
0.00000000
0.00000000
0.00000000
0.00000000
0.00000000
0.00000000
0.00000000
0.00000000
0.00000000
0.00000000
0.00000000
0.00000000
0.00000000
0.00000000
0.00000000
0.00000000
0.00000000
0.00000000
0.00000000
0.00000000
0.00000000
0.00000000
0.00000000
0.00000000
0.00000000
0.00000000
0.00000000
0.00000000
0.00000000
0.00000000
0.00000000
0.00000000
0.00000000
0.00000000
0.00000000
0.00000000
0.00000000
0.00000000
0.00000000
0.00000000
0.00000000
0.00000000
0.00000000
0.00000000
0.00000000
0.00000000
0.00000000
0.00000000
0.00000000
0.00000000
0.00000000
0.00000000
0.00000000
0.00000000
0.00000000
0.00000000
0.00000000
0.00000000
0.00000000
0.00000000
0.00000000
0.00000000
0.00000000
0.00000000
0.00000000
0.00000000
0.00000000
0.00000000
0.00000000
0.00000000
0.00000000
0.00000000
0.00000000
0.00000000
0.00000000
0.00000000
0.00000000
0.00000000
0.00000000
0.00000000
0.00000000
0.00000000
0.00000000
0.00000000
0.00000000
0.00000000
0.00000000
0.00000000
0.00000000
0.00000000
0.00000000
0.00000000
0.00000000
0.00000000
0.00000000
0.00000000
0.00000000
0.00000000
0.00000000
0.00000000
0.00000000
0.00000000
0.00000000
0.00000000
0.00000000
0.00000000
0.00000000
0.00000000
0.00000000
0.00000000
0.00000000
0.00000000
0.00000000
0.00000000
0.00000000
0.00000000
0.00000000
0.00000000
0.00000000
0.00000000
0.00000000
0.00000000
0.00000000
0.00000000
0.00000000
0.00000000
0.00000000
0.00000000
0.00000000
0.00000000
0.00000000
0.00000000
0.00000000
0.00000000
0.00000000
0.00000000
0.00000000
0.00000000
0.00000000
0.00000000
0.00000000
0.00000000
0.00000000
0.00000000
0.00000000
0.00000000
0.00000000
0.00000000
0.00000000
0.00000000
0.00000000
0.00000000
0.00000000
0.00000000
0.00000000
0.00000000
0.00000000
0.00000000
0.00000000
0.00000000
0.00000000
0.00000000
0.00000000
0.00000000
0.00000000
0.00000000
0.00000000
0.00000000
0.00000000
0.00000000
0.00000000
0.00000000
0.00000000
0.00000000
0.00000000
0.00000000
0.00000000
0.00000000
0.00000000
0.00000000
0.00000000
0.00000000
0.00000000
0.00000000
0.00000000
0.00000000
0.00000000
0.00000000
0.00000000
0.00000000
0.00000000
0.00000000
0.00000000
0.00000000
0.00000000
0.00000000
0.00000000
0.00000000
0.00000000
0.00000000
0.00000000
0.00000000
0.00000000
0.00000000
0.00000000
0.00000000
0.00000000
0.00000000
0.00000000
0.00000000
0.00000000
0.00000000
0.00000000
