0.02189636
0.01922607
-0.02670288
0.00106812
-0.02563477
0.02456665
0.01388550
-106811.52343750
-106811.52343750
-106811.52343750
-106811.52343750
-106811.52343750
-106811.52343750
-106811.52343750
-106811.52343750
-106811.52343750
-106811.52343750
-106811.52343750
-106811.52343750
-106811.52343750
-106811.52343750
-106811.52343750
-106811.52343750
-106811.52343750
-106811.52343750
-106811.52343750
-106811.52343750
-106811.52343750
-106811.52343750
-106811.52343750
-106811.52343750
-106811.52343750
-106811.52343750
-106811.52343750
-106811.52343750
-106811.52343750
-106811.52343750
-106811.52343750
-106811.52343750
-106811.52343750
-106811.52343750
-106811.52343750
-106811.52343750
-106811.52343750
-106811.52343750
-106811.52343750
-106811.52343750
-106811.52343750
-106811.52343750
-106811.52343750
-106811.52343750
-106811.52343750
-106811.52343750
-106811.52343750
-106811.52343750
-106811.52343750
-106811.52343750
-106811.52343750
-106811.52343750
-106811.52343750
-106811.52343750
-106811.52343750
-106811.52343750
-106811.52343750
0.02456665
-0.02563477
0.00106812
-0.02670288
0.01922607
0.02189636
-0.02029419
0.00160217
-106811.52343750
-106811.52343750
-106811.52343750
-106811.52343750
-106811.52343750
-106811.52343750
-106811.52343750
-106811.52343750
-106811.52343750
-106811.52343750
-106811.52343750
-106811.52343750
-106811.52343750
-106811.52343750
-106811.52343750
-106811.52343750
-106811.52343750
-106811.52343750
-106811.52343750
-106811.52343750
-106811.52343750
-106811.52343750
-106811.52343750
-106811.52343750
-106811.52343750
-106811.52343750
-106811.52343750
-106811.52343750
-106811.52343750
-106811.52343750
-106811.52343750
-106811.52343750
-106811.52343750
-106811.52343750
-106811.52343750
-106811.52343750
-106811.52343750
-106811.52343750
-106811.52343750
-106811.52343750
-106811.52343750
-106811.52343750
-106811.52343750
-106811.52343750
-106811.52343750
-106811.52343750
-106811.52343750
-106811.52343750
-106811.52343750
-106811.52343750
-106811.52343750
-106811.52343750
-106811.52343750
-106811.52343750
-106811.52343750
-106811.52343750
-0.00160217
-0.01602173
0.02243042
0.02243042
-0.01602173
-0.00160217
-0.01602173
0.01762390
0.02243042
-106811.52343750
-106811.52343750
-106811.52343750
-106811.52343750
-106811.52343750
-106811.52343750
-106811.52343750
-106811.52343750
-106811.52343750
-106811.52343750
-106811.52343750
-106811.52343750
-106811.52343750
-106811.52343750
-106811.52343750
-106811.52343750
-106811.52343750
-106811.52343750
-106811.52343750
-106811.52343750
-106811.52343750
-106811.52343750
-106811.52343750
-106811.52343750
-106811.52343750
-106811.52343750
-106811.52343750
-106811.52343750
-106811.52343750
-106811.52343750
-106811.52343750
-106811.52343750
-106811.52343750
-106811.52343750
-106811.52343750
-106811.52343750
-106811.52343750
-106811.52343750
-106811.52343750
-106811.52343750
-106811.52343750
-106811.52343750
-106811.52343750
-106811.52343750
-106811.52343750
-106811.52343750
-106811.52343750
-106811.52343750
-106811.52343750
-106811.52343750
-106811.52343750
-106811.52343750
-106811.52343750
-106811.52343750
-106811.52343750
0.02189636
0.01922607
-0.02670288
0.00106812
-0.02563477
0.02456665
0.01388550
-0.01281738
-0.00427246
-0.01335144
-106811.52343750
-106811.52343750
-106811.52343750
-106811.52343750
-106811.52343750
-106811.52343750
-106811.52343750
-106811.52343750
-106811.52343750
-106811.52343750
-106811.52343750
-106811.52343750
-106811.52343750
-106811.52343750
-106811.52343750
-106811.52343750
-106811.52343750
-106811.52343750
-106811.52343750
-106811.52343750
-106811.52343750
-106811.52343750
-106811.52343750
-106811.52343750
-106811.52343750
-106811.52343750
-106811.52343750
-106811.52343750
-106811.52343750
-106811.52343750
-106811.52343750
-106811.52343750
-106811.52343750
-106811.52343750
-106811.52343750
-106811.52343750
-106811.52343750
-106811.52343750
-106811.52343750
-106811.52343750
-106811.52343750
-106811.52343750
-106811.52343750
-106811.52343750
-106811.52343750
-106811.52343750
-106811.52343750
-106811.52343750
-106811.52343750
-106811.52343750
-106811.52343750
-106811.52343750
-106811.52343750
-106811.52343750
-106811.52343750
-106811.52343750
-106811.52343750
-106811.52343750
-106811.52343750
-106811.52343750
-106811.52343750
-106811.52343750
-106811.52343750
-106811.52343750
-106811.52343750
-106811.52343750
-106811.52343750
-106811.52343750
-106811.52343750
-106811.52343750
-106811.52343750
-106811.52343750
-106811.52343750
-106811.52343750
-106811.52343750
-106811.52343750
-106811.52343750
-106811.52343750
-106811.52343750
-106811.52343750
-106811.52343750
-106811.52343750
-106811.52343750
-106811.52343750
-106811.52343750
-106811.52343750
-106811.52343750
-106811.52343750
-106811.52343750
-106811.52343750
-106811.52343750
-106811.52343750
-106811.52343750
-106811.52343750
-106811.52343750
-106811.52343750
-106811.52343750
-106811.52343750
-106811.52343750
-106811.52343750
-106811.52343750
-106811.52343750
-106811.52343750
-106811.52343750
-106811.52343750
-106811.52343750
-106811.52343750
-106811.52343750
-106811.52343750
-106811.52343750
-106811.52343750
-106811.52343750
-106811.52343750
-106811.52343750
-106811.52343750
-106811.52343750
-106811.52343750
-106811.52343750
-106811.52343750
-106811.52343750
-106811.52343750
-106811.52343750
-106811.52343750
-106811.52343750
-106811.52343750
-106811.52343750
-106811.52343750
-106811.52343750
-106811.52343750
-106811.52343750
-106811.52343750
-106811.52343750
-106811.52343750
-106811.52343750
-106811.52343750
-106811.52343750
-106811.52343750
-106811.52343750
-106811.52343750
-106811.52343750
-106811.52343750
-106811.52343750
-106811.52343750
-106811.52343750
-106811.52343750
-106811.52343750
-106811.52343750
-106811.52343750
-106811.52343750
-106811.52343750
-106811.52343750
-106811.52343750
-106811.52343750
-106811.52343750
-106811.52343750
-106811.52343750
-106811.52343750
-106811.52343750
-106811.52343750
-106811.52343750
-106811.52343750
-106811.52343750
-106811.52343750
-106811.52343750
-106811.52343750
-106811.52343750
-106811.52343750
-106811.52343750
-106811.52343750
-106811.52343750
-106811.52343750
-106811.52343750
-106811.52343750
-106811.52343750
-106811.52343750
-106811.52343750
-106811.52343750
-106811.52343750
-106811.52343750
-106811.52343750
-106811.52343750
-106811.52343750
-106811.52343750
-106811.52343750
-106811.52343750
-106811.52343750
-106811.52343750
-106811.52343750
-106811.52343750
-106811.52343750
-106811.52343750
-106811.52343750
-106811.52343750
-106811.52343750
-106811.52343750
-106811.52343750
-106811.52343750
-106811.52343750
-106811.52343750
-106811.52343750
-106811.52343750
-106811.52343750
-106811.52343750
-106811.52343750
-106811.52343750
-106811.52343750
-106811.52343750
-106811.52343750
-106811.52343750
-106811.52343750
-106811.52343750
-106811.52343750
-106811.52343750
-106811.52343750
-106811.52343750
-106811.52343750
-106811.52343750
-106811.52343750
-106811.52343750
-106811.52343750
-106811.52343750
-106811.52343750
-106811.52343750
-106811.52343750
-106811.52343750
-106811.52343750
-106811.52343750
-106811.52343750
-106811.52343750
-106811.52343750
-106811.52343750
-106811.52343750
-106811.52343750
-106811.52343750
-106811.52343750
-106811.52343750
-106811.52343750
-106811.52343750
-106811.52343750
-106811.52343750
-106811.52343750
-106811.52343750
-106811.52343750
-106811.52343750
-106811.52343750
-106811.52343750
-106811.52343750
-106811.52343750
-106811.52343750
-106811.52343750
-106811.52343750
-106811.52343750
-106811.52343750
-106811.52343750
-106811.52343750
-106811.52343750
-106811.52343750
-106811.52343750
-106811.52343750
-106811.52343750
-106811.52343750
-106811.52343750
-106811.52343750
-106811.52343750
-106811.52343750
-106811.52343750
-106811.52343750
-106811.52343750
-106811.52343750
-106811.52343750
-106811.52343750
-106811.52343750
-106811.52343750
-106811.52343750
-106811.52343750
-106811.52343750
-106811.52343750
-106811.52343750
-106811.52343750
-106811.52343750
-106811.52343750
-106811.52343750
-106811.52343750
-106811.52343750
-106811.52343750
-106811.52343750
-106811.52343750
-106811.52343750
-106811.52343750
-106811.52343750
-106811.52343750
-106811.52343750
-106811.52343750
-106811.52343750
-106811.52343750
-106811.52343750
-106811.52343750
-106811.52343750
-106811.52343750
-106811.52343750
-106811.52343750
-106811.52343750
-106811.52343750
-106811.52343750
-106811.52343750
-106811.52343750
-106811.52343750
-106811.52343750
-106811.52343750
-106811.52343750
