-0.00121089
-0.00014629
0.00108328
0.00109492
-0.00266457
0.00251360
-0.00154005
0.00083639
-0.00031886
-0.00214313
0.00523211
-0.00111727
-0.00225374
-0.00173895
-0.00028142
-0.00141606
0.00170100
-0.00101774
-0.00188704
0.00200382
0.00059697
-0.00023214
-0.00221215
0.00092029
0.00044868
-0.00013561
0.00202290
0.00123714
0.00266414
0.00877305
-0.00258493
0.00134012
0.00413846
0.00097008
-0.00049024
0.00870968
0.00153930
0.00365457
-0.00520686
0.00135520
-0.00166927
-0.00152804
0.00148100
0.00112663
0.00280147
-0.00304048
-0.00305717
-0.00079540
-0.00209035
0.00142636
-0.00209644
-0.00070265
0.00142764
-0.00036995
-0.00356363
-0.00093578
0.00250787
-0.00068279
-0.00314164
-0.00122238
0.00051380
-0.00212585
-0.00026191
-0.00068051
-0.00156774
0.00170813
-0.00079781
-0.00019586
0.00070688
0.00310856
-0.00233844
-0.00115825
0.00121166
0.00120404
0.00148577
-0.00006880
-0.00995942
-0.00160739
0.00091386
0.00062667
0.00058740
0.00019038
0.00063494
-0.00073307
0.00296488
-0.00121281
-0.00176814
0.00282110
-0.00028343
0.00087012
0.00154614
-0.00070804
0.00370660
-0.01633204
0.00089470
-0.00090030
0.00159478
-0.00166691
0.00026973
0.00660954
-0.00081465
0.00028161
-0.00068640
-0.00041638
-0.00109098
0.00130284
0.00084774
0.00157519
0.00111551
-0.00215098
-0.00034658
-0.00066754
-0.00128094
-0.00236544
-0.00123910
-0.00092535
-0.00051066
0.00098750
-0.00382896
0.00055300
-0.00089240
-0.00291161
-0.00073651
-0.00126420
0.00125057
-0.00097986
0.00076187
0.00005046
-0.00040936
0.00081106
-0.00034743
0.00102733
0.00067797
0.00260881
-0.00313767
-0.00162249
-0.00007294
0.00030330
0.00127364
-0.00074291
-0.00648804
-0.00211876
0.00072791
0.00093914
0.00079392
-0.00122401
0.00095485
-0.00085449
0.00139027
-0.00028579
-0.00083112
0.00227562
-0.00006768
0.00201918
-0.00080602
-0.00083835
0.00207846
-0.01049442
0.00049878
0.00051670
0.00021377
0.00018385
0.00011978
0.00647464
0.00003413
0.00154252
-0.00114790
-0.00037128
-0.00204724
0.00002977
0.00080303
0.00082239
0.00064338
-0.00209314
-0.00158982
-0.00102215
-0.00148644
-0.00210214
-0.00090829
0.00007937
-0.00025183
0.00179033
-0.00297181
-0.00048386
-0.00002921
-0.00369017
-0.00060593
-0.00093698
0.00152422
-0.00031774
0.00025993
0.00024151
-0.00017962
0.00066274
-0.00115448
0.00235170
-0.00139931
0.00208294
-0.00196673
-0.00162677
-0.00146449
0.00016747
0.00160292
-0.00194146
-0.00725887
-0.00077523
-0.00058086
0.00157952
-0.00018703
-0.00144779
0.00120718
-0.00087297
0.00068333
-0.00020945
0.00016107
0.00180357
0.00084057
0.00345112
-0.00092946
-0.00112844
0.00217187
-0.01069814
0.00101837
0.00031693
0.00008898
0.00011269
0.00095272
0.00586600
-0.00090441
0.00046273
-0.00094070
-0.00056536
-0.00071480
0.00041217
0.00065264
0.00037268
0.00000817
-0.00304670
-0.00050753
-0.00266501
-0.00163607
-0.00146222
0.00087588
0.00156095
-0.00095430
0.00197134
-0.00111780
0.00041004
0.00198988
-0.00492158
-0.00097676
-0.00060859
0.00136573
0.00004772
0.00118646
0.00028324
0.00089122
0.00050548
-0.00102348
0.00311420
-0.00036937
0.00091907
-0.00168167
-0.00137599
-0.00148676
0.00063841
0.00116894
-0.00129306
-0.00487569
-0.00069366
-0.00018434
0.00262121
-0.00041552
-0.00086111
0.00059254
-0.00111483
0.00119351
0.00010697
0.00124195
0.00171865
0.00159696
0.00315802
-0.00057043
-0.00208257
0.00229606
-0.02639985
0.00152140
0.00059563
0.00022212
0.00001686
0.00163196
0.00474069
-0.00093082
-0.00007155
-0.00023126
-0.00090697
-0.00059814
0.00021812
0.00074122
0.00127222
0.00005667
-0.00169875
-0.00056642
-0.00201922
-0.00103787
-0.00042002
0.00064557
0.00143967
-0.00132420
0.00183618
0.00011354
0.00031045
0.00180556
-0.00480228
-0.00089836
-0.00048135
0.00074781
0.00026820
0.00080865
0.00052027
0.00070532
0.00058478
-0.00066530
0.00254617
-0.00042908
0.00074459
-0.00175681
-0.00139921
-0.00155797
0.00091317
0.00068007
-0.00135798
-0.00356439
-0.00040166
0.00033915
0.00232474
-0.00057470
-0.00056227
0.00064140
-0.00100189
0.00153183
0.00050740
0.00121603
0.00217815
0.00160901
0.00201098
-0.00014087
-0.00200686
0.00197039
-0.02917517
0.00122031
0.00043603
0.00015044
-0.00007144
0.00153713
0.00330763
-0.00113244
-0.00093825
0.00027462
-0.00090449
-0.00050965
-0.00001056
0.00066245
0.00133796
0.00046235
-0.00174071
-0.00037090
-0.00173583
-0.00066523
-0.00054197
0.00090390
0.00079552
-0.00152836
0.00145553
0.00014164
-0.00002015
0.00155588
-0.00388193
-0.00079937
-0.00040746
0.00061085
0.00062534
0.00038730
0.00056183
0.00153762
0.00103816
-0.00123531
0.00257960
-0.00034671
0.00049967
-0.00177062
-0.00147354
-0.00131103
0.00014575
0.00051250
-0.00125562
-0.00258822
-0.00065799
0.00023619
0.00140263
-0.00043841
-0.00071917
0.00028793
-0.00074379
0.00170364
0.00107774
0.00043144
0.00146477
0.00152296
0.00201066
0.00005902
-0.00117616
0.00147500
-0.02585844
0.00127574
0.00034095
0.00026371
-0.00020311
0.00139992
0.00324046
-0.00137913
-0.00035477
-0.00013304
-0.00067142
-0.00115177
-0.00013963
0.00051832
0.00143277
0.00051466
-0.00111444
-0.00073332
-0.00165591
-0.00049190
-0.00025016
0.00004347
0.00061683
-0.00107488
0.00148323
0.00025415
-0.00022587
0.00163251
-0.00318615
0.00057058
0.00012528
0.00070482
0.00013389
0.00127329
0.00060121
0.00219331
0.00117147
0.00023471
0.00284038
0.00016631
0.00047782
-0.00156266
-0.00068649
-0.00102010
0.00119029
0.00154001
-0.00054337
0.00625687
-0.00090610
0.00046962
0.00047419
-0.00146690
0.00093886
-0.00033053
0.00021959
0.00216195
0.00050560
0.00019856
0.00111690
-0.00060337
0.00078725
0.00079647
-0.00105318
0.00082010
-0.05051859
-0.00076430
-0.00096649
0.00076308
0.00000637
0.00000471
-0.00141613
-0.00094248
-0.00089388
0.00104931
-0.00170238
-0.00084161
0.00002450
-0.00040416
0.00021331
0.00065009
-0.00133561
-0.00122552
-0.00229431
-0.00007086
0.00077117
0.00076169
0.00034294
-0.00079527
0.00080604
0.00061693
-0.00102574
0.00120486
-0.00059680
0.00035819
0.00198320
0.00077871
0.00217888
0.00032719
0.00069772
