0.01921645
-0.03696750
0.01121892
-0.00411784
-0.00809372
0.03322516
-0.02398035
-0.03935931
-0.01736544
0.00062842
0.01442537
-0.00460195
0.02578291
0.01303946
-0.03879910
0.02090071
0.03303055
0.01510234
-0.00172073
-0.01551445
-0.01368687
-0.00825359
0.01257043
-0.00433104
0.02551440
-0.00591932
-0.01438572
0.01813526
-0.01179849
-0.01241572
0.01053779
-0.00197725
0.02080268
0.02069814
0.02818144
0.01274570
-0.00553340
-0.00976400
0.02707328
-0.01819737
0.01891199
-0.01223097
0.03659430
-0.02860267
-0.01098308
0.02353765
0.02622519
0.01948439
0.02188281
0.02176782
0.00967312
0.03717436
-0.04397177
0.00115419
-0.02252308
0.02037250
0.01584711
-0.01161906
-0.03293459
-0.01318739
-0.00966912
-0.01272750
0.00038287
-0.00956384
0.32836691
0.30876333
0.10140078
0.03430712
0.28618288
0.14125256
-0.34274930
0.10213113
-0.34210971
0.33174217
0.37348822
-0.42827645
0.38090211
0.38379145
0.09294870
0.25778323
0.50349391
0.59019631
0.40533403
-0.18878850
-0.21244669
-0.29233062
0.22286469
1.21234703
0.06987722
0.16257545
0.21871465
0.12891936
0.22041330
0.15291642
-0.21173927
0.17332576
-0.32165235
0.15210575
-0.29204130
-0.28378630
0.03741301
0.25459146
-0.14333467
-0.32444495
-0.23408005
0.29868817
-0.23230390
-0.34318665
-0.41047344
0.22484037
0.26415843
-0.06631793
0.25632349
0.21293230
0.26280132
0.98495972
-0.06624083
0.61841571
-1.21165586
0.13196388
-0.46045622
-0.09359984
-0.10492970
0.22488275
-0.14432471
0.21550678
0.16792336
0.20640774
0.52794397
0.05904387
0.20222856
0.18362135
0.35046154
0.22120115
-0.43542817
0.08246596
-0.39056462
0.35318398
0.40065673
-0.32550481
0.42127791
0.36439753
0.00477585
0.31311107
0.52161652
0.58623475
0.41245335
-0.24664877
-0.25668097
-0.26315674
0.24445252
1.20337808
0.16965838
-0.14918847
-0.11052430
0.08143175
-0.07879998
-0.03681384
0.06430063
-0.01377126
0.20553732
0.28147990
-0.12064512
-0.25505054
0.10418692
0.39204431
-0.18408024
-0.42023817
-0.24136585
0.29228759
-0.06094386
-0.37373367
-0.29525235
0.23094244
0.34312770
-0.05125563
0.32747766
0.29073152
0.28491771
0.92118275
-0.07619394
0.50915724
-1.14553940
0.20376769
-0.57271421
-0.09081869
-0.15162003
-0.09162835
-0.04114963
-0.07399487
-0.00256401
-0.05808308
0.10353000
-0.07513903
0.12931643
0.18939485
0.25375187
0.17929304
-0.41543576
0.06717946
-0.35048932
0.30694023
0.41939366
-0.39058119
0.40861055
0.38016710
-0.01410473
0.32166058
0.51838857
0.56270039
0.41775528
-0.21859403
-0.27147681
-0.21533145
0.21597485
1.01080060
0.17291030
-0.06887520
-0.04400619
0.10499251
-0.01626847
0.00861849
0.00464529
0.03164357
0.34621981
0.12598616
0.01943268
-0.11964898
0.16550294
0.39427477
-0.19895235
-0.40075472
-0.22590445
0.32090935
-0.10976606
-0.37576482
-0.42465770
0.23532131
0.34363994
-0.04465969
0.31893840
0.28345397
0.27885717
0.89177674
-0.06151174
0.49027771
-1.04748511
0.19694965
-0.43135655
-0.11605366
-0.16137992
-0.02678848
-0.07403663
-0.01157874
0.04074340
-0.00024093
-0.43716365
-0.49605072
0.52510345
0.38561809
0.33048913
-0.01473267
-0.19631948
0.18399717
-0.21954542
0.19789991
0.30478877
-0.27889103
0.38213605
0.25327986
0.18648134
0.19662170
0.42788503
0.72729784
0.66390401
-0.18303832
-0.15325595
-0.17497298
0.17998843
1.55141771
0.02437436
-0.15900595
-0.03022104
-0.00564463
0.01458270
0.13262731
-0.03616192
0.05287786
0.65726298
0.37630677
0.05139399
-0.23520941
0.20690119
0.29750696
-0.23772636
-0.21408170
-0.24433500
0.25721273
-0.13016233
-0.28075826
-0.35166442
0.14689277
0.24964373
-0.09164279
0.23196720
0.19559547
0.25486735
0.63107646
0.22877479
0.46505371
-0.93470782
0.09272365
-0.91683275
-0.08349059
0.06875739
-0.00369386
-0.02288394
0.04165817
0.04689197
0.04254092
-0.79906642
-0.57008600
0.27043194
0.45436668
0.06813053
-0.25239614
-0.10964954
0.40852731
-0.24198394
0.29778925
0.48131469
-0.42269683
0.37903351
0.36967298
0.31596929
0.23973325
0.58760512
0.71985430
0.52981347
-0.17110494
-0.18738210
-0.24791211
0.20381036
1.41967678
-0.01300355
0.08630574
0.16981207
0.02931834
0.16657259
0.09826312
-0.15607557
0.10485734
-0.12396477
-0.23898199
0.47681984
0.18052414
0.45447850
0.28520775
-0.45836240
-0.19257203
-0.46629298
0.49359643
-0.29621452
-0.34237286
-0.43012461
0.17345674
0.23204535
-0.20574640
0.23627220
0.20438194
0.27377629
0.98293054
0.16043492
0.57836783
-1.21221447
0.10198405
-0.65666342
-0.00078324
0.01507439
0.17393750
-0.05638180
0.16142374
0.09501830
0.14972883
-0.15806410
-0.09746716
-0.00585253
0.19588734
0.02670024
-0.14877328
-0.22229581
0.23282860
-0.25992200
0.23318896
0.37156001
-0.24208853
0.43571928
0.31365892
-0.00441130
0.28953835
0.45972320
0.53953648
0.38438064
-0.23473547
-0.23265994
-0.22266221
0.22792332
1.12691355
0.14622606
-0.06389100
-0.03673248
0.11539458
-0.00692706
0.02552088
-0.00502132
0.04508641
-0.39922500
-0.20341802
0.16517454
0.15800962
0.31538969
0.38031113
-0.37257260
-0.31873363
-0.31904960
0.33418310
0.02029195
-0.40861824
-0.24232635
0.26162255
0.31804374
-0.02743816
0.32013965
0.28624448
0.27955779
0.84969902
-0.11229689
0.48039547
-1.09249735
0.19066735
-0.48758963
-0.10559760
-0.16579477
-0.01841418
-0.08553085
-0.00043411
0.05281749
0.01122180
0.83491594
0.32236132
-0.50439495
0.55548310
0.00092509
-0.29147348
0.21432626
0.54441619
-0.11723208
0.31265181
0.71324360
-0.68180716
0.34631693
0.40686607
0.89064628
0.21313304
0.77081406
1.15021765
1.10127389
-0.11771531
-0.19575875
-0.18463562
0.15333422
2.21382904
-0.16844139
-0.76469481
-0.54659963
-0.39215776
-0.43919930
-0.14573221
0.38701773
-0.32288209
-1.40375280
-1.18492055
1.07689261
0.72729206
0.74991834
0.09113587
-0.48246118
0.10845488
-0.55761290
0.68400234
-0.76297331
-0.25132307
-0.84967732
0.03992387
0.22883716
-0.52928942
0.16939516
0.12751426
0.31340921
0.68985742
1.12322748
0.57061160
-1.00145769
0.01579242
-1.80637670
0.15866445
0.47746310
-0.48046353
0.35600770
-0.37495232
-0.32818741
-0.37255198
