-0.01926318
-0.02322638
-0.01175206
-0.01223374
-0.07230014
0.00873577
0.01321380
-0.03215014
0.01557800
-0.02391269
-0.08331235
0.16836762
-0.05208663
-0.17802234
-0.04169805
-0.08288603
-0.07496404
-0.05917413
-0.06411156
0.18402299
0.03674223
0.27403590
-0.35993361
-0.04653172
-0.03437558
0.03110694
0.03247751
0.02605372
0.03070961
0.02955658
-0.02979397
0.02902586
0.00915246
-0.02805345
0.04968872
0.05244438
-0.00662006
-0.02118446
0.04692199
-0.00623621
0.03790672
-0.03504697
0.04081510
0.06659483
0.11274886
-0.01597625
-0.03178550
0.03671818
-0.05986362
-0.04749847
-0.06906726
-0.15800947
-0.03047653
-0.21672559
0.17620212
-0.08871198
0.03426408
-0.01585989
-0.02294192
0.03126863
-0.02735246
0.02946432
0.02856166
0.02955407
-0.07327479
-0.06809282
-0.05550275
-0.02766177
0.04639067
0.05177463
-0.01569420
-0.00408205
-0.06561344
0.09532803
-0.06687917
-0.38713679
-0.09529590
0.47669184
0.10972086
0.15793137
0.09138659
0.09966428
0.07307835
-0.35218531
-0.30946159
-0.30068678
0.71387577
-0.01841816
0.20754460
0.08177213
0.09028349
0.11233729
0.10121560
0.13157052
-0.10467848
0.11333795
0.00922187
-0.11489423
0.01192055
0.01708921
-0.00510630
0.04451172
-0.01945619
-0.05399110
-0.00035671
0.09721477
-0.14535861
0.10256115
-0.29243109
-0.03754111
0.07894202
-0.08032330
0.23863022
0.20156664
0.23794708
0.20711906
0.11002959
0.72259057
-0.25086179
0.27986497
0.04730663
-0.16254541
-0.10630754
0.09700939
-0.11361217
0.10683328
0.11338119
0.10659730
0.03075279
0.11052034
-0.13180375
-0.06991117
-0.06884373
0.06579775
-0.03029618
-0.00091306
-0.02114681
0.03581290
-0.22723858
0.08381386
-0.25908574
-0.09814867
0.00765754
-0.08857252
-0.07923178
-0.04864716
-0.08033244
0.19752026
-0.25607371
0.54341340
-0.40202710
-0.19147025
0.17501247
0.19288534
0.19639337
0.22610477
0.20476435
0.22812162
-0.20711055
0.21972017
-0.11851031
-0.11222017
-0.01724299
0.01506489
-0.10386591
0.03321375
0.04772096
-0.06198427
0.05149422
0.01526285
-0.06970123
0.29571474
0.01374269
-0.10291528
-0.03437464
-0.00505406
-0.00008258
0.05825117
0.16453601
-0.23669238
-0.03182454
-0.01609978
0.27065507
0.10462581
0.18546967
-0.24341626
-0.22486064
0.20117354
-0.22461468
0.20698676
0.22074114
0.20897762
0.07683596
0.09679076
-0.05091586
-0.02760277
0.00139266
0.03205551
-0.04571266
0.04225913
-0.04811740
0.06169140
-0.15856761
0.00824556
-0.21036237
-0.03778010
0.03542233
-0.03029209
-0.03758416
-0.00667594
-0.05768411
0.14519648
-0.27018693
0.40339935
-0.20310223
-0.15785763
0.19103299
0.15806586
0.15847412
0.19820295
0.16578130
0.18598254
-0.16784440
0.18262519
-0.00911501
-0.00140113
-0.04504354
-0.01810564
-0.06830935
0.06336331
0.01699559
-0.05933079
0.01502106
0.02870577
-0.09905059
0.24798399
-0.02513054
-0.09775739
-0.00105375
-0.03365842
0.03685015
0.10601489
0.19083472
-0.14124197
-0.00671159
0.02303618
0.16430552
0.15926123
0.15907778
-0.21827203
-0.20557718
0.16222933
-0.19269650
0.16701923
0.18488842
0.16992514
-0.08079721
-0.13377701
0.09387393
0.17813519
0.04840611
-0.11926614
0.04530096
0.10260405
0.01533572
-0.06727290
0.31042016
-0.79433322
0.29896370
1.02298808
-0.01798997
0.34746909
0.20118763
0.18624602
0.13979504
-0.88583761
-0.33765274
-1.08395743
1.51615548
0.01886808
0.24595194
0.09672432
0.10637677
0.10319595
0.10674611
0.10041856
-0.10430897
0.10072587
-0.01164966
-0.06490555
0.08969574
0.02988586
0.19246903
0.01704423
-0.09759286
0.05276150
-0.11206933
0.23762244
-0.08796486
-0.40741399
-0.53489202
0.32490817
0.20150368
-0.01393322
0.37264666
0.29182598
0.38501918
0.66594833
0.08000131
1.28839684
-0.78679937
0.39662343
0.05237684
-0.14247230
-0.10650785
0.10715307
-0.10288628
0.10645118
0.10134739
0.10470732
0.07906027
0.13886717
-0.00235085
-0.03670910
0.01197071
0.02520966
-0.00049709
0.03000660
-0.05492479
0.05979628
0.05169283
-0.54329854
0.03162433
0.70573950
0.14877050
0.28190398
0.15955730
0.15969013
0.15223056
-0.70047426
-0.35155159
-0.74886489
1.31206059
0.06796001
0.22777653
0.02461154
0.03899749
0.05831360
0.05172079
0.09255237
-0.05659045
0.06505580
0.01244283
0.09177998
-0.06510767
-0.01662795
0.05407330
0.06886452
-0.05165491
-0.03883534
-0.05740090
0.15296189
-0.15484460
-0.10035045
-0.39785388
0.06614338
0.11605348
-0.10551067
0.33436540
0.25944462
0.31501037
0.39129177
0.14432612
1.09187460
-0.47909942
0.37925619
-0.02181717
-0.12806824
-0.04745979
0.04659364
-0.06267372
0.05944303
0.06470902
0.05874961
-0.09906539
-0.09557769
0.06543263
0.01898372
0.06859855
-0.02273024
-0.00965214
0.05929587
-0.03361079
0.03864565
-0.07188882
-0.14161205
-0.13568096
0.13015693
0.03029398
0.01571547
-0.02300079
0.00640786
-0.02712035
0.02018440
-0.28296682
0.24420565
-0.07688659
-0.13275340
0.16357234
0.15013643
0.14723274
0.17134348
0.15485676
0.16697943
-0.15559730
0.16384065
0.06137063
0.09345788
-0.03472292
-0.02316069
-0.01238268
0.06736572
-0.02739992
-0.02327258
0.00633162
0.08954430
-0.14547127
0.16888794
-0.12568843
-0.03436590
0.03164379
-0.01610758
0.08176067
0.10168787
0.22687201
-0.07294264
-0.01040633
0.21028154
0.08080468
0.14822672
0.13840052
-0.18783702
-0.17390276
0.15248004
-0.16874437
0.15676101
0.16474682
0.15688156
0.11762337
0.36888933
-0.62858748
0.18815266
-0.52950054
-0.61260289
0.65515947
0.64103085
0.15199974
0.07050821
1.95028043
-2.79281783
1.65629661
3.45338917
0.45390087
1.79894090
1.05832744
1.01142526
0.83331645
-3.23820400
-1.20315552
-4.54196596
6.22098923
0.48566937
0.68774754
-0.12182511
-0.13081653
-0.10783185
-0.12470250
-0.14288275
0.13000743
-0.13823572
-0.01331573
-0.28339145
0.53984058
1.00798690
1.12244868
-0.05935067
-0.71358168
0.58723813
-0.88400054
1.07066751
-0.32732362
-2.07214284
-1.88354218
1.12622070
0.98032278
-0.33141857
1.52600658
1.20036614
1.71409082
2.57007456
0.45213956
4.04251146
-2.95624256
1.58842659
-0.23357004
-0.04042722
0.07350574
-0.12592807
0.11982070
-0.12182873
-0.13431828
-0.12876230
