0
0
0
0
-1
0
0
-1
0
0
-2
3
-1
-4
-1
-2
-2
-1
-1
4
1
6
-7
-1
-1
1
1
1
1
1
-1
1
0
-1
1
1
0
0
1
0
1
-1
1
1
2
0
-1
1
-1
-1
-1
-3
-1
-4
4
-2
1
0
0
1
-1
1
1
1
-1
-1
-1
-1
1
1
0
0
-1
2
-1
-8
-2
10
2
3
2
2
1
-7
-6
-6
15
0
4
2
2
2
2
3
-2
2
0
-2
0
0
0
1
0
-1
0
2
-3
2
-6
-1
2
-2
5
4
5
4
2
15
-5
6
1
-3
-2
2
-2
2
2
2
1
2
-3
-1
-1
1
-1
0
0
1
-5
2
-5
-2
0
-2
-2
-1
-2
4
-5
11
-8
-4
4
4
4
5
4
5
-4
4
-2
-2
0
0
-2
1
1
-1
1
0
-1
6
0
-2
-1
0
0
1
3
-5
-1
0
6
2
4
-5
-5
4
-5
4
5
4
2
2
-1
-1
0
1
-1
1
-1
1
-3
0
-4
-1
1
-1
-1
0
-1
3
-6
8
-4
-3
4
3
3
4
3
4
-3
4
0
0
-1
0
-1
1
0
-1
0
1
-2
5
-1
-2
0
-1
1
2
4
-3
0
0
3
3
3
-4
-4
3
-4
3
4
3
-2
-3
2
4
1
-2
1
2
0
-1
6
-16
6
21
0
7
4
4
3
-18
-7
-22
31
0
5
2
2
2
2
2
-2
2
0
-1
2
1
4
0
-2
1
-2
5
-2
-8
-11
7
4
0
8
6
8
14
2
26
-16
8
1
-3
-2
2
-2
2
2
2
2
3
0
-1
0
1
0
1
-1
1
1
-11
1
14
3
6
3
3
3
-14
-7
-15
27
1
5
1
1
1
1
2
-1
1
0
2
-1
0
1
1
-1
-1
-1
3
-3
-2
-8
1
2
-2
7
5
6
8
3
22
-10
8
0
-3
-1
1
-1
1
1
1
-2
-2
1
0
1
0
0
1
-1
1
-1
-3
-3
3
1
0
0
0
-1
0
-6
5
-2
-3
3
3
3
3
3
3
-3
3
1
2
-1
0
0
1
-1
0
0
2
-3
3
-3
-1
1
0
2
2
5
-1
0
4
2
3
3
-4
-4
3
-3
3
3
3
2
8
-13
4
-11
-13
13
13
3
1
40
-57
34
71
9
37
22
21
17
-66
-25
-93
127
10
14
-2
-3
-2
-3
-3
3
-3
0
-6
11
21
23
-1
-15
12
-18
22
-7
-42
-38
23
20
-7
31
25
35
52
9
83
-60
32
-5
-1
2
-3
2
-2
-3
-3
