-0.00384245
-106734.81327156
-106734.81327156
-106734.81327156
-106734.81327156
-106734.81327156
-106734.81327156
-106734.81327156
-106734.81327156
-106734.81327156
-106734.81327156
-106734.81327156
-106734.81327156
-106734.81327156
-106734.81327156
-106734.81327156
-106734.81327156
-106734.81327156
-106734.81327156
-106734.81327156
-106734.81327156
-106734.81327156
-106734.81327156
-106734.81327156
-106734.81327156
-106734.81327156
-106734.81327156
-106734.81327156
-106734.81327156
-106734.81327156
-106734.81327156
-106734.81327156
-106734.81327156
-106734.81327156
-106734.81327156
-106734.81327156
-106734.81327156
-106734.81327156
-106734.81327156
-106734.81327156
-106734.81327156
-106734.81327156
-106734.81327156
-106734.81327156
-106734.81327156
-106734.81327156
-106734.81327156
-106734.81327156
-106734.81327156
-106734.81327156
-106734.81327156
-106734.81327156
-106734.81327156
-106734.81327156
-106734.81327156
-106734.81327156
-106734.81327156
-106734.81327156
-106734.81327156
-106734.81327156
-106734.81327156
-106734.81327156
-106734.81327156
-106734.81327156
0.00683103
0.30771647
-106734.81327156
-106734.81327156
-106734.81327156
-106734.81327156
-106734.81327156
-106734.81327156
-106734.81327156
-106734.81327156
-106734.81327156
-106734.81327156
-106734.81327156
-106734.81327156
-106734.81327156
-106734.81327156
-106734.81327156
-106734.81327156
-106734.81327156
-106734.81327156
-106734.81327156
-106734.81327156
-106734.81327156
-106734.81327156
-106734.81327156
-106734.81327156
-106734.81327156
-106734.81327156
-106734.81327156
-106734.81327156
-106734.81327156
-106734.81327156
-106734.81327156
-106734.81327156
-106734.81327156
-106734.81327156
-106734.81327156
-106734.81327156
-106734.81327156
-106734.81327156
-106734.81327156
-106734.81327156
-106734.81327156
-106734.81327156
-106734.81327156
-106734.81327156
-106734.81327156
-106734.81327156
-106734.81327156
-106734.81327156
-106734.81327156
-106734.81327156
-106734.81327156
-106734.81327156
-106734.81327156
-106734.81327156
-106734.81327156
-106734.81327156
-106734.81327156
-106734.81327156
-106734.81327156
-106734.81327156
-106734.81327156
-106734.81327156
-0.00544348
-0.12829525
-0.20589145
-106734.81327156
-106734.81327156
-106734.81327156
-106734.81327156
-106734.81327156
-106734.81327156
-106734.81327156
-106734.81327156
-106734.81327156
-106734.81327156
-106734.81327156
-106734.81327156
-106734.81327156
-106734.81327156
-106734.81327156
-106734.81327156
-106734.81327156
-106734.81327156
-106734.81327156
-106734.81327156
-106734.81327156
-106734.81327156
-106734.81327156
-106734.81327156
-106734.81327156
-106734.81327156
-106734.81327156
-106734.81327156
-106734.81327156
-106734.81327156
-106734.81327156
-106734.81327156
-106734.81327156
-106734.81327156
-106734.81327156
-106734.81327156
-106734.81327156
-106734.81327156
-106734.81327156
-106734.81327156
-106734.81327156
-106734.81327156
-106734.81327156
-106734.81327156
-106734.81327156
-106734.81327156
-106734.81327156
-106734.81327156
-106734.81327156
-106734.81327156
-106734.81327156
-106734.81327156
-106734.81327156
-106734.81327156
-106734.81327156
-106734.81327156
-106734.81327156
-106734.81327156
-106734.81327156
-106734.81327156
-106734.81327156
-0.00298857
-0.03298106
-0.08592152
-0.06777661
-106734.81327156
-106734.81327156
-106734.81327156
-106734.81327156
-106734.81327156
-106734.81327156
-106734.81327156
-106734.81327156
-106734.81327156
-106734.81327156
-106734.81327156
-106734.81327156
-106734.81327156
-106734.81327156
-106734.81327156
-106734.81327156
-106734.81327156
-106734.81327156
-106734.81327156
-106734.81327156
-106734.81327156
-106734.81327156
-106734.81327156
-106734.81327156
-106734.81327156
-106734.81327156
-106734.81327156
-106734.81327156
-106734.81327156
-106734.81327156
-106734.81327156
-106734.81327156
-106734.81327156
-106734.81327156
-106734.81327156
-106734.81327156
-106734.81327156
-106734.81327156
-106734.81327156
-106734.81327156
-106734.81327156
-106734.81327156
-106734.81327156
-106734.81327156
-106734.81327156
-106734.81327156
-106734.81327156
-106734.81327156
-106734.81327156
-106734.81327156
-106734.81327156
-106734.81327156
-106734.81327156
-106734.81327156
-106734.81327156
-106734.81327156
-106734.81327156
-106734.81327156
-106734.81327156
-106734.81327156
0.02198737
0.70839896
0.66068849
0.66442421
0.57391309
-106734.81327156
-106734.81327156
-106734.81327156
-106734.81327156
-106734.81327156
-106734.81327156
-106734.81327156
-106734.81327156
-106734.81327156
-106734.81327156
-106734.81327156
-106734.81327156
-106734.81327156
-106734.81327156
-106734.81327156
-106734.81327156
-106734.81327156
-106734.81327156
-106734.81327156
-106734.81327156
-106734.81327156
-106734.81327156
-106734.81327156
-106734.81327156
-106734.81327156
-106734.81327156
-106734.81327156
-106734.81327156
-106734.81327156
-106734.81327156
-106734.81327156
-106734.81327156
-106734.81327156
-106734.81327156
-106734.81327156
-106734.81327156
-106734.81327156
-106734.81327156
-106734.81327156
-106734.81327156
-106734.81327156
-106734.81327156
-106734.81327156
-106734.81327156
-106734.81327156
-106734.81327156
-106734.81327156
-106734.81327156
-106734.81327156
-106734.81327156
-106734.81327156
-106734.81327156
-106734.81327156
-106734.81327156
-106734.81327156
-106734.81327156
-106734.81327156
-106734.81327156
-106734.81327156
0.01280818
0.52534875
0.48948585
0.46973991
0.38734064
0.47913258
-106734.81327156
-106734.81327156
-106734.81327156
-106734.81327156
-106734.81327156
-106734.81327156
-106734.81327156
-106734.81327156
-106734.81327156
-106734.81327156
-106734.81327156
-106734.81327156
-106734.81327156
-106734.81327156
-106734.81327156
-106734.81327156
-106734.81327156
-106734.81327156
-106734.81327156
-106734.81327156
-106734.81327156
-106734.81327156
-106734.81327156
-106734.81327156
-106734.81327156
-106734.81327156
-106734.81327156
-106734.81327156
-106734.81327156
-106734.81327156
-106734.81327156
-106734.81327156
-106734.81327156
-106734.81327156
-106734.81327156
-106734.81327156
-106734.81327156
-106734.81327156
-106734.81327156
-106734.81327156
-106734.81327156
-106734.81327156
-106734.81327156
-106734.81327156
-106734.81327156
-106734.81327156
-106734.81327156
-106734.81327156
-106734.81327156
-106734.81327156
-106734.81327156
-106734.81327156
-106734.81327156
-106734.81327156
-106734.81327156
-106734.81327156
-106734.81327156
-106734.81327156
0.00021347
0.03895821
-0.00789838
0.02092002
0.00555021
0.03330126
0.00021347
-106734.81327156
-106734.81327156
-106734.81327156
-106734.81327156
-106734.81327156
-106734.81327156
-106734.81327156
-106734.81327156
-106734.81327156
-106734.81327156
-106734.81327156
-106734.81327156
-106734.81327156
-106734.81327156
-106734.81327156
-106734.81327156
-106734.81327156
-106734.81327156
-106734.81327156
-106734.81327156
-106734.81327156
-106734.81327156
-106734.81327156
-106734.81327156
-106734.81327156
-106734.81327156
-106734.81327156
-106734.81327156
-106734.81327156
-106734.81327156
-106734.81327156
-106734.81327156
-106734.81327156
-106734.81327156
-106734.81327156
-106734.81327156
-106734.81327156
-106734.81327156
-106734.81327156
-106734.81327156
-106734.81327156
-106734.81327156
-106734.81327156
-106734.81327156
-106734.81327156
-106734.81327156
-106734.81327156
-106734.81327156
-106734.81327156
-106734.81327156
-106734.81327156
-106734.81327156
-106734.81327156
-106734.81327156
-106734.81327156
-106734.81327156
-106734.81327156
0.08047805
2.70241874
2.67093197
2.62055314
2.22339290
3.02593196
2.69014423
3.78663097
-106734.81327156
-106734.81327156
-106734.81327156
-106734.81327156
-106734.81327156
-106734.81327156
-106734.81327156
-106734.81327156
-106734.81327156
-106734.81327156
-106734.81327156
-106734.81327156
-106734.81327156
-106734.81327156
-106734.81327156
-106734.81327156
-106734.81327156
-106734.81327156
-106734.81327156
-106734.81327156
-106734.81327156
-106734.81327156
-106734.81327156
-106734.81327156
-106734.81327156
-106734.81327156
-106734.81327156
-106734.81327156
-106734.81327156
-106734.81327156
-106734.81327156
-106734.81327156
-106734.81327156
-106734.81327156
-106734.81327156
-106734.81327156
-106734.81327156
-106734.81327156
-106734.81327156
-106734.81327156
-106734.81327156
-106734.81327156
-106734.81327156
-106734.81327156
-106734.81327156
-106734.81327156
-106734.81327156
-106734.81327156
-106734.81327156
-106734.81327156
-106734.81327156
-106734.81327156
-106734.81327156
-106734.81327156
-106734.81327156
-106734.81327156
