-36
-1000000000
-1000000000
-1000000000
-1000000000
-1000000000
-1000000000
-1000000000
-1000000000
-1000000000
-1000000000
-1000000000
-1000000000
-1000000000
-1000000000
-1000000000
-1000000000
-1000000000
-1000000000
-1000000000
-1000000000
-1000000000
-1000000000
-1000000000
-1000000000
-1000000000
-1000000000
-1000000000
-1000000000
-1000000000
-1000000000
-1000000000
-1000000000
-1000000000
-1000000000
-1000000000
-1000000000
-1000000000
-1000000000
-1000000000
-1000000000
-1000000000
-1000000000
-1000000000
-1000000000
-1000000000
-1000000000
-1000000000
-1000000000
-1000000000
-1000000000
-1000000000
-1000000000
-1000000000
-1000000000
-1000000000
-1000000000
-1000000000
-1000000000
-1000000000
-1000000000
-1000000000
-1000000000
-1000000000
64
2883
-1000000000
-1000000000
-1000000000
-1000000000
-1000000000
-1000000000
-1000000000
-1000000000
-1000000000
-1000000000
-1000000000
-1000000000
-1000000000
-1000000000
-1000000000
-1000000000
-1000000000
-1000000000
-1000000000
-1000000000
-1000000000
-1000000000
-1000000000
-1000000000
-1000000000
-1000000000
-1000000000
-1000000000
-1000000000
-1000000000
-1000000000
-1000000000
-1000000000
-1000000000
-1000000000
-1000000000
-1000000000
-1000000000
-1000000000
-1000000000
-1000000000
-1000000000
-1000000000
-1000000000
-1000000000
-1000000000
-1000000000
-1000000000
-1000000000
-1000000000
-1000000000
-1000000000
-1000000000
-1000000000
-1000000000
-1000000000
-1000000000
-1000000000
-1000000000
-1000000000
-1000000000
-1000000000
-51
-1202
-1929
-1000000000
-1000000000
-1000000000
-1000000000
-1000000000
-1000000000
-1000000000
-1000000000
-1000000000
-1000000000
-1000000000
-1000000000
-1000000000
-1000000000
-1000000000
-1000000000
-1000000000
-1000000000
-1000000000
-1000000000
-1000000000
-1000000000
-1000000000
-1000000000
-1000000000
-1000000000
-1000000000
-1000000000
-1000000000
-1000000000
-1000000000
-1000000000
-1000000000
-1000000000
-1000000000
-1000000000
-1000000000
-1000000000
-1000000000
-1000000000
-1000000000
-1000000000
-1000000000
-1000000000
-1000000000
-1000000000
-1000000000
-1000000000
-1000000000
-1000000000
-1000000000
-1000000000
-1000000000
-1000000000
-1000000000
-1000000000
-1000000000
-1000000000
-1000000000
-1000000000
-1000000000
-28
-309
-805
-635
-1000000000
-1000000000
-1000000000
-1000000000
-1000000000
-1000000000
-1000000000
-1000000000
-1000000000
-1000000000
-1000000000
-1000000000
-1000000000
-1000000000
-1000000000
-1000000000
-1000000000
-1000000000
-1000000000
-1000000000
-1000000000
-1000000000
-1000000000
-1000000000
-1000000000
-1000000000
-1000000000
-1000000000
-1000000000
-1000000000
-1000000000
-1000000000
-1000000000
-1000000000
-1000000000
-1000000000
-1000000000
-1000000000
-1000000000
-1000000000
-1000000000
-1000000000
-1000000000
-1000000000
-1000000000
-1000000000
-1000000000
-1000000000
-1000000000
-1000000000
-1000000000
-1000000000
-1000000000
-1000000000
-1000000000
-1000000000
-1000000000
-1000000000
-1000000000
-1000000000
206
6637
6190
6225
5377
-1000000000
-1000000000
-1000000000
-1000000000
-1000000000
-1000000000
-1000000000
-1000000000
-1000000000
-1000000000
-1000000000
-1000000000
-1000000000
-1000000000
-1000000000
-1000000000
-1000000000
-1000000000
-1000000000
-1000000000
-1000000000
-1000000000
-1000000000
-1000000000
-1000000000
-1000000000
-1000000000
-1000000000
-1000000000
-1000000000
-1000000000
-1000000000
-1000000000
-1000000000
-1000000000
-1000000000
-1000000000
-1000000000
-1000000000
-1000000000
-1000000000
-1000000000
-1000000000
-1000000000
-1000000000
-1000000000
-1000000000
-1000000000
-1000000000
-1000000000
-1000000000
-1000000000
-1000000000
-1000000000
-1000000000
-1000000000
-1000000000
-1000000000
-1000000000
120
4922
4586
4401
3629
4489
-1000000000
-1000000000
-1000000000
-1000000000
-1000000000
-1000000000
-1000000000
-1000000000
-1000000000
-1000000000
-1000000000
-1000000000
-1000000000
-1000000000
-1000000000
-1000000000
-1000000000
-1000000000
-1000000000
-1000000000
-1000000000
-1000000000
-1000000000
-1000000000
-1000000000
-1000000000
-1000000000
-1000000000
-1000000000
-1000000000
-1000000000
-1000000000
-1000000000
-1000000000
-1000000000
-1000000000
-1000000000
-1000000000
-1000000000
-1000000000
-1000000000
-1000000000
-1000000000
-1000000000
-1000000000
-1000000000
-1000000000
-1000000000
-1000000000
-1000000000
-1000000000
-1000000000
-1000000000
-1000000000
-1000000000
-1000000000
-1000000000
-1000000000
2
365
-74
196
52
312
2
-1000000000
-1000000000
-1000000000
-1000000000
-1000000000
-1000000000
-1000000000
-1000000000
-1000000000
-1000000000
-1000000000
-1000000000
-1000000000
-1000000000
-1000000000
-1000000000
-1000000000
-1000000000
-1000000000
-1000000000
-1000000000
-1000000000
-1000000000
-1000000000
-1000000000
-1000000000
-1000000000
-1000000000
-1000000000
-1000000000
-1000000000
-1000000000
-1000000000
-1000000000
-1000000000
-1000000000
-1000000000
-1000000000
-1000000000
-1000000000
-1000000000
-1000000000
-1000000000
-1000000000
-1000000000
-1000000000
-1000000000
-1000000000
-1000000000
-1000000000
-1000000000
-1000000000
-1000000000
-1000000000
-1000000000
-1000000000
-1000000000
754
25319
25024
24552
20831
28350
25204
35477
-1000000000
-1000000000
-1000000000
-1000000000
-1000000000
-1000000000
-1000000000
-1000000000
-1000000000
-1000000000
-1000000000
-1000000000
-1000000000
-1000000000
-1000000000
-1000000000
-1000000000
-1000000000
-1000000000
-1000000000
-1000000000
-1000000000
-1000000000
-1000000000
-1000000000
-1000000000
-1000000000
-1000000000
-1000000000
-1000000000
-1000000000
-1000000000
-1000000000
-1000000000
-1000000000
-1000000000
-1000000000
-1000000000
-1000000000
-1000000000
-1000000000
-1000000000
-1000000000
-1000000000
-1000000000
-1000000000
-1000000000
-1000000000
-1000000000
-1000000000
-1000000000
-1000000000
-1000000000
-1000000000
-1000000000
-1000000000
