-0.00121089
-0.00014629
0.00108328
0.00109492
-0.00266457
0.00251360
-0.00154005
0.00083639
-0.00031886
-0.00214313
0.00523211
-0.00111727
-0.00225374
-0.00173895
-0.00028142
-0.00141606
0.00170100
-0.00101774
-0.00188704
0.00200382
0.00059697
-0.00023214
-0.00221215
0.00092029
0.00044868
-0.00013561
0.00202290
0.00123714
0.00266414
0.00877305
-0.00258493
0.00134012
0.00413846
0.00097008
-0.00049024
0.00870968
0.00153930
0.00365457
-0.00520686
0.00135520
-0.00166927
-0.00152804
0.00148100
0.00112663
0.00280147
-0.00304048
-0.00305717
-0.00079540
-0.00209035
0.00142636
-0.00209644
-0.00070265
0.00142764
-0.00036995
-0.00356363
-0.00093578
0.00250787
-0.00068279
-0.00314164
-0.00122238
0.00051380
-0.00212585
-0.00026191
-0.00068051
-0.00183299
0.00308651
-0.00219601
-0.00115529
0.00321285
0.00355079
-0.00293187
-0.00264086
0.00234928
0.00369196
-0.00129885
0.00071052
-0.01568699
-0.00150961
0.00180231
0.00214501
-0.00024033
0.00108836
0.00250950
-0.00276738
0.00472492
-0.00194174
-0.00143812
0.00423395
-0.00082759
0.00161766
0.00119177
-0.00215387
0.00448145
-0.03499242
0.00348107
-0.00256559
-0.00029592
-0.00362696
0.00083461
0.00504852
-0.00256432
-0.00222549
0.00267362
-0.00173319
-0.00066114
0.00340700
0.00037705
0.00190861
-0.00013765
-0.00148982
0.00166817
-0.00057251
-0.00067931
-0.00518386
-0.00060185
-0.00109088
-0.00195138
0.00199648
-0.00402617
0.00165959
-0.00341978
-0.00456826
0.00105121
-0.00129529
0.00179821
-0.00012805
0.00152284
0.00059378
0.00211281
-0.00049772
-0.00007833
0.00331736
0.00198816
0.00170080
-0.00530442
-0.00350621
-0.00240650
-0.00040433
-0.00074480
-0.00186729
-0.00163981
-0.00324277
0.00078775
0.00249297
0.00081481
-0.00398815
0.00272151
-0.00225177
-0.00126927
0.00144878
0.00150828
0.00179554
0.00013026
0.00507630
-0.00641799
-0.00193280
-0.00124563
-0.00730181
0.00100790
0.00286531
-0.00400557
0.00336952
0.00008476
0.00530633
0.00102771
0.00306913
-0.00036478
-0.00099085
-0.00401347
-0.00174622
0.00044146
-0.00072821
-0.00113246
-0.00159668
-0.00334622
-0.00178663
-0.00162919
-0.00304417
0.00020370
0.00230240
-0.00044726
0.00419368
-0.00110606
-0.00226387
0.00057025
-0.00639344
0.00067698
-0.00020042
0.00245533
0.00167517
-0.00047801
0.00098002
0.00039833
0.00015147
-0.00353045
0.00639732
-0.00815077
0.00047046
0.00184859
-0.00137663
-0.00573256
-0.00045147
0.00302045
-0.00565359
-0.00938706
0.00344073
-0.00471892
0.00331378
-0.00314098
-0.00205397
0.00169318
-0.00064337
-0.00150796
-0.00001107
0.00305018
0.00023571
0.00369012
0.00761421
-0.00092393
-0.00181538
0.00259380
-0.00970346
0.00234025
-0.00028553
0.00015311
-0.00011583
0.00347555
0.00420985
-0.00369815
-0.00272724
-0.00067782
-0.00099782
0.00348732
0.00150051
0.00025632
-0.00095326
-0.00172211
-0.00609148
0.00275277
-0.00770685
-0.00214868
0.00085160
0.00626129
0.00601930
-0.00297350
0.00228142
0.00451785
0.00317806
0.00844350
-0.00839785
-0.00237903
0.00036371
0.00076353
0.00096941
0.00402369
0.00031274
0.00444564
-0.00059717
0.00083957
0.00534457
0.00284650
-0.00338821
-0.00025881
0.00113064
-0.00088052
0.00107868
0.00170832
0.00174192
0.00747718
-0.00092530
0.00152830
0.00487791
-0.00017844
0.00172522
-0.00372191
-0.00029376
0.00315344
0.00132071
0.00403266
0.00084056
0.00434268
-0.00018353
0.00269177
-0.00437782
0.00311663
-0.07616477
0.00129961
0.00228928
0.00325535
0.00013411
0.00343324
0.00206004
0.00043096
-0.00025368
-0.00005661
-0.00107242
-0.00067889
-0.00170523
0.00159537
0.00526891
0.00195754
0.00357221
-0.00231793
0.00163217
0.00103081
0.00545723
-0.00204923
-0.00041034
-0.00133278
-0.00014343
0.00347196
-0.00086869
0.00143352
-0.00174370
-0.00193271
-0.00035716
-0.00220984
-0.00020557
-0.00153406
0.00085579
0.00000687
0.00102986
0.00071874
0.00015359
-0.00061315
-0.00018849
-0.00203701
-0.00170290
-0.00202372
0.00243704
-0.00189970
-0.00172477
0.00199295
0.00111039
0.00267141
0.00134715
-0.00154935
0.00083571
0.00111136
-0.00076837
0.00313312
0.00233854
0.00141882
0.00434581
0.00179447
-0.00287894
0.00163577
-0.00196068
0.00049803
-0.04498247
0.00025392
-0.00041972
-0.00050992
-0.00061938
0.00133339
-0.00361217
-0.00235479
-0.00532472
0.00305790
-0.00110758
0.00008676
-0.00083239
0.00022565
0.00163268
0.00204144
-0.00188510
0.00084609
-0.00064037
0.00112128
-0.00126808
0.00242382
-0.00190078
-0.00275223
-0.00008998
0.00065449
-0.00133736
0.00042966
-0.00010166
-0.00016246
0.00000329
0.00000372
0.00247409
-0.00136911
0.00085499
0.00703676
0.00418050
-0.00547594
0.00303757
0.00096460
-0.00121182
-0.00223648
-0.00304476
-0.00021018
-0.00342312
-0.00234606
-0.00088816
0.00181907
-0.00187409
-0.00018967
-0.00304800
-0.00037797
-0.00177914
-0.00050156
-0.00041655
0.00294684
0.00472976
-0.00338765
-0.00230141
0.00108097
0.00307708
0.00005184
0.00288653
-0.00194188
-0.01519613
0.00304739
-0.00067600
-0.00090216
-0.00135127
0.00107428
0.00113389
-0.00390061
0.00165730
-0.00058070
-0.00008251
-0.00480884
-0.00023073
-0.00073949
0.00173853
-0.00021048
0.00282541
-0.00191638
-0.00170846
0.00091358
0.00014445
-0.00400655
0.00016652
0.00065252
0.00256915
0.00185579
-0.00113817
0.00156379
-0.00038921
0.00998238
0.00364799
0.00163294
-0.00179684
0.00705049
0.00128907
0.00315902
0.00085516
0.00392367
0.00360942
0.00079675
0.00068222
-0.00077814
0.00198390
-0.00004397
0.00247661
0.00558664
0.00131041
0.02477685
-0.00191600
0.00055867
-0.00176879
-0.00278110
0.00432688
-0.00281700
0.00306882
0.00271153
-0.00125426
-0.00070100
-0.00017958
-0.00490942
-0.00192384
0.00302699
-0.00040783
0.00024959
-0.09376765
-0.00594090
-0.00300816
0.00344650
0.00086729
-0.00311065
-0.00844825
0.00115111
-0.00019547
0.00151608
-0.00318910
-0.00034823
-0.00011740
-0.00181087
-0.00194697
0.00157476
-0.00181458
-0.00324305
-0.00315214
0.00024144
0.00419231
0.00114250
-0.00033850
0.00066670
-0.00113642
0.00057745
-0.00272392
0.00082633
0.00510596
-0.00154621
0.00527544
0.00059486
0.00533055
-0.00206605
0.00049004
